0.000000	0.000000
4.839569	0.016704
6.040572	0.020742
6.637658	0.022779
8.206457	0.027985
9.332963	0.031680
10.396582	0.035240
13.587332	0.046159
13.828169	0.046987
14.163006	0.048095
15.270886	0.051843
15.463268	0.052500
16.051896	0.054429
16.422976	0.055747
16.845527	0.057164
17.698961	0.059921
18.906413	0.064035
20.245884	0.068464
22.390336	0.075631
24.208273	0.081570
25.502249	0.085797
26.148026	0.087881
26.644252	0.089534
27.589847	0.092798
29.033513	0.097513
29.378571	0.098608
30.258520	0.101501
30.560029	0.102533
30.579839	0.102573
31.623487	0.105919
31.719988	0.106248
33.098560	0.110730
33.766194	0.112898
33.785745	0.112963
33.965865	0.113513
35.202202	0.117480
36.101013	0.120261
36.480318	0.121463
36.622824	0.121908
36.781378	0.122412
38.148365	0.126798
38.217376	0.127045
38.434802	0.127746
38.843904	0.129100
39.381439	0.130831
39.526922	0.131296
41.115849	0.136494
42.062193	0.139509
42.402164	0.140665
43.758766	0.144920
43.886301	0.145344
44.155762	0.146228
44.227201	0.146447
44.549127	0.147473
44.771165	0.148183
44.898868	0.148577
45.185579	0.149493
45.318426	0.149965
45.609025	0.150921
45.992364	0.152197
46.050487	0.152410
46.829693	0.154936
47.815858	0.158086
47.864159	0.158241
48.284680	0.159533
48.452691	0.160102
48.566974	0.160426
49.889664	0.164726
50.297289	0.166081
50.792147	0.167631
51.953872	0.171402
52.053884	0.171688
52.116956	0.171886
52.243598	0.172313
53.094375	0.175102
53.180287	0.175358
53.413816	0.176034
53.636742	0.176757
54.157389	0.178429
54.588602	0.179821
54.614222	0.179913
54.620536	0.179929
54.724530	0.180257
54.781361	0.180430
54.805442	0.180502
54.843027	0.180621
55.636348	0.183193
56.427308	0.185791
56.529437	0.186079
56.565644	0.186192
57.192486	0.188240
57.862034	0.190371
59.293212	0.195031
59.377155	0.195292
59.964889	0.197202
60.312131	0.198396
60.964111	0.200532
61.629770	0.202682
61.656415	0.202755
61.776072	0.203122
61.778668	0.203134
62.193556	0.204431
62.290572	0.204745
62.906452	0.206794
63.146082	0.207594
63.657268	0.209192
63.688979	0.209289
63.822035	0.209732
64.213422	0.211036
65.936463	0.216596
66.720606	0.219078
67.172767	0.220498
68.142459	0.223706
68.189510	0.223865
69.070130	0.226676
69.087620	0.226738
69.092621	0.226755
70.019974	0.229748
70.097703	0.230028
70.294318	0.230671
70.576283	0.231561
70.765728	0.232110
71.181301	0.233497
71.408144	0.234177
71.575955	0.234727
71.643532	0.234957
71.793058	0.235452
71.980788	0.236080
72.332354	0.237329
72.829445	0.239014
73.269810	0.240438
73.305881	0.240555
74.230100	0.243600
74.791488	0.245456
75.295381	0.247206
75.504771	0.247874
75.838349	0.248948
75.902095	0.249137
75.917448	0.249188
76.207100	0.250148
76.227102	0.250195
76.293175	0.250412
76.386692	0.250698
78.310631	0.256890
78.602467	0.257801
78.783810	0.258410
79.744018	0.261528
79.780624	0.261648
80.288898	0.263309
81.168374	0.266182
81.262900	0.266515
81.272409	0.266552
81.865350	0.268499
82.236948	0.269743
82.340712	0.270066
82.518929	0.270648
82.837564	0.271731
84.354383	0.276804
84.355846	0.276811
84.366056	0.276866
84.530271	0.277459
84.594594	0.277668
85.141881	0.279462
85.564560	0.280871
85.610173	0.281024
85.967502	0.282273
86.625677	0.284474
86.717943	0.284794
86.824576	0.285127
87.128413	0.286060
87.207721	0.286319
87.392836	0.286941
87.475193	0.287211
87.546635	0.287461
87.619085	0.287686
87.640124	0.287740
87.778274	0.288186
88.354238	0.290120
88.596551	0.290919
88.650854	0.291116
88.671811	0.291174
88.917263	0.291960
89.202456	0.292915
89.502677	0.293855
89.512811	0.293890
89.517493	0.293904
89.643447	0.294346
89.862244	0.295029
90.073766	0.295754
90.096682	0.295830
90.886057	0.298424
90.909565	0.298505
91.053761	0.298982
91.291967	0.299744
91.298518	0.299775
91.559755	0.300695
91.617851	0.300884
91.660862	0.301023
91.747823	0.301310
91.805349	0.301494
91.893715	0.301761
92.853407	0.304967
92.895465	0.305106
93.411676	0.306817
93.440236	0.306919
93.510916	0.307145
93.662889	0.307674
93.760833	0.308042
94.094344	0.309186
94.169078	0.309398
94.206607	0.309511
94.550889	0.310573
94.721389	0.311164
95.168988	0.312678
95.443867	0.313657
95.936500	0.315304
96.031039	0.315612
96.119769	0.315903
96.131593	0.315945
96.190858	0.316154
96.283036	0.316501
96.355861	0.316736
96.572191	0.317484
96.638966	0.317736
97.499590	0.320579
97.814306	0.321660
97.941698	0.322105
98.200733	0.322947
98.399247	0.323576
98.608733	0.324308
98.854232	0.325163
99.049822	0.325789
99.189701	0.326265
99.249273	0.326468
99.723136	0.328028
99.875899	0.328527
99.905806	0.328622
100.144341	0.329416
100.569003	0.330941
101.259852	0.333316
101.275925	0.333357
101.468206	0.333983
101.572977	0.334334
102.837636	0.338641
104.098224	0.342932
104.167545	0.343170
104.769699	0.345206
104.792633	0.345287
104.897652	0.345661
105.189230	0.346659
105.398461	0.347407
105.405406	0.347415
105.589174	0.348015
105.892641	0.349005
106.200246	0.350072
106.347156	0.350623
106.868299	0.352395
107.322110	0.353901
107.344693	0.353967
107.529464	0.354577
107.816547	0.355576
107.902970	0.355876
107.991755	0.356208
108.582811	0.358276
108.802111	0.359066
109.135178	0.360220
109.315542	0.360827
109.525675	0.361522
109.725522	0.362176
109.899971	0.362736
110.011833	0.363095
110.057132	0.363230
110.075894	0.363288
110.495462	0.364675
110.552655	0.364885
111.059957	0.366734
111.647887	0.368877
111.796655	0.369385
111.842989	0.369534
111.867988	0.369625
111.878015	0.369657
111.985457	0.370070
112.042378	0.370274
112.136136	0.370577
112.169862	0.370717
112.190767	0.370792
112.577232	0.372175
112.769805	0.372889
113.231920	0.374547
113.411707	0.375214
113.479211	0.375477
113.518654	0.375624
113.672102	0.376196
113.901533	0.376886
113.972157	0.377182
114.058397	0.377520
114.064287	0.377542
114.254395	0.378197
114.400060	0.378725
115.178612	0.381497
115.252757	0.381756
115.435881	0.382426
115.626349	0.383103
115.771243	0.383542
116.272212	0.385356
116.279854	0.385383
116.412098	0.385842
117.483068	0.389619
117.558252	0.389895
117.843734	0.390927
118.696991	0.393952
119.005479	0.395012
119.589799	0.396987
119.941348	0.398180
120.091401	0.398673
120.295429	0.399435
120.390559	0.399783
120.499610	0.400165
121.315950	0.403073
121.373538	0.403301
121.928794	0.405244
122.030769	0.405624
122.191688	0.406130
122.622167	0.407699
122.862974	0.408482
123.039920	0.409146
123.157128	0.409565
123.294625	0.410067
123.419582	0.410523
123.565206	0.411061
124.046779	0.412803
124.129947	0.413121
124.540831	0.414652
124.670088	0.415151
125.094482	0.416721
125.179421	0.416992
125.363271	0.417666
125.735669	0.419015
125.957557	0.419753
126.291716	0.420967
126.533636	0.421875
126.637005	0.422309
126.758683	0.422730
127.423068	0.425339
128.241935	0.428371
128.875377	0.430690
129.294628	0.432261
129.356256	0.432491
129.467390	0.432914
129.538318	0.433207
129.651548	0.433652
129.658909	0.433678
130.580905	0.437044
130.799740	0.437805
131.003357	0.438515
131.444603	0.440085
132.290734	0.443170
132.549593	0.444102
132.551103	0.444109
132.951652	0.445599
133.162694	0.446483
133.373863	0.447251
133.403095	0.447369
133.684714	0.448397
133.896333	0.449185
134.019631	0.449641
134.055450	0.449796
134.121046	0.450024
134.212431	0.450354
134.550567	0.451646
134.778446	0.452508
134.976097	0.453299
135.029589	0.453526
135.194956	0.454106
135.228522	0.454229
135.410864	0.454949
135.748262	0.456218
135.775013	0.456327
135.957558	0.457081
136.088294	0.457619
136.180028	0.457993
136.403566	0.458804
136.425451	0.458862
136.757149	0.460210
136.840837	0.460509
136.998054	0.461120
137.157518	0.461743
137.445751	0.462862
137.481847	0.462994
138.398155	0.466536
138.417514	0.466638
138.443142	0.466745
138.720370	0.467770
138.723613	0.467779
139.089049	0.469197
139.102134	0.469263
139.262745	0.469877
139.682913	0.471414
140.002728	0.472613
140.114832	0.473083
140.421767	0.474228
140.786247	0.475652
140.973487	0.476337
141.389910	0.477935
141.398437	0.477970
141.472082	0.478253
141.507880	0.478394
141.530452	0.478472
141.882826	0.479866
141.885743	0.479880
141.960038	0.480187
142.167597	0.480994
142.178398	0.481042
142.370026	0.481782
142.863775	0.483618
142.910479	0.483812
143.171377	0.484894
143.363396	0.485651
143.439248	0.485995
143.608064	0.486651
143.913649	0.487849
143.917705	0.487863
144.109895	0.488647
144.166078	0.488854
144.290514	0.489335
144.304251	0.489384
144.313080	0.489414
144.608777	0.490605
144.635665	0.490725
144.650655	0.490792
144.897921	0.491813
144.996031	0.492145
145.037386	0.492329
145.211516	0.493047
145.562585	0.494415
145.662515	0.494870
146.028489	0.496214
146.214692	0.496950
146.390490	0.497632
146.813371	0.499336
146.822814	0.499375
146.880886	0.499600
147.235141	0.501037
147.572025	0.502432
147.699981	0.502996
147.796412	0.503368
147.968687	0.504040
147.996146	0.504137
148.313661	0.505428
148.524086	0.506290
148.559917	0.506464
148.755119	0.507212
148.791975	0.507336
149.277712	0.509207
149.284189	0.509234
149.483491	0.509992
149.633782	0.510583
149.669389	0.510733
149.732501	0.510989
149.852600	0.511465
149.906589	0.511702
149.952547	0.511871
150.071772	0.512405
150.118106	0.512603
151.172038	0.516792
151.284337	0.517240
151.328772	0.517428
151.462543	0.517948
151.490668	0.518060
151.590410	0.518474
151.905003	0.519727
152.011644	0.520179
152.307204	0.521351
152.568028	0.522423
152.593050	0.522526
152.651553	0.522782
152.874499	0.523726
153.040483	0.524454
153.363297	0.525793
153.708789	0.527297
154.002960	0.528558
154.039084	0.528716
154.387146	0.530157
154.576838	0.530963
154.679241	0.531373
154.717995	0.531513
154.853479	0.532039
154.857699	0.532054
154.949662	0.532410
155.051767	0.532843
155.158811	0.533318
155.342072	0.534128
155.348247	0.534158
155.720522	0.535737
155.864949	0.536323
155.976602	0.536804
156.189156	0.537675
156.208401	0.537763
156.444092	0.538724
156.537644	0.539156
156.593952	0.539406
157.313658	0.542487
157.577088	0.543566
157.632978	0.543792
157.792289	0.544423
157.855076	0.544677
158.334235	0.546765
158.405928	0.547099
158.683401	0.548265
158.805831	0.548795
158.816710	0.548828
158.842354	0.548932
158.849204	0.548973
158.897545	0.549212
158.943609	0.549428
159.167308	0.550277
159.564595	0.551868
159.685095	0.552342
159.696095	0.552408
159.935585	0.553346
159.992835	0.553571
160.213494	0.554545
160.232299	0.554651
160.603388	0.556226
160.652454	0.556418
160.737256	0.556779
160.787045	0.556997
160.835287	0.557203
160.918232	0.557559
161.192296	0.558720
161.261367	0.559029
161.513269	0.560122
161.547444	0.560258
162.015106	0.562251
162.076117	0.562578
162.403561	0.563987
162.678076	0.565238
162.754276	0.565572
162.858722	0.566010
162.898547	0.566158
163.000931	0.566497
163.171260	0.567235
163.457060	0.568456
163.547052	0.568876
163.649021	0.569313
164.103141	0.571344
164.433423	0.572778
164.588446	0.573440
164.606253	0.573514
165.183678	0.576182
165.378037	0.576962
165.611266	0.578037
165.751862	0.578659
165.793063	0.578798
165.831335	0.578953
165.888628	0.579226
165.982470	0.579638
166.258229	0.580866
166.515944	0.582005
166.699378	0.582857
166.833305	0.583469
166.918495	0.583805
166.959952	0.584000
166.978859	0.584111
167.079672	0.584592
167.601892	0.586874
167.903887	0.588238
167.988928	0.588623
168.073294	0.589060
168.683487	0.591672
168.790218	0.592151
169.095267	0.593464
169.384452	0.594779
169.665276	0.596081
169.746226	0.596397
169.897069	0.597113
170.058858	0.597805
170.346420	0.599170
170.732109	0.600834
170.756113	0.600935
170.904683	0.601667
170.962955	0.601952
170.980366	0.602052
171.105523	0.602659
171.418269	0.604093
171.631424	0.604999
171.776290	0.605634
171.903405	0.606237
171.922614	0.606318
172.332159	0.608159
172.341816	0.608203
172.633378	0.609551
172.676185	0.609782
172.707789	0.609965
172.734005	0.610088
172.895186	0.610793
173.067454	0.611527
173.612085	0.613865
173.908529	0.615287
174.092356	0.616127
174.148771	0.616371
174.348278	0.617298
174.376528	0.617440
174.691772	0.618856
174.919779	0.619859
175.471599	0.622512
175.662825	0.623351
175.743208	0.623714
175.877484	0.624310
175.887825	0.624348
176.092571	0.625335
176.277568	0.626222
176.364292	0.626650
176.508619	0.627295
176.531070	0.627414
176.818865	0.628777
176.885641	0.629039
176.948512	0.629378
177.045207	0.629865
177.605979	0.632595
177.630602	0.632715
178.004854	0.634600
178.087276	0.635041
178.268468	0.635906
178.412553	0.636590
178.421177	0.636628
178.907631	0.638944
179.126365	0.639918
179.231186	0.640462
179.412415	0.641421
179.639687	0.642493
180.272223	0.645518
180.323987	0.645756
180.406891	0.646115
180.642873	0.647335
181.132125	0.649594
181.160769	0.649739
181.162977	0.649751
181.249668	0.650156
181.423269	0.651030
181.676323	0.652259
181.812913	0.652956
182.062860	0.654137
182.748330	0.657525
182.862980	0.658126
183.004910	0.658738
183.282777	0.660182
183.346246	0.660498
183.421908	0.660897
183.620091	0.661769
183.627763	0.661797
183.863948	0.662891
184.143442	0.664155
184.250165	0.664630
184.647208	0.666581
184.660596	0.666650
184.686999	0.666780
184.895072	0.667736
185.008624	0.668287
185.062776	0.668569
185.129191	0.668876
185.154393	0.669020
185.427092	0.670280
185.570645	0.670991
185.852646	0.672473
185.895335	0.672672
186.365408	0.674888
186.481957	0.675457
186.483752	0.675465
186.525092	0.675654
186.549522	0.675798
186.945674	0.677629
186.955107	0.677679
187.067574	0.678265
187.439437	0.680084
187.500495	0.680371
187.525135	0.680452
187.620485	0.680919
187.748023	0.681541
188.446318	0.684924
188.881354	0.686936
188.970633	0.687345
189.036663	0.687630
189.125377	0.687988
189.151681	0.688120
189.408426	0.689507
189.566228	0.690315
189.603704	0.690491
189.750744	0.691336
189.930204	0.692296
189.947352	0.692409
189.977021	0.692602
190.008426	0.692773
190.292439	0.694121
190.294877	0.694134
190.351218	0.694447
190.535713	0.695342
190.671146	0.696063
190.699271	0.696204
190.839188	0.696921
191.335336	0.699381
191.432550	0.699837
191.608380	0.700694
191.611759	0.700715
191.846121	0.702061
191.898600	0.702329
191.903148	0.702352
191.936773	0.702500
191.963159	0.702667
192.164941	0.703716
192.284264	0.704315
192.482846	0.705293
192.608913	0.705957
192.626529	0.706033
192.650078	0.706170
192.726642	0.706551
193.239573	0.709278
193.333087	0.709717
193.447339	0.710375
193.514414	0.710711
193.639835	0.711379
193.742606	0.711944
193.774628	0.712090
193.781421	0.712120
194.063666	0.713526
194.151796	0.714005
194.351967	0.715106
194.633429	0.716494
194.908137	0.717783
195.653160	0.721696
195.756538	0.722219
195.874155	0.722846
195.902258	0.723014
195.903333	0.723022
196.043225	0.723801
196.432556	0.725897
196.526149	0.726348
196.640571	0.726878
196.802034	0.727718
196.893389	0.728118
196.904775	0.728177
197.061064	0.729028
197.219597	0.729931
197.288799	0.730254
197.461476	0.731175
197.558550	0.731622
197.647857	0.732060
197.947428	0.733664
198.101779	0.734391
198.209852	0.734921
198.525661	0.736671
198.615039	0.737212
198.682804	0.737534
198.890703	0.738656
198.900954	0.738738
199.171379	0.740183
199.238627	0.740546
199.310245	0.740887
199.484605	0.741851
199.523990	0.742035
200.112120	0.745229
200.394788	0.746780
200.484571	0.747259
200.547495	0.747588
200.696854	0.748319
200.891447	0.749409
200.958389	0.749858
201.073961	0.750533
201.114446	0.750750
201.511671	0.752973
201.568233	0.753311
201.738647	0.754314
202.069905	0.756024
202.091084	0.756133
202.568483	0.758593
202.692546	0.759254
202.794960	0.759849
202.966939	0.760788
203.247061	0.762272
203.392351	0.763041
203.509065	0.763719
203.744674	0.765135
203.780615	0.765336
204.053048	0.766910
204.099108	0.767195
204.127658	0.767350
204.171536	0.767628
204.298635	0.768405
204.313204	0.768492
204.549080	0.769642
204.563005	0.769728
204.698784	0.770473
204.716901	0.770562
204.717445	0.770564
204.757834	0.770734
204.962530	0.771828
205.005927	0.772105
205.642366	0.775564
205.908734	0.777069
205.993014	0.777501
206.074113	0.777920
206.084205	0.777981
206.412120	0.779697
206.493086	0.780101
206.573114	0.780469
206.742928	0.781372
206.754213	0.781445
207.289012	0.784322
207.412675	0.785014
207.578880	0.785860
207.736931	0.786748
207.811991	0.787179
207.869201	0.787455
207.944050	0.787795
208.133536	0.788796
208.137673	0.788815
208.253278	0.789492
208.278985	0.789627
208.291563	0.789696
208.796177	0.792492
208.868255	0.792866
209.111022	0.794183
209.259373	0.794973
209.429713	0.795942
209.633931	0.797111
209.694273	0.797445
209.700338	0.797474
210.046373	0.799428
210.152522	0.799980
210.518703	0.801946
210.866191	0.803847
210.878510	0.803933
211.014142	0.804685
211.369525	0.806670
211.543913	0.807620
211.593883	0.807873
211.857255	0.809278
211.858070	0.809283
211.959124	0.809879
212.032001	0.810237
212.406114	0.812433
212.487066	0.812888
212.633314	0.813686
212.723876	0.814200
212.825451	0.814793
213.297107	0.817362
213.306121	0.817427
213.326128	0.817574
213.457924	0.818390
213.493068	0.818584
213.888013	0.820836
213.975854	0.821326
213.988835	0.821404
214.310657	0.823149
214.311735	0.823155
214.406405	0.823700
214.409901	0.823716
214.455864	0.823939
214.804857	0.825966
215.021217	0.827105
215.119875	0.827699
215.128332	0.827744
215.170771	0.827989
215.371475	0.829051
215.428447	0.829318
215.479615	0.829600
215.481905	0.829614
215.586279	0.830219
216.059280	0.832841
216.167787	0.833298
216.170151	0.833312
216.327019	0.834162
216.495578	0.835070
216.552166	0.835396
216.689670	0.836134
216.801216	0.836692
216.928932	0.837407
217.059315	0.838124
217.595453	0.841100
217.627854	0.841286
217.896793	0.842780
217.914118	0.842903
217.970211	0.843253
218.055654	0.843704
218.112265	0.843991
218.362096	0.845388
218.475205	0.846006
218.582357	0.846562
218.637918	0.846904
218.679205	0.847129
218.718872	0.847339
218.772908	0.847569
219.165512	0.849644
219.189549	0.849765
219.228947	0.849978
219.255455	0.850106
219.365284	0.850670
219.512527	0.851460
219.546169	0.851627
219.818513	0.852861
220.009281	0.853914
220.091827	0.854361
220.354956	0.855677
220.372865	0.855740
220.394834	0.855829
220.434212	0.856017
220.478706	0.856209
220.515209	0.856388
220.682122	0.857288
220.716645	0.857508
220.773283	0.857786
220.816313	0.857978
220.957509	0.858678
221.082917	0.859294
221.323887	0.860621
221.634969	0.862252
221.716575	0.862625
221.815478	0.863124
221.827059	0.863187
221.849847	0.863295
222.102251	0.864622
222.163166	0.864931
222.269433	0.865476
222.479889	0.866534
222.651267	0.867429
222.670877	0.867532
222.686650	0.867622
222.974590	0.869078
222.989064	0.869146
223.091786	0.869718
223.392899	0.871237
223.769447	0.872961
223.851900	0.873399
224.274308	0.875518
224.594413	0.877140
224.607937	0.877208
224.851346	0.878547
225.117021	0.879916
225.139090	0.880032
225.243574	0.880527
225.582595	0.882185
225.783189	0.883195
225.830478	0.883437
226.172236	0.885106
226.295427	0.885696
226.450148	0.886451
226.460054	0.886498
226.699560	0.887688
226.978441	0.889049
226.997888	0.889160
227.043658	0.889385
227.315907	0.890681
227.324808	0.890721
227.382017	0.890989
227.436421	0.891250
227.587573	0.891937
228.059074	0.894294
228.241900	0.895118
228.322613	0.895551
228.448885	0.896165
228.473454	0.896282
228.565330	0.896694
228.576149	0.896747
228.652922	0.897077
228.705847	0.897315
229.116762	0.899120
