0.000000	0.010000
0.012161	0.009886
0.019665	0.009815
0.025497	0.009758
0.029347	0.009722
0.033268	0.009686
0.033330	0.009685
0.034423	0.009675
0.036790	0.009653
0.036965	0.009651
0.058378	0.009451
0.061459	0.009422
0.063002	0.009408
0.063625	0.009402
0.065400	0.009386
0.068672	0.009356
0.070122	0.009342
0.075894	0.009289
0.077316	0.009276
0.077416	0.009275
0.077870	0.009270
0.080012	0.009250
0.083064	0.009222
0.083406	0.009218
0.083413	0.009218
0.086006	0.009194
0.089922	0.009157
0.091043	0.009147
0.094249	0.009117
0.094389	0.009115
0.096296	0.009098
0.096587	0.009095
0.105343	0.009015
0.107563	0.008995
0.108187	0.008989
0.108505	0.008986
0.111744	0.008957
0.111886	0.008956
0.114296	0.008935
0.114784	0.008930
0.116108	0.008918
0.116974	0.008910
0.117057	0.008910
0.118594	0.008896
0.122818	0.008858
0.123720	0.008851
0.127849	0.008814
0.132500	0.008772
0.134988	0.008751
0.135356	0.008748
0.135680	0.008745
0.137220	0.008730
0.140019	0.008705
0.140897	0.008698
0.144020	0.008671
0.144302	0.008668
0.144756	0.008664
0.146815	0.008646
0.150967	0.008610
0.152588	0.008595
0.155294	0.008572
0.156074	0.008564
0.156111	0.008564
0.157505	0.008553
0.158848	0.008541
0.159391	0.008536
0.160127	0.008530
0.160942	0.008523
0.160955	0.008522
0.161055	0.008522
0.162395	0.008510
0.163274	0.008502
0.165166	0.008485
0.166761	0.008472
0.168486	0.008457
0.168821	0.008454
0.169592	0.008447
0.173910	0.008411
0.174174	0.008409
0.175362	0.008398
0.177957	0.008377
0.178046	0.008376
0.179116	0.008367
0.181448	0.008347
0.184554	0.008321
0.186914	0.008301
0.188608	0.008287
0.189229	0.008281
0.189427	0.008279
0.189797	0.008276
0.190829	0.008267
0.191378	0.008262
0.192849	0.008250
0.194870	0.008233
0.195724	0.008226
0.196934	0.008216
0.197689	0.008210
0.197879	0.008208
0.199899	0.008191
0.200787	0.008184
0.202967	0.008166
0.204410	0.008154
0.206842	0.008133
0.206908	0.008133
0.207217	0.008130
0.208107	0.008123
0.208769	0.008117
0.209150	0.008114
0.209241	0.008113
0.210602	0.008102
0.213423	0.008079
0.213753	0.008076
0.217308	0.008047
0.217491	0.008045
0.217981	0.008041
0.218872	0.008034
0.219737	0.008027
0.222360	0.008006
0.223393	0.007998
0.224027	0.007993
0.224232	0.007991
0.224833	0.007986
0.227290	0.007967
0.227555	0.007965
0.227735	0.007963
0.227859	0.007962
0.228545	0.007956
0.229209	0.007951
0.229228	0.007951
0.229245	0.007950
0.229404	0.007949
0.230285	0.007942
0.230802	0.007938
0.232502	0.007924
0.232696	0.007923
0.232778	0.007922
0.232897	0.007921
0.233853	0.007913
0.235427	0.007900
0.236048	0.007895
0.236308	0.007893
0.236691	0.007890
0.238999	0.007872
0.240938	0.007856
0.241046	0.007855
0.241138	0.007855
0.241602	0.007851
0.242375	0.007845
0.243229	0.007838
0.243870	0.007833
0.244289	0.007830
0.247710	0.007802
0.249336	0.007790
0.249987	0.007785
0.250901	0.007778
0.251482	0.007773
0.252654	0.007764
0.254639	0.007747
0.256500	0.007733
0.256634	0.007732
0.259157	0.007713
0.260195	0.007705
0.261005	0.007699
0.262547	0.007687
0.263569	0.007679
0.263967	0.007676
0.264014	0.007675
0.265070	0.007667
0.265264	0.007666
0.265889	0.007661
0.265984	0.007660
0.267056	0.007652
0.270140	0.007629
0.270307	0.007627
0.270691	0.007624
0.272173	0.007614
0.272809	0.007609
0.276642	0.007580
0.276736	0.007579
0.277261	0.007575
0.277667	0.007573
0.278218	0.007569
0.278309	0.007568
0.278798	0.007564
0.279475	0.007559
0.279900	0.007556
0.280945	0.007548
0.281984	0.007540
0.282452	0.007537
0.282590	0.007536
0.283144	0.007532
0.283443	0.007530
0.283500	0.007530
0.283510	0.007530
0.285395	0.007516
0.286483	0.007508
0.287601	0.007499
0.289670	0.007484
0.291680	0.007469
0.292081	0.007466
0.292145	0.007466
0.292595	0.007463
0.293790	0.007453
0.296280	0.007434
0.297287	0.007427
0.298262	0.007420
0.298297	0.007420
0.301413	0.007397
0.301816	0.007394
0.301879	0.007394
0.302290	0.007391
0.302298	0.007391
0.302408	0.007390
0.302561	0.007389
0.303711	0.007380
0.304149	0.007377
0.304216	0.007377
0.305891	0.007365
0.306693	0.007359
0.306812	0.007358
0.307954	0.007350
0.309087	0.007341
0.309330	0.007340
0.311142	0.007327
0.311896	0.007322
0.312771	0.007315
0.312941	0.007314
0.313932	0.007307
0.314211	0.007305
0.315587	0.007296
0.315687	0.007295
0.316597	0.007288
0.317180	0.007284
0.318240	0.007276
0.320716	0.007258
0.320911	0.007257
0.321575	0.007252
0.322055	0.007249
0.324028	0.007234
0.324765	0.007230
0.324824	0.007229
0.326130	0.007220
0.326440	0.007217
0.326727	0.007215
0.327057	0.007213
0.329756	0.007194
0.330583	0.007188
0.331588	0.007181
0.333859	0.007165
0.334554	0.007160
0.335491	0.007153
0.336202	0.007149
0.336463	0.007147
0.337922	0.007137
0.337973	0.007136
0.339151	0.007128
0.341684	0.007110
0.341986	0.007108
0.343546	0.007098
0.344324	0.007092
0.344546	0.007091
0.346585	0.007078
0.347353	0.007073
0.349551	0.007058
0.349593	0.007057
0.355605	0.007017
0.355958	0.007015
0.356313	0.007013
0.356576	0.007011
0.357050	0.007008
0.357365	0.007005
0.357421	0.007005
0.358267	0.007000
0.359669	0.006990
0.359849	0.006989
0.362171	0.006974
0.364356	0.006960
0.364568	0.006958
0.365780	0.006950
0.369283	0.006928
0.370649	0.006919
0.370884	0.006918
0.371732	0.006912
0.372389	0.006908
0.372559	0.006907
0.372610	0.006906
0.372739	0.006906
0.373232	0.006903
0.373268	0.006903
0.373372	0.006902
0.374042	0.006897
0.374227	0.006896
0.374752	0.006892
0.375056	0.006890
0.376701	0.006880
0.377210	0.006877
0.377328	0.006876
0.377822	0.006873
0.378226	0.006870
0.378231	0.006870
0.379148	0.006864
0.379383	0.006863
0.379401	0.006862
0.379881	0.006859
0.381046	0.006852
0.382668	0.006841
0.382932	0.006840
0.383900	0.006834
0.384337	0.006831
0.384694	0.006829
0.385525	0.006823
0.386449	0.006817
0.386804	0.006816
0.387026	0.006814
0.387612	0.006811
0.391255	0.006788
0.391911	0.006784
0.392614	0.006779
0.393241	0.006776
0.393473	0.006774
0.393732	0.006772
0.393999	0.006771
0.394195	0.006769
0.394689	0.006766
0.395050	0.006763
0.395531	0.006761
0.396870	0.006752
0.399192	0.006737
0.399208	0.006737
0.400521	0.006729
0.400989	0.006726
0.401555	0.006722
0.402079	0.006719
0.403020	0.006714
0.403209	0.006712
0.403490	0.006710
0.403663	0.006709
0.404042	0.006707
0.406017	0.006695
0.406113	0.006695
0.406231	0.006694
0.406968	0.006689
0.407655	0.006685
0.408085	0.006683
0.409109	0.006676
0.409490	0.006674
0.410443	0.006668
0.413575	0.006649
0.415322	0.006639
0.415419	0.006639
0.417301	0.006627
0.419086	0.006617
0.419411	0.006615
0.420368	0.006609
0.420469	0.006609
0.420748	0.006607
0.421744	0.006601
0.423154	0.006593
0.423354	0.006592
0.424740	0.006584
0.425350	0.006581
0.426182	0.006576
0.426267	0.006576
0.426299	0.006576
0.428025	0.006565
0.428782	0.006561
0.429160	0.006559
0.429960	0.006554
0.431110	0.006548
0.431308	0.006546
0.432926	0.006537
0.434149	0.006530
0.435690	0.006521
0.436461	0.006517
0.439246	0.006501
0.439823	0.006497
0.440317	0.006494
0.441435	0.006487
0.441470	0.006487
0.442628	0.006480
0.442899	0.006479
0.443516	0.006475
0.444300	0.006471
0.444768	0.006468
0.445266	0.006466
0.445309	0.006465
0.446287	0.006460
0.447345	0.006453
0.448405	0.006448
0.450432	0.006436
0.451029	0.006432
0.451138	0.006432
0.453606	0.006418
0.454406	0.006413
0.457107	0.006399
0.461200	0.006376
0.461861	0.006372
0.462300	0.006370
0.465964	0.006350
0.466234	0.006348
0.466732	0.006346
0.467897	0.006339
0.468410	0.006336
0.468498	0.006336
0.468801	0.006334
0.469182	0.006332
0.469242	0.006332
0.469349	0.006331
0.470798	0.006323
0.471276	0.006321
0.471849	0.006318
0.471923	0.006317
0.472492	0.006314
0.474274	0.006305
0.474852	0.006302
0.475264	0.006300
0.475287	0.006299
0.477040	0.006289
0.477527	0.006287
0.477550	0.006287
0.477639	0.006286
0.478744	0.006281
0.479082	0.006279
0.479570	0.006276
0.479910	0.006275
0.480675	0.006271
0.480811	0.006270
0.482856	0.006259
0.483909	0.006253
0.484975	0.006247
0.485434	0.006245
0.486026	0.006242
0.487813	0.006232
0.488207	0.006230
0.488505	0.006228
0.489220	0.006225
0.489586	0.006223
0.490532	0.006218
0.490761	0.006217
0.494929	0.006195
0.495525	0.006192
0.499213	0.006172
0.499554	0.006170
0.500713	0.006165
0.501298	0.006162
0.502946	0.006154
0.503924	0.006149
0.504046	0.006148
0.504425	0.006147
0.505675	0.006140
0.505936	0.006139
0.506543	0.006136
0.507129	0.006133
0.507625	0.006130
0.508274	0.006127
0.509266	0.006122
0.509482	0.006121
0.511050	0.006113
0.511367	0.006112
0.511889	0.006109
0.514078	0.006098
0.517499	0.006082
0.517544	0.006081
0.517702	0.006080
0.518274	0.006078
0.518404	0.006077
0.519452	0.006072
0.520349	0.006068
0.520389	0.006068
0.520878	0.006065
0.522854	0.006055
0.522960	0.006055
0.523002	0.006054
0.523042	0.006054
0.523276	0.006053
0.523454	0.006053
0.525271	0.006044
0.525963	0.006040
0.526233	0.006039
0.526734	0.006037
0.529155	0.006024
0.529662	0.006022
0.530042	0.006020
0.530110	0.006020
0.531178	0.006015
0.531553	0.006013
0.532671	0.006008
0.532789	0.006008
0.534805	0.005999
0.534848	0.005999
0.534862	0.005999
0.535199	0.005997
0.535410	0.005996
0.535839	0.005994
0.536318	0.005991
0.536715	0.005990
0.536979	0.005989
0.537044	0.005988
0.537068	0.005988
0.538275	0.005983
0.538523	0.005981
0.539301	0.005978
0.539394	0.005977
0.540336	0.005973
0.542522	0.005962
0.542544	0.005962
0.543322	0.005958
0.543735	0.005956
0.543777	0.005956
0.544195	0.005954
0.544639	0.005952
0.545075	0.005950
0.545108	0.005950
0.545958	0.005946
0.546390	0.005944
0.546473	0.005944
0.547677	0.005938
0.548348	0.005935
0.550457	0.005925
0.551790	0.005919
0.552070	0.005918
0.552300	0.005917
0.553756	0.005910
0.555361	0.005902
0.555599	0.005901
0.555644	0.005900
0.556508	0.005896
0.556831	0.005895
0.557316	0.005893
0.558078	0.005889
0.558588	0.005887
0.558682	0.005886
0.559026	0.005884
0.559507	0.005882
0.560969	0.005876
0.561900	0.005872
0.563447	0.005865
0.563746	0.005863
0.563861	0.005863
0.566912	0.005850
0.568607	0.005842
0.569641	0.005838
0.569812	0.005837
0.570638	0.005834
0.570707	0.005833
0.570792	0.005833
0.572327	0.005826
0.572715	0.005824
0.573760	0.005819
0.574062	0.005818
0.575012	0.005814
0.575523	0.005812
0.576065	0.005810
0.576623	0.005807
0.576912	0.005806
0.577810	0.005802
0.578025	0.005801
0.578043	0.005801
0.580253	0.005791
0.580460	0.005791
0.581268	0.005787
0.581494	0.005786
0.582158	0.005783
0.583390	0.005778
0.584608	0.005773
0.585773	0.005768
0.587149	0.005762
0.588782	0.005755
0.589158	0.005754
0.589213	0.005753
0.589871	0.005750
0.589929	0.005750
0.591668	0.005743
0.593812	0.005735
0.593885	0.005734
0.594963	0.005730
0.595592	0.005727
0.595975	0.005726
0.596034	0.005725
0.596157	0.005725
0.596220	0.005725
0.596606	0.005723
0.596734	0.005723
0.596988	0.005722
0.597744	0.005718
0.599152	0.005713
0.599868	0.005709
0.600099	0.005708
0.600184	0.005708
0.601280	0.005703
0.602028	0.005700
0.602306	0.005699
0.602836	0.005697
0.602883	0.005697
0.603103	0.005696
0.603286	0.005695
0.603492	0.005694
0.603753	0.005693
0.604762	0.005689
0.605277	0.005687
0.605566	0.005686
0.605941	0.005684
0.606857	0.005680
0.607945	0.005676
0.609687	0.005669
0.610447	0.005666
0.614469	0.005649
0.615265	0.005646
0.615538	0.005645
0.615946	0.005644
0.617123	0.005639
0.617213	0.005639
0.617506	0.005637
0.617632	0.005637
0.618700	0.005633
0.619529	0.005630
0.619946	0.005628
0.619979	0.005628
0.620221	0.005627
0.620569	0.005626
0.622994	0.005617
0.623103	0.005617
0.623331	0.005616
0.624407	0.005612
0.624725	0.005611
0.625508	0.005608
0.625551	0.005608
0.626463	0.005604
0.627682	0.005600
0.628569	0.005596
0.629757	0.005592
0.631365	0.005585
0.632090	0.005582
0.634239	0.005574
0.634369	0.005573
0.634468	0.005573
0.634899	0.005571
0.635010	0.005570
0.635493	0.005569
0.635608	0.005568
0.635820	0.005567
0.636016	0.005567
0.636526	0.005565
0.636544	0.005565
0.636579	0.005565
0.636877	0.005564
0.637215	0.005562
0.637963	0.005559
0.638710	0.005557
0.639650	0.005553
0.641118	0.005547
0.641270	0.005546
0.642180	0.005543
0.643852	0.005536
0.644090	0.005535
0.644903	0.005532
0.646116	0.005527
0.646470	0.005526
0.647794	0.005521
0.648105	0.005520
0.648588	0.005518
0.649409	0.005516
0.649974	0.005513
0.651489	0.005508
0.653436	0.005500
0.656504	0.005489
0.656519	0.005489
0.657417	0.005486
0.657783	0.005484
0.658310	0.005482
0.658491	0.005481
0.658644	0.005481
0.658681	0.005481
0.659847	0.005476
0.661234	0.005471
0.661300	0.005471
0.663040	0.005465
0.663963	0.005461
0.665101	0.005457
0.665111	0.005457
0.666870	0.005451
0.666948	0.005450
0.667628	0.005448
0.667734	0.005447
0.669349	0.005441
0.669938	0.005439
0.670383	0.005438
0.671267	0.005435
0.671500	0.005434
0.675191	0.005421
0.675276	0.005420
0.676516	0.005416
0.676525	0.005415
0.676833	0.005414
0.677137	0.005413
0.677260	0.005413
0.678306	0.005409
0.678532	0.005409
0.678843	0.005408
0.679356	0.005406
0.680324	0.005402
0.681139	0.005399
0.681550	0.005398
0.683657	0.005390
0.685824	0.005382
0.686131	0.005381
0.686348	0.005381
0.686537	0.005380
0.686603	0.005380
0.687313	0.005377
0.687505	0.005377
0.688168	0.005374
0.688479	0.005373
0.689848	0.005369
0.689988	0.005368
0.692250	0.005361
0.693306	0.005357
0.694629	0.005352
0.694739	0.005352
0.695115	0.005351
0.696126	0.005348
0.697467	0.005343
0.697598	0.005343
0.698340	0.005340
0.698687	0.005339
0.699912	0.005335
0.700183	0.005334
0.700812	0.005332
0.700968	0.005331
0.701158	0.005330
0.701625	0.005329
0.703555	0.005322
0.704297	0.005319
0.705395	0.005315
0.706471	0.005312
0.707727	0.005308
0.708034	0.005307
0.709226	0.005302
0.709451	0.005302
0.710293	0.005299
0.710436	0.005298
0.711079	0.005296
0.712801	0.005290
0.712991	0.005289
0.713241	0.005288
0.714344	0.005285
0.714523	0.005284
0.714773	0.005284
0.716464	0.005278
0.716695	0.005277
0.719127	0.005268
0.719357	0.005268
0.720073	0.005265
0.720290	0.005265
0.720300	0.005265
0.720426	0.005264
0.722399	0.005257
0.722810	0.005256
0.722844	0.005255
0.723861	0.005252
0.724517	0.005250
0.725148	0.005248
0.725869	0.005246
0.726222	0.005245
0.727136	0.005242
0.727531	0.005241
0.728700	0.005237
0.728891	0.005236
0.729063	0.005236
0.729616	0.005234
0.730399	0.005232
0.731301	0.005229
0.731413	0.005228
0.731986	0.005226
0.734113	0.005219
0.734438	0.005218
0.734485	0.005218
0.736846	0.005211
0.736993	0.005210
0.737210	0.005209
0.738167	0.005206
0.738854	0.005204
0.739770	0.005201
0.739869	0.005201
0.740178	0.005200
0.740934	0.005197
0.742256	0.005193
0.742622	0.005191
0.743313	0.005190
0.743691	0.005188
0.743840	0.005188
0.746045	0.005181
0.747696	0.005176
0.748375	0.005173
0.748781	0.005172
0.749394	0.005170
0.749695	0.005169
0.750012	0.005168
0.751862	0.005162
0.753072	0.005158
0.754317	0.005154
0.754800	0.005153
0.754860	0.005153
0.757075	0.005146
0.757207	0.005146
0.758164	0.005142
0.758654	0.005141
0.760272	0.005136
0.761098	0.005133
0.763147	0.005126
0.763170	0.005126
0.763563	0.005125
0.763870	0.005124
0.765200	0.005120
0.765481	0.005120
0.766560	0.005116
0.767070	0.005115
0.767100	0.005114
0.767569	0.005113
0.768009	0.005112
0.768222	0.005111
0.769608	0.005107
0.770582	0.005104
0.771050	0.005103
0.773104	0.005096
0.773317	0.005095
0.773852	0.005094
0.775766	0.005088
0.776111	0.005087
0.776636	0.005086
0.777281	0.005084
0.778633	0.005080
0.778935	0.005079
0.779053	0.005078
0.780578	0.005073
0.781756	0.005070
0.781986	0.005069
0.782150	0.005068
0.783160	0.005066
0.785205	0.005059
0.785482	0.005059
0.785490	0.005059
0.785506	0.005059
0.786320	0.005056
0.786677	0.005055
0.787094	0.005054
0.787946	0.005051
0.788006	0.005051
0.788342	0.005050
0.788509	0.005050
0.789628	0.005046
0.790159	0.005045
0.792260	0.005038
0.792860	0.005036
0.793178	0.005035
0.793585	0.005034
0.795890	0.005027
0.795997	0.005027
0.796813	0.005024
0.797116	0.005023
0.798876	0.005018
0.799495	0.005016
0.799687	0.005016
0.801476	0.005010
0.802411	0.005008
0.803800	0.005004
0.804226	0.005002
0.805261	0.004999
0.805684	0.004998
0.805734	0.004998
0.808471	0.004989
0.808716	0.004988
0.810509	0.004984
0.811074	0.004982
0.813149	0.004976
0.813177	0.004976
0.814706	0.004971
0.815277	0.004969
0.815365	0.004969
0.815945	0.004967
0.816097	0.004967
0.816691	0.004965
0.816697	0.004965
0.816803	0.004965
0.816852	0.004965
0.816961	0.004964
0.817147	0.004964
0.817656	0.004962
0.818170	0.004961
0.818237	0.004961
0.818639	0.004960
0.819491	0.004957
0.819579	0.004957
0.820586	0.004954
0.821074	0.004953
0.821216	0.004952
0.821555	0.004951
0.821806	0.004951
0.822241	0.004949
0.822947	0.004947
0.823605	0.004945
0.825444	0.004939
0.825604	0.004939
0.829526	0.004927
0.829601	0.004927
0.830988	0.004923
0.831530	0.004921
0.833071	0.004917
0.833787	0.004914
0.834581	0.004912
0.834623	0.004912
0.835102	0.004910
0.835783	0.004908
0.836344	0.004907
0.837203	0.004904
0.837613	0.004903
0.838092	0.004902
0.838589	0.004900
0.838921	0.004899
0.839531	0.004898
0.841577	0.004891
0.843688	0.004885
0.844086	0.004884
0.847091	0.004875
0.848187	0.004872
0.848898	0.004870
0.849283	0.004868
0.850789	0.004864
0.850988	0.004863
0.851943	0.004860
0.852658	0.004858
0.853652	0.004855
0.853774	0.004854
0.854181	0.004853
0.855617	0.004849
0.856648	0.004845
0.858844	0.004839
0.859640	0.004836
0.861064	0.004832
0.862292	0.004828
0.862711	0.004827
0.863098	0.004825
0.863872	0.004823
0.863944	0.004823
0.864851	0.004820
0.865170	0.004819
0.865956	0.004817
0.867157	0.004813
0.867196	0.004813
0.867361	0.004812
0.868396	0.004809
0.869460	0.004806
0.871920	0.004799
0.872279	0.004798
0.872357	0.004798
0.873239	0.004794
0.873513	0.004794
0.874739	0.004790
0.875085	0.004789
0.875455	0.004788
0.876025	0.004786
0.876384	0.004785
0.876911	0.004783
0.877004	0.004783
0.878202	0.004779
0.878242	0.004779
0.879130	0.004777
0.879810	0.004774
0.882759	0.004765
0.883734	0.004762
0.883951	0.004762
0.884989	0.004758
0.885004	0.004758
0.885034	0.004758
0.885956	0.004755
0.886874	0.004753
0.886978	0.004752
0.888024	0.004749
0.888090	0.004749
0.888274	0.004748
0.889260	0.004745
0.889674	0.004743
0.891206	0.004739
0.891878	0.004736
0.892614	0.004734
0.895683	0.004723
0.896724	0.004720
0.898987	0.004713
0.899662	0.004710
