0.000000	8.0785
0.016704	7.943555
0.020742	7.910935
0.022779	7.894484
0.027985	7.852421
0.031680	7.822575
0.035240	7.793814
0.046159	7.705602
0.046987	7.698919
0.048095	7.689961
0.051843	7.659684
0.052500	7.654381
0.054429	7.638799
0.055747	7.628148
0.057164	7.616703
0.059921	7.594427
0.064035	7.561196
0.068464	7.525415
0.075631	7.467515
0.081570	7.419539
0.085797	7.385386
0.087881	7.368555
0.089534	7.355201
0.092798	7.328833
0.097513	7.290740
0.098608	7.281892
0.101501	7.258521
0.102533	7.250190
0.102573	7.249867
0.105919	7.222829
0.106248	7.220179
0.110730	7.183969
0.112898	7.166456
0.112963	7.165924
0.113513	7.161485
0.117480	7.129442
0.120261	7.106974
0.121463	7.097259
0.121908	7.093666
0.122412	7.089597
0.126798	7.054163
0.127045	7.052165
0.127746	7.046504
0.129100	7.035569
0.130831	7.021580
0.131296	7.017829
0.136494	6.975833
0.139509	6.951479
0.140665	6.942137
0.144920	6.907764
0.145344	6.904341
0.146228	6.897197
0.146447	6.895429
0.147473	6.887141
0.148183	6.881401
0.148577	6.878221
0.149493	6.870824
0.149965	6.867008
0.150921	6.859282
0.152197	6.848978
0.152410	6.847254
0.154936	6.826846
0.158086	6.801399
0.158241	6.800152
0.159533	6.789716
0.160102	6.785115
0.160426	6.782501
0.164726	6.747765
0.166081	6.736818
0.167631	6.724292
0.171402	6.693829
0.171688	6.691521
0.171886	6.689921
0.172313	6.686472
0.175102	6.663939
0.175358	6.661873
0.176034	6.656411
0.176757	6.650567
0.178429	6.637063
0.179821	6.625816
0.179913	6.625070
0.179929	6.624940
0.180257	6.622296
0.180430	6.620894
0.180502	6.620314
0.180621	6.619354
0.183193	6.598577
0.185791	6.577585
0.186079	6.575258
0.186192	6.574347
0.188240	6.557803
0.190371	6.540587
0.195031	6.502942
0.195292	6.500833
0.197202	6.485402
0.198396	6.475761
0.200532	6.458501
0.202682	6.441132
0.202755	6.440547
0.203122	6.437577
0.203134	6.437483
0.204431	6.427005
0.204745	6.424470
0.206794	6.407915
0.207594	6.401449
0.209192	6.388543
0.209289	6.387761
0.209732	6.384177
0.211036	6.373647
0.216596	6.328726
0.219078	6.308681
0.220498	6.297206
0.223706	6.271291
0.223865	6.270005
0.226676	6.247302
0.226738	6.246795
0.226755	6.246658
0.229748	6.222484
0.230028	6.220221
0.230671	6.215024
0.231561	6.207838
0.232110	6.203399
0.233497	6.192197
0.234177	6.186700
0.234727	6.182256
0.234957	6.180402
0.235452	6.176400
0.236080	6.171326
0.237329	6.161235
0.239014	6.147622
0.240438	6.136125
0.240555	6.135178
0.243600	6.110581
0.245456	6.095586
0.247206	6.081446
0.247874	6.076048
0.248948	6.067374
0.249137	6.065849
0.249188	6.065431
0.250148	6.057682
0.250195	6.057296
0.250412	6.055546
0.250698	6.053238
0.256890	6.003214
0.257801	5.995855
0.258410	5.990932
0.261528	5.965746
0.261648	5.964780
0.263309	5.951360
0.266182	5.928150
0.266515	5.925455
0.266552	5.925159
0.268499	5.909432
0.269743	5.899385
0.270066	5.896769
0.270648	5.892070
0.271731	5.883320
0.276804	5.842338
0.276811	5.842280
0.276866	5.841836
0.277459	5.837046
0.277668	5.835361
0.279462	5.820863
0.280871	5.809482
0.281024	5.808244
0.282273	5.798160
0.284474	5.780380
0.284794	5.777793
0.285127	5.775102
0.286060	5.767562
0.286319	5.765470
0.286941	5.760444
0.287211	5.758269
0.287461	5.756242
0.287686	5.754427
0.287740	5.753996
0.288186	5.750389
0.290120	5.734765
0.290919	5.728312
0.291116	5.726721
0.291174	5.726248
0.291960	5.719904
0.292915	5.712183
0.293855	5.704591
0.293890	5.704308
0.293904	5.704194
0.294346	5.700627
0.295029	5.695111
0.295754	5.689250
0.295830	5.688637
0.298424	5.667680
0.298505	5.667030
0.298982	5.663177
0.299744	5.657015
0.299775	5.656764
0.300695	5.649337
0.300884	5.647811
0.301023	5.646686
0.301310	5.644371
0.301494	5.642879
0.301761	5.640727
0.304967	5.614823
0.305106	5.613700
0.306817	5.599878
0.306919	5.599053
0.307145	5.597232
0.307674	5.592960
0.308042	5.589986
0.309186	5.580737
0.309398	5.579029
0.309511	5.578113
0.310573	5.569537
0.311164	5.564764
0.312678	5.552527
0.313657	5.544618
0.315304	5.531315
0.315612	5.528828
0.315903	5.526477
0.315945	5.526137
0.316154	5.524448
0.316501	5.521649
0.316736	5.519751
0.317484	5.513708
0.317736	5.511667
0.320579	5.488699
0.321660	5.479968
0.322105	5.476373
0.322947	5.469576
0.323576	5.464491
0.324308	5.458579
0.325163	5.451674
0.325789	5.446612
0.326265	5.442764
0.326468	5.441132
0.328028	5.428528
0.328527	5.424494
0.328622	5.423727
0.329416	5.417316
0.330941	5.404995
0.333316	5.385806
0.333357	5.385478
0.333983	5.380417
0.334334	5.377583
0.338641	5.342786
0.342932	5.308123
0.343170	5.306199
0.345206	5.289752
0.345287	5.289098
0.345661	5.286077
0.346659	5.278016
0.347407	5.271972
0.347415	5.271905
0.348015	5.267058
0.349005	5.259064
0.350072	5.250444
0.350623	5.245989
0.352395	5.231675
0.353901	5.219511
0.353967	5.218978
0.354577	5.214048
0.355576	5.205982
0.355876	5.203555
0.356208	5.200875
0.358276	5.184168
0.359066	5.177786
0.360220	5.168463
0.360827	5.163556
0.361522	5.157948
0.362176	5.152658
0.362736	5.148134
0.363095	5.145239
0.363230	5.144143
0.363288	5.143678
0.364675	5.132476
0.364885	5.130778
0.366734	5.115843
0.368877	5.098527
0.369385	5.094424
0.369534	5.093216
0.369625	5.092483
0.369657	5.092225
0.370070	5.088893
0.370274	5.087243
0.370577	5.084796
0.370717	5.083659
0.370792	5.083055
0.372175	5.071888
0.372889	5.066115
0.374547	5.052723
0.375214	5.047331
0.375477	5.045208
0.375624	5.044023
0.376196	5.039404
0.376886	5.033824
0.377182	5.031434
0.377520	5.028701
0.377542	5.028528
0.378197	5.023235
0.378725	5.018971
0.381497	4.996578
0.381756	4.994481
0.382426	4.989068
0.383103	4.983602
0.383542	4.980058
0.385356	4.965398
0.385383	4.965180
0.385842	4.961477
0.389619	4.930961
0.389895	4.928735
0.390927	4.920394
0.393952	4.895958
0.395012	4.887398
0.396987	4.871440
0.398180	4.861804
0.398673	4.857819
0.399435	4.851664
0.399783	4.848852
0.400165	4.845767
0.403073	4.822274
0.403301	4.820433
0.405244	4.804734
0.405624	4.801670
0.406130	4.797576
0.407699	4.784906
0.408482	4.778580
0.409146	4.773212
0.409565	4.769827
0.410067	4.765772
0.410523	4.762088
0.411061	4.757744
0.412803	4.743672
0.413121	4.741104
0.414652	4.728733
0.415151	4.724701
0.416721	4.712017
0.416992	4.709832
0.417666	4.704384
0.419015	4.693491
0.419753	4.687526
0.420967	4.677716
0.421875	4.670385
0.422309	4.666881
0.422730	4.663474
0.425339	4.642403
0.428371	4.617901
0.430690	4.599170
0.432261	4.586481
0.432491	4.584622
0.432914	4.581206
0.433207	4.578840
0.433652	4.575241
0.433678	4.575033
0.437044	4.547842
0.437805	4.541690
0.438515	4.535954
0.440085	4.523271
0.443170	4.498348
0.444102	4.490819
0.444109	4.490767
0.445599	4.478732
0.446483	4.471588
0.447251	4.465386
0.447369	4.464430
0.448397	4.456125
0.449185	4.449760
0.449641	4.446074
0.449796	4.444823
0.450024	4.442979
0.450354	4.440317
0.451646	4.429878
0.452508	4.422911
0.453299	4.416521
0.453526	4.414686
0.454106	4.410002
0.454229	4.409013
0.454949	4.403191
0.456218	4.392941
0.456327	4.392063
0.457081	4.385974
0.457619	4.381628
0.457993	4.378604
0.458804	4.372054
0.458862	4.371580
0.460210	4.360695
0.460509	4.358281
0.461120	4.353345
0.461743	4.348306
0.462862	4.339266
0.462994	4.338205
0.466536	4.309590
0.466638	4.308766
0.466745	4.307901
0.467770	4.299618
0.467779	4.299547
0.469197	4.288090
0.469263	4.287556
0.469877	4.282596
0.471414	4.270183
0.472613	4.260493
0.473083	4.256700
0.474228	4.247448
0.475652	4.235946
0.476337	4.230413
0.477935	4.217504
0.477970	4.217222
0.478253	4.214934
0.478394	4.213797
0.478472	4.213163
0.479866	4.201905
0.479880	4.201788
0.480187	4.199312
0.480994	4.192794
0.481042	4.192399
0.481782	4.186426
0.483618	4.171596
0.483812	4.170024
0.484894	4.161286
0.485651	4.155166
0.485995	4.152390
0.486651	4.147091
0.487849	4.137411
0.487863	4.137296
0.488647	4.130967
0.488854	4.129289
0.489335	4.125411
0.489384	4.125014
0.489414	4.124771
0.490605	4.115145
0.490725	4.114176
0.490792	4.113638
0.491813	4.105391
0.492145	4.102705
0.492329	4.101220
0.493047	4.095420
0.494415	4.084370
0.494870	4.080695
0.496214	4.069834
0.496950	4.063892
0.497632	4.058376
0.499336	4.044617
0.499375	4.044297
0.499600	4.042478
0.501037	4.030875
0.502432	4.019605
0.502996	4.015044
0.503368	4.012043
0.504040	4.006615
0.504137	4.005828
0.505428	3.995400
0.506290	3.988435
0.506464	3.987031
0.507212	3.980987
0.507336	3.979985
0.509207	3.964873
0.509234	3.964657
0.509992	3.958527
0.510583	3.953755
0.510733	3.952544
0.510989	3.950476
0.511465	3.946627
0.511702	3.944717
0.511871	3.943354
0.512405	3.939033
0.512603	3.937435
0.516792	3.903592
0.517240	3.899976
0.517428	3.898459
0.517948	3.894257
0.518060	3.893354
0.518474	3.890011
0.519727	3.879888
0.520179	3.876237
0.521351	3.866764
0.522423	3.858105
0.522526	3.857273
0.522782	3.855203
0.523726	3.847581
0.524454	3.841702
0.525793	3.830880
0.527297	3.818728
0.528558	3.808544
0.528716	3.807270
0.530157	3.795627
0.530963	3.789119
0.531373	3.785806
0.531513	3.784676
0.532039	3.780421
0.532054	3.780300
0.532410	3.777423
0.532843	3.773928
0.533318	3.770087
0.534128	3.763547
0.534158	3.763303
0.535737	3.750548
0.536323	3.745812
0.536804	3.741933
0.537675	3.734890
0.537763	3.734181
0.538724	3.726419
0.539156	3.722930
0.539406	3.720907
0.542487	3.696017
0.543566	3.687304
0.543792	3.685476
0.544423	3.680383
0.544677	3.678328
0.546765	3.661461
0.547099	3.658758
0.548265	3.649338
0.548795	3.645060
0.548828	3.644794
0.548932	3.643949
0.548973	3.643618
0.549212	3.641694
0.549428	3.639942
0.550277	3.633083
0.551868	3.620234
0.552342	3.616405
0.552408	3.615871
0.553346	3.608296
0.553571	3.606477
0.554545	3.598606
0.554651	3.597754
0.556226	3.585032
0.556418	3.583475
0.556779	3.580558
0.556997	3.578796
0.557203	3.577134
0.557559	3.574257
0.558720	3.564876
0.559029	3.562385
0.560122	3.553557
0.560258	3.552458
0.562251	3.536355
0.562578	3.533714
0.563987	3.522332
0.565238	3.512228
0.565572	3.509530
0.566010	3.505989
0.566158	3.504792
0.566497	3.502053
0.567235	3.496092
0.568456	3.486227
0.568876	3.482832
0.569313	3.479301
0.571344	3.462901
0.572778	3.451313
0.573440	3.445966
0.573514	3.445366
0.576182	3.423815
0.576962	3.417516
0.578037	3.408830
0.578659	3.403804
0.578798	3.402677
0.578953	3.401429
0.579226	3.399227
0.579638	3.395895
0.580866	3.385973
0.582005	3.376773
0.582857	3.369892
0.583469	3.364949
0.583805	3.362230
0.584000	3.360653
0.584111	3.359758
0.584592	3.355871
0.586874	3.337434
0.588238	3.326422
0.588623	3.323306
0.589060	3.319781
0.591672	3.298675
0.592151	3.294809
0.593464	3.284200
0.594779	3.273575
0.596081	3.263059
0.596397	3.260510
0.597113	3.254724
0.597805	3.249131
0.599170	3.238104
0.600834	3.224666
0.600935	3.223845
0.601667	3.217935
0.601952	3.215629
0.602052	3.214824
0.602659	3.209921
0.604093	3.198335
0.604999	3.191017
0.605634	3.185885
0.606237	3.181012
0.606318	3.180358
0.608159	3.165485
0.608203	3.165136
0.609551	3.154240
0.609782	3.152379
0.609965	3.150896
0.610088	3.149906
0.610793	3.144210
0.611527	3.138278
0.613865	3.119388
0.615287	3.107902
0.616127	3.101114
0.616371	3.099150
0.617298	3.091659
0.617440	3.090509
0.618856	3.079071
0.619859	3.070967
0.622512	3.049534
0.623351	3.042762
0.623714	3.039824
0.624310	3.035013
0.624348	3.034701
0.625335	3.026729
0.626222	3.019566
0.626650	3.016105
0.627295	3.010897
0.627414	3.009932
0.628777	2.998927
0.629039	2.996811
0.629378	2.994066
0.629865	2.990138
0.632595	2.968078
0.632715	2.967111
0.634600	2.951881
0.635041	2.948318
0.635906	2.941331
0.636590	2.935804
0.636628	2.935501
0.638944	2.916789
0.639918	2.908918
0.640462	2.904531
0.641421	2.896784
0.642493	2.888118
0.645518	2.863680
0.645756	2.861764
0.646115	2.858859
0.647335	2.849006
0.649594	2.830751
0.649739	2.829581
0.649751	2.829483
0.650156	2.826212
0.651030	2.819151
0.652259	2.809224
0.652956	2.803594
0.654137	2.794053
0.657525	2.766683
0.658126	2.761833
0.658738	2.756883
0.660182	2.745216
0.660498	2.742670
0.660897	2.739445
0.661769	2.732400
0.661797	2.732175
0.662891	2.723337
0.664155	2.713120
0.664630	2.709284
0.666581	2.693528
0.666650	2.692970
0.666780	2.691916
0.667736	2.684191
0.668287	2.679746
0.668569	2.677467
0.668876	2.674987
0.669020	2.673825
0.670280	2.663645
0.670991	2.657902
0.672473	2.645929
0.672672	2.644319
0.674888	2.626421
0.675457	2.621818
0.675465	2.621757
0.675654	2.620226
0.675798	2.619068
0.677629	2.604272
0.677679	2.603871
0.678265	2.599136
0.680084	2.584439
0.680371	2.582125
0.680452	2.581465
0.680919	2.577697
0.681541	2.572672
0.684924	2.545341
0.686936	2.529086
0.687345	2.525781
0.687630	2.523483
0.687988	2.520588
0.688120	2.519525
0.689507	2.508319
0.690315	2.501788
0.690491	2.500368
0.691336	2.493543
0.692296	2.485790
0.692409	2.484870
0.692602	2.483316
0.692773	2.481936
0.694121	2.471041
0.694134	2.470938
0.694447	2.468413
0.695342	2.461181
0.696063	2.455353
0.696204	2.454212
0.696921	2.448423
0.699381	2.428547
0.699837	2.424868
0.700694	2.417940
0.700715	2.417774
0.702061	2.406903
0.702329	2.404732
0.702352	2.404551
0.702500	2.403354
0.702667	2.402004
0.703716	2.393528
0.704315	2.388688
0.705293	2.380793
0.705957	2.375425
0.706033	2.374809
0.706170	2.373707
0.706551	2.370624
0.709278	2.348595
0.709717	2.345053
0.710375	2.339732
0.710711	2.337018
0.711379	2.331622
0.711944	2.327057
0.712090	2.325885
0.712120	2.325640
0.713526	2.314282
0.714005	2.310408
0.715106	2.301517
0.716494	2.290301
0.717783	2.279889
0.721696	2.248280
0.722219	2.244054
0.722846	2.238988
0.723014	2.237632
0.723022	2.237567
0.723801	2.231272
0.725897	2.214341
0.726348	2.210699
0.726878	2.206414
0.727718	2.199630
0.728118	2.196396
0.728177	2.195926
0.729028	2.189045
0.729931	2.181756
0.730254	2.179140
0.731175	2.171706
0.731622	2.168093
0.732060	2.164549
0.733664	2.151594
0.734391	2.145721
0.734921	2.141443
0.736671	2.127302
0.737212	2.122929
0.737534	2.120332
0.738656	2.111269
0.738738	2.110601
0.740183	2.098932
0.740546	2.095997
0.740887	2.093246
0.741851	2.085453
0.742035	2.083973
0.745229	2.058167
0.746780	2.045634
0.747259	2.041768
0.747588	2.039110
0.748319	2.033207
0.749409	2.024403
0.749858	2.020776
0.750533	2.015320
0.750750	2.013569
0.752973	1.995606
0.753311	1.992877
0.754314	1.984774
0.756024	1.970956
0.756133	1.970081
0.758593	1.950203
0.759254	1.944865
0.759849	1.940058
0.760788	1.932473
0.762272	1.920488
0.763041	1.914273
0.763719	1.908795
0.765135	1.897358
0.765336	1.895734
0.766910	1.883016
0.767195	1.880719
0.767350	1.879466
0.767628	1.877217
0.768405	1.870938
0.768492	1.870234
0.769642	1.860945
0.769728	1.860255
0.770473	1.854236
0.770562	1.853514
0.770564	1.853496
0.770734	1.852128
0.771828	1.843285
0.772105	1.841047
0.775564	1.813106
0.777069	1.800947
0.777501	1.797461
0.777920	1.794070
0.777981	1.793585
0.779697	1.779716
0.780101	1.776453
0.780469	1.773479
0.781372	1.766184
0.781445	1.765597
0.784322	1.742357
0.785014	1.736764
0.785860	1.729927
0.786748	1.722756
0.787179	1.719271
0.787455	1.717042
0.787795	1.714301
0.788796	1.706211
0.788815	1.706057
0.789492	1.700591
0.789627	1.699497
0.789696	1.698941
0.792492	1.676351
0.792866	1.673328
0.794183	1.662696
0.794973	1.656309
0.795942	1.648486
0.797111	1.639035
0.797445	1.636341
0.797474	1.636109
0.799428	1.620317
0.799980	1.615864
0.801946	1.599975
0.803847	1.584624
0.803933	1.583931
0.804685	1.577850
0.806670	1.561818
0.807620	1.554141
0.807873	1.552099
0.809278	1.540750
0.809283	1.540707
0.809879	1.535892
0.810237	1.533002
0.812433	1.515257
0.812888	1.511583
0.813686	1.505135
0.814200	1.500984
0.814793	1.496196
0.817362	1.475441
0.817427	1.474917
0.817574	1.473726
0.818390	1.467136
0.818584	1.465571
0.820836	1.447380
0.821326	1.443415
0.821404	1.442791
0.823149	1.428691
0.823155	1.428646
0.823700	1.424243
0.823716	1.424112
0.823939	1.422313
0.825966	1.405934
0.827105	1.396735
0.827699	1.391935
0.827744	1.391573
0.827989	1.389592
0.829051	1.381009
0.829318	1.378852
0.829600	1.376573
0.829614	1.376463
0.830219	1.371575
0.832841	1.350398
0.833298	1.346705
0.833312	1.346587
0.834162	1.339720
0.835070	1.332385
0.835396	1.329751
0.836134	1.323790
0.836692	1.319287
0.837407	1.313506
0.838124	1.307713
0.841100	1.283677
0.841286	1.282172
0.842780	1.270101
0.842903	1.269105
0.843253	1.266278
0.843704	1.262638
0.843991	1.260320
0.845388	1.249033
0.846006	1.244042
0.846562	1.239548
0.846904	1.236784
0.847129	1.234966
0.847339	1.233270
0.847569	1.231412
0.849644	1.214652
0.849765	1.213671
0.849978	1.211956
0.850106	1.210917
0.850670	1.206366
0.851460	1.199981
0.851627	1.198631
0.852861	1.188663
0.853914	1.180154
0.854361	1.176545
0.855677	1.165915
0.855740	1.165406
0.855829	1.164684
0.856017	1.163171
0.856209	1.161617
0.856388	1.160173
0.857288	1.152902
0.857508	1.151123
0.857786	1.148874
0.857978	1.147323
0.858678	1.141673
0.859294	1.136696
0.860621	1.125969
0.862252	1.112799
0.862625	1.109783
0.863124	1.105751
0.863187	1.105241
0.863295	1.104373
0.864622	1.093653
0.864931	1.091155
0.865476	1.086750
0.866534	1.078207
0.867429	1.070978
0.867532	1.070142
0.867622	1.069413
0.869078	1.057651
0.869146	1.057106
0.869718	1.052481
0.871237	1.040211
0.872961	1.026289
0.873399	1.022747
0.875518	1.005629
0.877140	0.992524
0.877208	0.991977
0.878547	0.981160
0.879916	0.970100
0.880032	0.969161
0.880527	0.965163
0.882185	0.951768
0.883195	0.943613
0.883437	0.941653
0.885106	0.928175
0.885696	0.923404
0.886451	0.917307
0.886498	0.916924
0.887688	0.907312
0.889049	0.896318
0.889160	0.895424
0.889385	0.893604
0.890681	0.883135
0.890721	0.882814
0.890989	0.880645
0.891250	0.878537
0.891937	0.872987
0.894294	0.853943
0.895118	0.847286
0.895551	0.843793
0.896165	0.838833
0.896282	0.837889
0.896694	0.834556
0.896747	0.834129
0.897077	0.831460
0.897315	0.829540
0.899120	0.814956
