2.327387946398279178e-06 2.243850673848475363e-06 1.323070956957930923e-07
1.660593452712736930e-05 1.634194387947078664e-05 2.096080992392054505e-06
4.506100233847548366e-05 4.461283424774229080e-05 8.264792344327326795e-06
8.710457515864175387e-05 8.580116142131506316e-05 2.095231384870898644e-05
1.411358856140293189e-04 1.419964668413970562e-04 4.080963375039470080e-05
2.121568268898695302e-04 2.121381536876316390e-04 6.989823265558060611e-05
2.862476520329579528e-04 2.921680505534170690e-04 1.127161128109977628e-04
3.749401840768686956e-04 3.861000843108038962e-04 1.580167837234517226e-04
4.721286944233736658e-04 4.793984451369541185e-04 2.099389960981289831e-04
5.827511944720397677e-04 5.963919825340279228e-04 2.686241470564836573e-04
6.876974540338981782e-04 7.243293155105646249e-04 3.559121892490390237e-04
8.265237077392133865e-04 8.398638974268378583e-04 4.480923401663002167e-04
9.423705529903501172e-04 9.826162065575496686e-04 5.353071272283841352e-04
1.093113523654062327e-03 1.139157469586727809e-03 6.619076419889166618e-04
1.227572739164565184e-03 1.282660565523886104e-03 7.361504421260855026e-04
1.351495742072440255e-03 1.403661512513370993e-03 9.025220072353912172e-04
1.523879582137517563e-03 1.562490570406990451e-03 9.860431228323987985e-04
1.653293385452255524e-03 1.748458816491196745e-03 1.111730621239497138e-03
1.823433974874666842e-03 1.918394680572911093e-03 1.324635765787398342e-03
1.983350910066389045e-03 2.085652379419157022e-03 1.459891918175925968e-03
2.109353767251756495e-03 2.232050520254048355e-03 1.537774233293540517e-03
2.309314449085077530e-03 2.462715061811246095e-03 1.716758312438186520e-03
2.457612604424875679e-03 2.573772904013008327e-03 1.863765403790753304e-03
2.607081623460010857e-03 2.780065422698859388e-03 2.077437773812241834e-03
2.762056299090839481e-03 2.944900660188589855e-03 2.133369742638590357e-03
2.930097752716038801e-03 3.107916145572101746e-03 2.273575919463829195e-03
3.100675957903510204e-03 3.331983353233590114e-03 2.574525699594174509e-03
3.271464230174232941e-03 3.471977776997758457e-03 2.682211342716153950e-03
3.404311882258096583e-03 3.600063747066942731e-03 2.767122011150878729e-03
3.520028342002087373e-03 3.820575619914214245e-03 3.103795714252622663e-03
3.693234801619545149e-03 3.999125068650763101e-03 3.134949991998303969e-03
3.810597286441110183e-03 4.123108154758148465e-03 3.141456085706436675e-03
3.995748012883798550e-03 4.242812463443298814e-03 3.542456853874882943e-03
4.169161001404143516e-03 4.476433657875944841e-03 3.557038550077114714e-03
4.314234284249394979e-03 4.587354799968359001e-03 3.819264617574888530e-03
4.458747497199997203e-03 4.708640074414504988e-03 3.914428455084151097e-03
4.502691379882265907e-03 4.773615923177740132e-03 4.195137437229400079e-03
4.655324493133285689e-03 5.034359886383706420e-03 4.235958913099390974e-03
4.853754881128540845e-03 5.164867145915184518e-03 4.500013304256140871e-03
4.981491547869598864e-03 5.298036066505223095e-03 4.664426396754064660e-03
5.148893925265877677e-03 5.435951689963452321e-03 4.637898340790526548e-03
5.194002135041985053e-03 5.558033653477270977e-03 4.686639103175953280e-03
5.283723772117251798e-03 5.584904635741307598e-03 5.015732820468051315e-03
5.387757476862243232e-03 5.824434907769814908e-03 4.917791286532479517e-03
5.512309833819345126e-03 5.857420246890455463e-03 5.174213748875249562e-03
5.629574727740709744e-03 6.096148496749877362e-03 5.217084084824600773e-03
5.724752390485501191e-03 6.179418122207510494e-03 5.106199394544997869e-03
5.752946547457560289e-03 6.217489960698479624e-03 5.440274032769636982e-03
5.951223538311897071e-03 6.324469185993246076e-03 5.648014139093787515e-03
5.990473911405955545e-03 6.212733371661871215e-03 6.056736120493177132e-03
6.078543642937464173e-03 6.434844247491056622e-03 6.080842038748984421e-03
6.146949203670560094e-03 6.591499616656455729e-03 6.306385927073760063e-03
6.229409560592170762e-03 6.674338402697903815e-03 5.714469052284294748e-03
6.331365684735710229e-03 6.662147347449167735e-03 6.401267258092553820e-03
6.357669597942747219e-03 6.870246374853849342e-03 6.384472295561806343e-03
6.410925207948609331e-03 6.970675428853202044e-03 6.271960966569737478e-03
6.414283082241008932e-03 6.813618168147093056e-03 6.529008703894566973e-03
6.661569877955571956e-03 7.040681019963209060e-03 6.795380465047396595e-03
6.643603604703247206e-03 7.143699976154647448e-03 6.679661426811470647e-03
6.564354010544403567e-03 7.131550096281443277e-03 6.606395745417176051e-03
6.697372266928619880e-03 7.146396975843056706e-03 6.933000131117955829e-03
6.799220931219443487e-03 7.107221848695599413e-03 6.771096287844901446e-03
6.833582407529790667e-03 7.241733837449275055e-03 6.460201757606511865e-03
6.874388699346725001e-03 7.298124073468837368e-03 6.846356248583537925e-03
6.798739468593312414e-03 7.274221826014825969e-03 7.001560189502676126e-03
7.115151514723147899e-03 7.160430883886402184e-03 7.528203171960451759e-03
6.957486016015775217e-03 7.484562422339150790e-03 6.616207059554571161e-03
6.989272894653203450e-03 7.435708644794945810e-03 7.285865036796890064e-03
7.083264258238838873e-03 7.090019275037910337e-03 7.256289597656629883e-03
6.931778409523850146e-03 7.311499595616704344e-03 7.154803267251710723e-03
7.044288794984868846e-03 7.269753069676128908e-03 6.930414074126736192e-03
6.905099676305373295e-03 7.257224265054936820e-03 6.616320109371670762e-03
7.022693581484755303e-03 6.970946044901824012e-03 6.685043862002717358e-03
7.201975287851058311e-03 7.199827163687776664e-03 7.714727006910320622e-03
6.965490793445696695e-03 7.268801382857250325e-03 7.005617760817923860e-03
6.985302703683515628e-03 7.305780228531764259e-03 7.568333580835650415e-03
7.185524876065350897e-03 7.292748536953761775e-03 7.191108767414948304e-03
7.051498576115655843e-03 7.056264265521858432e-03 7.309070079638699258e-03
6.911633117411254690e-03 7.124387203042046104e-03 7.255062392531391562e-03
7.006416659084126371e-03 7.404993345849974866e-03 7.517085631451166268e-03
6.980823675653467786e-03 7.262080690511636336e-03 7.079616583778348959e-03
6.918779481392234136e-03 7.132742993080023672e-03 6.795013200707171290e-03
6.861621843365851153e-03 7.031489435951316855e-03 7.656136637178338755e-03
7.074270376582729100e-03 7.234023107616544164e-03 6.745542056227722336e-03
6.985186041869571177e-03 7.303748920037491169e-03 6.733142209690307772e-03
6.817253903166614962e-03 7.112648691206351764e-03 7.058552157152530628e-03
7.118162522713330012e-03 7.180370236530696226e-03 6.948429439019940083e-03
6.855081273790548241e-03 7.141352516642315851e-03 6.402306505538268334e-03
6.544435747763627416e-03 7.097520529393284809e-03 6.914924880515280724e-03
6.764169536226855885e-03 6.975489332607259091e-03 7.106640440883031477e-03
6.830472144200859345e-03 6.925863860877572338e-03 6.817237372957004118e-03
6.777988059001129051e-03 6.642018909549880258e-03 6.909198488931347741e-03
6.843749582883361035e-03 6.894618366400979796e-03 6.899638382673006602e-03
6.711074193459056966e-03 6.775585987342655318e-03 7.293576547605856893e-03
6.672387407596532156e-03 6.685726270639537165e-03 6.670985949021733530e-03
6.390721923201315990e-03 6.680234184085149206e-03 6.096425397501463971e-03
6.549507679376788752e-03 6.474679991309568831e-03 7.127552620644797381e-03
6.637600166340991772e-03 6.709204530081975572e-03 6.793887369290460380e-03
6.435022184628005903e-03 6.616473327362958241e-03 6.307281877494097001e-03
6.553245285359334329e-03 6.492666350300321104e-03 6.890113570358014951e-03
6.518093194222590245e-03 6.521649044180464865e-03 7.145062799240393253e-03
6.516368876699860958e-03 6.479242317382449823e-03 6.269287724278703108e-03
6.516313893776517346e-03 6.271375255628394360e-03 6.732821026320759752e-03
6.111999755430802019e-03 6.124768703725308981e-03 6.643474451139938682e-03
6.244023495232418029e-03 6.305989981606785998e-03 5.939278109419650516e-03
6.166216626250370543e-03 6.145296108957563203e-03 6.259862987097134651e-03
6.169475202648584330e-03 5.979766574507799047e-03 6.662611995207362407e-03
5.981452787324310731e-03 6.079133077915563343e-03 6.687109433858332182e-03
6.265551259238244866e-03 6.008116847196967071e-03 6.891700905038650529e-03
5.864017560502044965e-03 6.008519940113509102e-03 5.863220318153166723e-03
5.681667563491832676e-03 6.174777539642928650e-03 5.907318755687277455e-03
5.946722661540442857e-03 5.772234743904869347e-03 5.704393374816608617e-03
5.727740304336471217e-03 5.681797880354746283e-03 6.797545200820373675e-03
5.829869462348251374e-03 6.030819183070493424e-03 5.491072907582072483e-03
5.932317464777492853e-03 5.538155157643697910e-03 5.618974568777208162e-03
5.543457393488183775e-03 5.707523102009877912e-03 6.209400439548620060e-03
5.714484849009503035e-03 5.899820708230962656e-03 6.162749752245712254e-03
5.923415620971696390e-03 5.403631843036043637e-03 6.301620444178653024e-03
5.634827831731728867e-03 5.620196379996207289e-03 6.633712519747997187e-03
5.694847977956186795e-03 5.520387022799717706e-03 5.168159503967807017e-03
5.409407713235702027e-03 6.012466112705199504e-03 5.887595218534820256e-03
5.363523916780716695e-03 5.284874619580940541e-03 5.781336595093738810e-03
5.484044182849819038e-03 5.322033795084826421e-03 5.501629592764246610e-03
5.305331750944825356e-03 5.507426448248851393e-03 5.377305790055845157e-03
5.105237521475075244e-03 5.065899062587897982e-03 5.896211485726578043e-03
5.303028657808804384e-03 5.263297826070045815e-03 5.699702615327233678e-03
5.123581290086069197e-03 5.213249018609532846e-03 4.537375649033461265e-03
5.262008625245648968e-03 4.873497929831172200e-03 3.932792531663546580e-03
4.981374126571428036e-03 5.082242814058921671e-03 4.527336667379984469e-03
4.626956896713646690e-03 5.129178007908547811e-03 5.025294679064967046e-03
4.602404348481508450e-03 4.927419165921459454e-03 5.024849533420447205e-03
4.832600790742874221e-03 4.830249843175910170e-03 5.061262619793582308e-03
4.777246384514794754e-03 4.743286154705242744e-03 5.744001929887549221e-03
4.869672359925030121e-03 4.713186103295985765e-03 4.518025614546536221e-03
4.908532124073186793e-03 4.331660750062011830e-03 5.210342572730213700e-03
4.851676882354816027e-03 4.445794121769360528e-03 4.443112247931270929e-03
4.924367640669703727e-03 4.704322204370041220e-03 4.682477306451726835e-03
4.539282606775225937e-03 4.228756479811901330e-03 5.708041149767698746e-03
4.724938872666383308e-03 4.563595173514820719e-03 4.334862373924723740e-03
4.350345996947163098e-03 4.593602365205468746e-03 4.979770306455301790e-03
4.311590685980045030e-03 4.643287920467665912e-03 3.913087580367327969e-03
4.448512301327692785e-03 4.372855366032704291e-03 4.246276763757379606e-03
4.147658953907580777e-03 4.331856108759115677e-03 4.400943282727497706e-03
3.934047966587887399e-03 4.267608150028444521e-03 4.506951181566059422e-03
4.125202894785207422e-03 3.909126429047325192e-03 4.328986159237671605e-03
4.457250418312345974e-03 4.094741980422588433e-03 4.099399518848243981e-03
3.766866894383325438e-03 3.978600938334639694e-03 3.906991921243502773e-03
4.049781399436427204e-03 3.841175181400549154e-03 4.965194357923575358e-03
4.109821239273532024e-03 3.724564147696751183e-03 3.353031441384674276e-03
4.063249199865079028e-03 3.849439442077819736e-03 3.451342039957781046e-03
3.951318584424939537e-03 3.841904055382030711e-03 3.080848143439107994e-03
3.911120649024503113e-03 3.832047762896526218e-03 4.605067495595118778e-03
3.893193519389318534e-03 3.767632780986502391e-03 3.695172791290882684e-03
3.643331943621405927e-03 3.761144373061483734e-03 3.966118927139000369e-03
3.899142706086909400e-03 3.324528325437212974e-03 4.129176355182574351e-03
3.733017066397412240e-03 3.432357797453720709e-03 3.900143446402832680e-03
3.640364253154808414e-03 3.337630765522153764e-03 4.121039302786260426e-03
3.412807944803079429e-03 3.514219161682710039e-03 3.946345712110380620e-03
3.244114443792157302e-03 3.307626246217114981e-03 3.588824123471266204e-03
3.478943794966870076e-03 3.582647308856379709e-03 4.104676891197133262e-03
3.704232427593817569e-03 3.133967894545564882e-03 3.324388674302900144e-03
3.269970222225649856e-03 3.173301081847040763e-03 4.027161430925887443e-03
3.410912492774030667e-03 3.486193430602226029e-03 2.983483158405961840e-03
3.271093921038788731e-03 3.077640621429633423e-03 3.636717617246384895e-03
3.069569822041442152e-03 2.856151105657785388e-03 4.053361895494415716e-03
3.343956143447490790e-03 3.090851620807670390e-03 3.724061627288281946e-03
2.963476191989206695e-03 2.989813253676137841e-03 3.003041038692896673e-03
3.053736751948137908e-03 2.734069683254453879e-03 3.428139734453273559e-03
3.389664906363081508e-03 3.018296427645647800e-03 2.879160817436271849e-03
3.181132094146640714e-03 2.735359935103815702e-03 3.908085129649752250e-03
3.036126683744582756e-03 2.543689151637753155e-03 3.416921307201127231e-03
3.016108273263659947e-03 2.799706073756304779e-03 2.643869333693619258e-03
3.027278377714333769e-03 2.626727127143726678e-03 2.879496890149959871e-03
2.539797646361293803e-03 2.587603846488234060e-03 2.774432361857989606e-03
2.841264191964111736e-03 2.593502439070364401e-03 2.314808597257965103e-03
2.865634873904276785e-03 2.695155295814408852e-03 3.620503637956926611e-03
2.552381214351310840e-03 2.426651351894318527e-03 3.590173579113379969e-03
2.445845948348225780e-03 2.564186227657998772e-03 3.051752771284210134e-03
2.896124430163600407e-03 2.468995185807538496e-03 1.982196228387974636e-03
2.561958005142910867e-03 2.473436829501327299e-03 3.270578363233791249e-03
2.554920826680914716e-03 2.251132788898594327e-03 2.100551997557414258e-03
2.770216721283372697e-03 2.465248118534929880e-03 2.583354055089844524e-03
2.413785674931001601e-03 2.352650927557738483e-03 2.685037982880993535e-03
2.612128899410085490e-03 2.157868259454699331e-03 2.483926770462790805e-03
2.336665226400829430e-03 2.220513300290590918e-03 2.271924644715643538e-03
2.250450334684515972e-03 2.298623615386268925e-03 2.697053628264768806e-03
2.605114082525898829e-03 2.483291016508122010e-03 2.484914185578184290e-03
2.546853757648992987e-03 1.942607058653401421e-03 2.512989748333524682e-03
2.237081259388650021e-03 1.991853860528235935e-03 1.721984184478802214e-03
2.367694299582935331e-03 2.233597074827680870e-03 2.236248355840262780e-03
2.225566593577012198e-03 1.935558006829887984e-03 2.257202754049586046e-03
2.179680907313370948e-03 2.082890610463963670e-03 2.112428754430740931e-03
2.241650483660895601e-03 2.189894909258567265e-03 2.389120266145480873e-03
2.011105245338651315e-03 2.112106365113911640e-03 2.156368765801638335e-03
1.960846779370531250e-03 1.829787850228234208e-03 1.831648180954376873e-03
2.043448672191451165e-03 2.024671294477860522e-03 2.114782495597253720e-03
2.137487682230470882e-03 1.837490213424149230e-03 2.760309881656704961e-03
1.884193543475472243e-03 1.781784220519514340e-03 2.338257746396202926e-03
2.138383412018329821e-03 1.889572615432543855e-03 2.270105864845886438e-03
1.716983741142144885e-03 1.955299029890107503e-03 2.017239347534898961e-03
1.930575880312762269e-03 1.574017880862417333e-03 1.943851677552230379e-03
1.807045303207274788e-03 1.855024078752086705e-03 1.964268816134421246e-03
1.723842862891980694e-03 1.793912726221437524e-03 2.363060947837307066e-03
1.460859709021021698e-03 1.541515765075210462e-03 2.100513822400536593e-03
2.098702512547109388e-03 1.653870380091176841e-03 2.408468083462975227e-03
1.970994158196784449e-03 1.814970528443020630e-03 1.653277210028417273e-03
1.562434471340754753e-03 1.980927207894021391e-03 1.374092046746643817e-03
1.787013385718472409e-03 1.602989083054495983e-03 1.887476732292055247e-03
1.781899578255613731e-03 1.501172721270557439e-03 1.904552814198953161e-03
1.619592162778552133e-03 1.600068284122971090e-03 1.719964335747883096e-03
1.598876503224776462e-03 1.462977415616226618e-03 1.635094911829382963e-03
1.480945915519052501e-03 1.184638049737644569e-03 2.266108533396956996e-03
1.592778220959006506e-03 1.369368097449961009e-03 2.186445359016228607e-03
1.558392022112745686e-03 1.311351122390247556e-03 1.892540463211688255e-03
1.497400109961748767e-03 1.395233049064637399e-03 9.537291474214417558e-04
1.625645572510447251e-03 1.300806867806852474e-03 1.498056893044204989e-03
1.831428168160237650e-03 1.276471771887395090e-03 1.512275667016731552e-03
1.437892046735083544e-03 1.198060881279680665e-03 1.960374260264874727e-03
1.398913010127382332e-03 1.355976814921775733e-03 1.651219573499672225e-03
1.595419651506660734e-03 1.368660873415705921e-03 2.112793941788618408e-03
1.187070973598536349e-03 1.268437223359760672e-03 1.567955616354584992e-03
1.331241286587052852e-03 1.374490394257781500e-03 1.358053935845151281e-03
1.275730508680070815e-03 1.196519804144538773e-03 1.141307521276750756e-03
1.355397632439162611e-03 1.341856919447246633e-03 1.266703305115339127e-03
1.299330544279847337e-03 1.276785772590116781e-03 1.277196301091062863e-03
1.172327032976134761e-03 9.765699116956660583e-04 1.406494974552520818e-03
1.391629866468188995e-03 1.279161261748440860e-03 1.183675419333197207e-03
1.249916254362585253e-03 1.211642499574720538e-03 9.540090936530327232e-04
1.388099119844502871e-03 1.202146153047185459e-03 2.044609592171460054e-03
1.315142421767059259e-03 8.897626391647505285e-04 9.727673394256785688e-04
1.066721118593380851e-03 1.162931522377480542e-03 9.798544717121097491e-04
1.091013033030791913e-03 1.049285957166383107e-03 1.112519963070398568e-03
1.100250827670010319e-03 9.126178427427576387e-04 6.235555394962213806e-04
1.198084627338787990e-03 9.631277438990247736e-04 1.006993451927106712e-03
1.104355692258170065e-03 1.013605478155915141e-03 1.395292462223719169e-03
1.263879166421438133e-03 8.725256420356930281e-04 1.662835807431025130e-03
1.183804046782013265e-03 1.008953585706562177e-03 7.739126262953524658e-04
9.639781423054311028e-04 8.227040506146983618e-04 1.038745343529386351e-03
1.111642932963476148e-03 1.201004729920970761e-03 1.441573631125633989e-03
1.151765725020866601e-03 7.926767598326425225e-04 6.619654654725753420e-04
9.574294064292077642e-04 8.434512529607549351e-04 1.331589347740032075e-03
9.968198081785875544e-04 1.030093268201760000e-03 8.071130710526995674e-04
1.005440963724301556e-03 1.105764279339634072e-03 8.135862503087968418e-04
1.094032926421877354e-03 1.023629406178494560e-03 1.231857432886928174e-03
8.599835881254076775e-04 7.808015380603962807e-04 2.759876508038239164e-04
9.644618586326025259e-04 7.633351893172927137e-04 8.327076322809108099e-04
9.725357004921055763e-04 8.387142059358594637e-04 4.208690484867417874e-04
1.030128214234693734e-03 7.759616235368100006e-04 5.655508013141561470e-04
8.712750997551476327e-04 9.476200148844315073e-04 5.704943808340647536e-04
8.443074029816466201e-04 7.408139006591178124e-04 7.171722465053334767e-04
7.151355129788626109e-04 9.630856300253981973e-04 8.684735560409705688e-04
1.046835509291836218e-03 6.558923146392206440e-04 7.278387166211669956e-04
7.091912197219337561e-04 4.648792580316888625e-04 1.470034402168149748e-03
6.627986148663731272e-04 9.127931005058542496e-04 2.961532642414539760e-04
6.504453512396329027e-04 6.961525832803873264e-04 5.986804811063672904e-04
8.323602415184306680e-04 6.766183190894893475e-04 1.354633470564157571e-03
7.321823604487013269e-04 6.820590308577616006e-04 6.066023352589483466e-04
7.372257117455937670e-04 9.163526542620976760e-04 1.070347013602089429e-03
9.970872755943726434e-04 8.979154402949956646e-04 4.625760677305308438e-04
7.309098826277026601e-04 4.910797435982523686e-04 3.100557355684902851e-04
6.628969613426446538e-04 6.249096266541299440e-04 3.122115879072035068e-04
8.538638761589840758e-04 6.828926622323313027e-04 4.725026156522557077e-04
9.158799399756769157e-04 8.465103544502724890e-04 7.942687207800509797e-04
6.029417017331776011e-04 3.995372248777919453e-04 6.394403373739874878e-04
5.503042632506808520e-04 6.980296894128771223e-04 1.611860042340553651e-04
6.313788693394530027e-04 5.413773243012620640e-04 4.880555980767744000e-04
6.743362471509169089e-04 6.816377582258242689e-04 0.000000000000000000e+00
7.767210643140463498e-04 4.947486372962030471e-04 1.319361241449825859e-03
5.671608727325199708e-04 5.811098812369156971e-04 4.978546347767831603e-04
4.532052092029098056e-04 4.742041941469578845e-04 8.377444841714549572e-04
6.553592832114260970e-04 6.178924536700408643e-04 5.061036044261115266e-04
5.203961019350312805e-04 3.391974756309758059e-04 1.358070396760302848e-03
7.454261577579706288e-04 4.557812916616089732e-04 5.132631839227053214e-04
4.260455357479662857e-04 7.755546132506003880e-04 1.897574050218792411e-03
3.068250198879006159e-04 5.207448300077457612e-04 3.479780539699362484e-04
4.528499030291188894e-04 7.571111068011771505e-04 5.250887540641342114e-04
6.433818635319742780e-04 2.936343549410959657e-04 5.283454771400626464e-04
6.475915156652969082e-04 3.546105422490083308e-04 8.878472636996866379e-04
5.053419643330348378e-04 3.276664775168023074e-04 8.943610750757927889e-04
3.178664988025894922e-04 4.199242380425495524e-04 1.799421361330164732e-04
5.980587027852150590e-04 4.831946582627007452e-04 3.626205802998991919e-04
5.809670136124790328e-04 6.087725873732027478e-04 1.829952374671723963e-04
5.197457163824267465e-04 3.680444717767015692e-04 3.679166860703792516e-04
3.054742722021809576e-04 6.784514288243589973e-04 3.707351105341778600e-04
5.709484865607926830e-04 7.456511753497106158e-04 1.868083520182777315e-04
6.193314650777214346e-04 3.756616816254751455e-04 1.315125861262217899e-03
4.454923138491489500e-04 5.989463667497684071e-04 3.793087424062563926e-04
4.262091579174824606e-04 4.126320654621225010e-04 7.623779923151956803e-04
4.966684069813155330e-04 4.151082632049980228e-04 3.835000743359286320e-04
3.639497695116902299e-04 3.858234497132030736e-04 7.727022694443167958e-04
4.578425686330151573e-04 4.538382806059360845e-04 1.948741561729236242e-04
5.532340277066329906e-04 2.606994846610921081e-04 3.917892075852693668e-04
4.878822887699165367e-04 4.596307320016475989e-04 0.000000000000000000e+00
4.208472579199684952e-04 4.626532597044624067e-04 9.924727334179581952e-04
3.294758708639429967e-04 2.664575254836425481e-04 2.004366948777737195e-04
3.555604038612873393e-04 5.029787687040614044e-04 0.000000000000000000e+00
3.819492742155187527e-04 3.036852119626878973e-04 6.084019353219213182e-04
3.121090938130759900e-04 3.054724710291587030e-04 6.132245776565995246e-04
3.868587643553367977e-04 3.427752428836321761e-04 4.110533258344178063e-04
5.357897263796167773e-04 1.377625082310191863e-04 2.064085134680432234e-04
3.430458490606358652e-04 2.428928664816027544e-04 4.162459292661503944e-04
2.961155028860616841e-04 2.792258762158599298e-04 6.298117054547418010e-04
4.224110463584437544e-04 1.754539454364205874e-04 0.000000000000000000e+00
3.002148808629193175e-04 3.180178209786818210e-04 4.237609346725063520e-04
1.508466165942244891e-04 1.778389049495428058e-04 2.141511236752035858e-04
2.785648459764143801e-04 2.863737633129366522e-04 4.307794638262260199e-04
4.589660490238756671e-04 3.245354654533321630e-04 2.167448208625855565e-04
3.589817487149041730e-04 3.267418339381984661e-04 0.000000000000000000e+00
3.095479966344488200e-04 2.922458064718546885e-04 4.378553590110094125e-04
3.380238015350513973e-04 4.410683624344915164e-04 2.201513670416368302e-04
3.925025185449754358e-04 2.959523862732951847e-04 2.216929785975776783e-04
3.687170498130805949e-04 1.861602518617423382e-04 0.000000000000000000e+00
1.058797737984095105e-04 2.626596957826427036e-04 6.751838053764211423e-04
3.464630764589012014e-04 1.130929765498550534e-04 0.000000000000000000e+00
2.412463558367529404e-04 2.657217890419392211e-04 4.550728712415661381e-04
4.322773435039702853e-04 2.675210643235518583e-04 6.865842950722347241e-04
3.260686309654756100e-04 3.459616005383123736e-04 0.000000000000000000e+00
2.462600759587015584e-04 3.094202730943102159e-04 4.649186123758685838e-04
1.377572212552013238e-04 1.947401163045810060e-04 4.675576231940901462e-04
3.045175639514252435e-04 1.956509317770867068e-04 2.355736286980068112e-04
1.113807180311544257e-04 2.757125404198088438e-04 0.000000000000000000e+00
1.681194325497095590e-04 2.778315161831514828e-04 2.381749992837561521e-04
3.388811580459689683e-04 1.998699941870027224e-04 2.404927013018795523e-04
2.269538558503278165e-04 2.010112871027487104e-04 0.000000000000000000e+00
3.145356433025770166e-04 1.213314070324933978e-04 2.422233957231670321e-04
1.724160966497502391e-04 3.252635145637783115e-04 4.889412742593909206e-04
1.736192968297589525e-04 2.048857327663845991e-04 4.914670618712216766e-04
2.328248065538488475e-04 1.234336390807990727e-04 4.952682383852517398e-04
2.340848299625993695e-04 2.482869291210545765e-04 2.489051069581652551e-04
2.649180382861669346e-04 8.338525726746105304e-05 2.509090924136136058e-04
8.885982570520056768e-05 2.094459981971790461e-04 0.000000000000000000e+00
2.384538026926991084e-04 1.266107732892113465e-04 2.540219650940907432e-04
1.199764558241218470e-04 2.122042483987147542e-04 0.000000000000000000e+00
2.111802951889713237e-04 1.707000859060519681e-04 0.000000000000000000e+00
2.124634791755142379e-04 8.612992872823026778e-05 0.000000000000000000e+00
3.061803068009423165e-05 1.297252357249470173e-04 2.591290433362316084e-04
2.765480071775384529e-04 2.605442013067374245e-04 2.612978666694927522e-04
2.474743422884863688e-04 3.062517591874475598e-04 5.257674034344526296e-04
1.241772108320808793e-04 1.760660728344861682e-04 2.646617812179992185e-04
2.814349333841172324e-04 1.327315313415949362e-04 2.659131354132928836e-04
9.449824960962096578e-05 2.670918900044443370e-04 0.000000000000000000e+00
3.166086722095554497e-04 8.945290234681294852e-05 0.000000000000000000e+00
9.541024599497683971e-05 0.000000000000000000e+00 0.000000000000000000e+00
1.600742526434311720e-04 2.263397199934644687e-04 0.000000000000000000e+00
1.287194341157411968e-04 4.554253699441623105e-05 2.732926905819295436e-04
1.941571945197391881e-04 4.588165419099383974e-05 2.759025867559610542e-04
9.772065128356647169e-05 2.306415766070772058e-04 0.000000000000000000e+00
3.276943158483510646e-04 2.317821754764568627e-04 0.000000000000000000e+00
9.894306046536049276e-05 4.670280992857937807e-05 0.000000000000000000e+00
3.308704137362766519e-05 1.877230133393289005e-04 0.000000000000000000e+00
1.333508227579238996e-04 0.000000000000000000e+00 5.654152809828941716e-04
2.348349020534046640e-04 4.747723300610057895e-05 0.000000000000000000e+00
1.686422699135897859e-04 1.428315845807513751e-04 2.860112598366283654e-04
1.697538599688211696e-04 3.833253655559765551e-04 0.000000000000000000e+00
6.825986482299750138e-05 4.814920009914806917e-05 8.680679948024521472e-04
1.029719575246221058e-04 4.858523319327547025e-05 0.000000000000000000e+00
1.036293239053461820e-04 1.464120131634123701e-04 0.000000000000000000e+00
1.733590264931760526e-04 1.470587876017637966e-04 2.947169479433022388e-04
1.746341166967304670e-04 9.859595777688978126e-05 0.000000000000000000e+00
7.009688085920666228e-05 1.984155518501843002e-04 0.000000000000000000e+00
1.765319435795355859e-04 9.964426444875992459e-05 0.000000000000000000e+00
1.418762607110090235e-04 1.002537323594219034e-04 3.014819192397202407e-04
1.071207110950461185e-04 1.008093895654839194e-04 3.034193084512609826e-04
2.508943279736523466e-04 1.014111461910760720e-04 0.000000000000000000e+00
0.000000000000000000e+00 5.089546970916073988e-05 3.057658004697973229e-04
1.448190588541974728e-04 1.535598867480819434e-04 6.169847051784979521e-04
3.640327995056628598e-05 1.030697044932218280e-04 3.093362659323376819e-04
7.344409240997525794e-05 1.557432006095806130e-04 0.000000000000000000e+00
7.367588621343855925e-05 1.563084553099079353e-04 0.000000000000000000e+00
3.707429403264473315e-05 0.000000000000000000e+00 0.000000000000000000e+00
3.720280102134955187e-05 5.255251523590807764e-05 0.000000000000000000e+00
1.123089467091167089e-04 5.287115253687691053e-05 6.362960074493379751e-04
1.507063603976051681e-04 0.000000000000000000e+00 0.000000000000000000e+00
1.134730653681768301e-04 0.000000000000000000e+00 0.000000000000000000e+00
7.610337713335536044e-05 1.076656905864687677e-04 0.000000000000000000e+00
1.531593164023329517e-04 5.404004700099028269e-05 0.000000000000000000e+00
0.000000000000000000e+00 5.453664577488274046e-05 0.000000000000000000e+00
1.547126965633014155e-04 0.000000000000000000e+00 0.000000000000000000e+00
1.556320936860075771e-04 5.511694224114875779e-05 0.000000000000000000e+00
3.898408854564254337e-05 5.521007466470173011e-05 0.000000000000000000e+00
1.180410255703382360e-04 1.112486656436737149e-04 0.000000000000000000e+00
7.901678944670348760e-05 5.594623981823135012e-05 0.000000000000000000e+00
7.942318472163481351e-05 5.621621341331668699e-05 0.000000000000000000e+00
3.989451428809540127e-05 1.131386601557657324e-04 0.000000000000000000e+00
8.033938323897090372e-05 0.000000000000000000e+00 3.401322513112701768e-04
4.035366787935080763e-05 5.716031301558893442e-05 0.000000000000000000e+00
8.099224265185138417e-05 0.000000000000000000e+00 0.000000000000000000e+00
8.144578630789417960e-05 5.749260521816448193e-05 0.000000000000000000e+00
4.096714744900614605e-05 0.000000000000000000e+00 3.478266629849354787e-04
8.222137559220504019e-05 0.000000000000000000e+00 0.000000000000000000e+00
1.241870567699252090e-04 5.861520126184270227e-05 0.000000000000000000e+00
0.000000000000000000e+00 0.000000000000000000e+00 0.000000000000000000e+00
8.374091332722765745e-05 0.000000000000000000e+00 0.000000000000000000e+00
0.000000000000000000e+00 5.956705391480681034e-05 7.132443925138329905e-04
4.222511734095038175e-05 0.000000000000000000e+00 0.000000000000000000e+00
1.274816845684966242e-04 6.018561321866700085e-05 0.000000000000000000e+00
1.280407114207752096e-04 6.046561670504586091e-05 0.000000000000000000e+00
4.288712486940666905e-05 0.000000000000000000e+00 3.636201548003974810e-04
1.291365420698036676e-04 1.219817493605278769e-04 3.658210182609762337e-04
4.330241032187556385e-05 1.224963583305256664e-04 0.000000000000000000e+00
4.345865824262791510e-05 0.000000000000000000e+00 0.000000000000000000e+00
4.373712710656007759e-05 0.000000000000000000e+00 0.000000000000000000e+00
0.000000000000000000e+00 0.000000000000000000e+00 0.000000000000000000e+00
4.414774058031912499e-05 6.236954250889045715e-05 0.000000000000000000e+00
4.440205489310946653e-05 0.000000000000000000e+00 0.000000000000000000e+00
0.000000000000000000e+00 1.260920522480433060e-04 0.000000000000000000e+00
8.967567850934911311e-05 0.000000000000000000e+00 0.000000000000000000e+00
0.000000000000000000e+00 0.000000000000000000e+00 0.000000000000000000e+00
4.526686642126764745e-05 0.000000000000000000e+00 3.846457717383178101e-04
1.363242851309268491e-04 0.000000000000000000e+00 0.000000000000000000e+00
4.569349072568107612e-05 0.000000000000000000e+00 0.000000000000000000e+00
9.185089908002119037e-05 0.000000000000000000e+00 0.000000000000000000e+00
9.219053660358555058e-05 0.000000000000000000e+00 0.000000000000000000e+00
0.000000000000000000e+00 6.552795220622040532e-05 0.000000000000000000e+00
4.672375126734026852e-05 6.588370194757625631e-05 0.000000000000000000e+00
0.000000000000000000e+00 0.000000000000000000e+00 0.000000000000000000e+00
9.416961179724712603e-05 6.661088257876407416e-05 0.000000000000000000e+00
9.445920413051950618e-05 0.000000000000000000e+00 0.000000000000000000e+00
0.000000000000000000e+00 0.000000000000000000e+00 0.000000000000000000e+00
0.000000000000000000e+00 0.000000000000000000e+00 0.000000000000000000e+00
0.000000000000000000e+00 0.000000000000000000e+00 0.000000000000000000e+00
0.000000000000000000e+00 6.803842478398527765e-05 0.000000000000000000e+00
0.000000000000000000e+00 0.000000000000000000e+00 0.000000000000000000e+00
0.000000000000000000e+00 0.000000000000000000e+00 0.000000000000000000e+00
4.900307241688479031e-05 6.923308372329649025e-05 0.000000000000000000e+00
9.819080415177329415e-05 6.935051084067159449e-05 0.000000000000000000e+00
0.000000000000000000e+00 0.000000000000000000e+00 0.000000000000000000e+00
0.000000000000000000e+00 1.401931132696319460e-04 0.000000000000000000e+00
4.992068698799656979e-05 0.000000000000000000e+00 0.000000000000000000e+00
0.000000000000000000e+00 0.000000000000000000e+00 0.000000000000000000e+00
0.000000000000000000e+00 0.000000000000000000e+00 0.000000000000000000e+00
0.000000000000000000e+00 0.000000000000000000e+00 0.000000000000000000e+00
0.000000000000000000e+00 1.435726793060826986e-04 0.000000000000000000e+00
1.527472729791462926e-04 7.202557743550509414e-05 0.000000000000000000e+00
5.113856271336055822e-05 0.000000000000000000e+00 0.000000000000000000e+00
1.030608736298886522e-04 0.000000000000000000e+00 0.000000000000000000e+00
0.000000000000000000e+00 0.000000000000000000e+00 0.000000000000000000e+00
5.185735004664652364e-05 0.000000000000000000e+00 0.000000000000000000e+00
5.220910153898758015e-05 7.391341978966125235e-05 0.000000000000000000e+00
1.047231579228932751e-04 1.483393848362311233e-04 0.000000000000000000e+00
5.264807213010778270e-05 0.000000000000000000e+00 4.480912002239467056e-04
0.000000000000000000e+00 0.000000000000000000e+00 0.000000000000000000e+00
0.000000000000000000e+00 0.000000000000000000e+00 0.000000000000000000e+00
0.000000000000000000e+00 0.000000000000000000e+00 0.000000000000000000e+00
0.000000000000000000e+00 0.000000000000000000e+00 0.000000000000000000e+00
1.079036125319264528e-04 7.618096692621612986e-05 0.000000000000000000e+00
0.000000000000000000e+00 0.000000000000000000e+00 0.000000000000000000e+00
0.000000000000000000e+00 0.000000000000000000e+00 0.000000000000000000e+00
0.000000000000000000e+00 0.000000000000000000e+00 0.000000000000000000e+00
0.000000000000000000e+00 7.738962471931559912e-05 0.000000000000000000e+00
0.000000000000000000e+00 0.000000000000000000e+00 0.000000000000000000e+00
0.000000000000000000e+00 0.000000000000000000e+00 0.000000000000000000e+00
0.000000000000000000e+00 0.000000000000000000e+00 0.000000000000000000e+00
5.585108936966280447e-05 0.000000000000000000e+00 0.000000000000000000e+00
0.000000000000000000e+00 0.000000000000000000e+00 0.000000000000000000e+00
0.000000000000000000e+00 0.000000000000000000e+00 0.000000000000000000e+00
0.000000000000000000e+00 0.000000000000000000e+00 0.000000000000000000e+00
0.000000000000000000e+00 0.000000000000000000e+00 0.000000000000000000e+00
0.000000000000000000e+00 0.000000000000000000e+00 0.000000000000000000e+00
1.144271972782238207e-04 8.100212438610290692e-05 0.000000000000000000e+00
0.000000000000000000e+00 0.000000000000000000e+00 0.000000000000000000e+00
0.000000000000000000e+00 0.000000000000000000e+00 0.000000000000000000e+00
0.000000000000000000e+00 0.000000000000000000e+00 0.000000000000000000e+00
0.000000000000000000e+00 0.000000000000000000e+00 0.000000000000000000e+00
0.000000000000000000e+00 0.000000000000000000e+00 0.000000000000000000e+00
0.000000000000000000e+00 0.000000000000000000e+00 0.000000000000000000e+00
0.000000000000000000e+00 0.000000000000000000e+00 0.000000000000000000e+00
5.918923487604957746e-05 0.000000000000000000e+00 0.000000000000000000e+00
0.000000000000000000e+00 0.000000000000000000e+00 0.000000000000000000e+00
5.986033233203937612e-05 8.469702639678012613e-05 0.000000000000000000e+00
0.000000000000000000e+00 8.497132519054819214e-05 0.000000000000000000e+00
0.000000000000000000e+00 0.000000000000000000e+00 0.000000000000000000e+00
0.000000000000000000e+00 0.000000000000000000e+00 0.000000000000000000e+00
0.000000000000000000e+00 0.000000000000000000e+00 0.000000000000000000e+00
0.000000000000000000e+00 0.000000000000000000e+00 0.000000000000000000e+00
0.000000000000000000e+00 0.000000000000000000e+00 0.000000000000000000e+00
0.000000000000000000e+00 8.718167983551828822e-05 0.000000000000000000e+00
6.176160273107919238e-05 0.000000000000000000e+00 0.000000000000000000e+00
6.216620459843811371e-05 0.000000000000000000e+00 0.000000000000000000e+00
0.000000000000000000e+00 0.000000000000000000e+00 0.000000000000000000e+00
0.000000000000000000e+00 0.000000000000000000e+00 0.000000000000000000e+00
6.279124839014212946e-05 0.000000000000000000e+00 0.000000000000000000e+00
0.000000000000000000e+00 0.000000000000000000e+00 0.000000000000000000e+00
0.000000000000000000e+00 0.000000000000000000e+00 0.000000000000000000e+00
0.000000000000000000e+00 0.000000000000000000e+00 0.000000000000000000e+00
0.000000000000000000e+00 0.000000000000000000e+00 0.000000000000000000e+00
0.000000000000000000e+00 0.000000000000000000e+00 0.000000000000000000e+00
6.451565362917273362e-05 0.000000000000000000e+00 0.000000000000000000e+00
0.000000000000000000e+00 0.000000000000000000e+00 0.000000000000000000e+00
6.512045970661221373e-05 0.000000000000000000e+00 0.000000000000000000e+00
0.000000000000000000e+00 0.000000000000000000e+00 0.000000000000000000e+00
0.000000000000000000e+00 0.000000000000000000e+00 0.000000000000000000e+00
0.000000000000000000e+00 0.000000000000000000e+00 0.000000000000000000e+00
6.612402279283320563e-05 0.000000000000000000e+00 0.000000000000000000e+00
0.000000000000000000e+00 0.000000000000000000e+00 0.000000000000000000e+00
0.000000000000000000e+00 0.000000000000000000e+00 0.000000000000000000e+00
6.689789943804825818e-05 0.000000000000000000e+00 0.000000000000000000e+00
0.000000000000000000e+00 0.000000000000000000e+00 0.000000000000000000e+00
0.000000000000000000e+00 0.000000000000000000e+00 0.000000000000000000e+00
0.000000000000000000e+00 0.000000000000000000e+00 0.000000000000000000e+00
0.000000000000000000e+00 0.000000000000000000e+00 0.000000000000000000e+00
0.000000000000000000e+00 0.000000000000000000e+00 0.000000000000000000e+00
0.000000000000000000e+00 0.000000000000000000e+00 0.000000000000000000e+00
0.000000000000000000e+00 0.000000000000000000e+00 0.000000000000000000e+00
0.000000000000000000e+00 0.000000000000000000e+00 0.000000000000000000e+00
0.000000000000000000e+00 0.000000000000000000e+00 0.000000000000000000e+00
0.000000000000000000e+00 0.000000000000000000e+00 0.000000000000000000e+00
0.000000000000000000e+00 0.000000000000000000e+00 0.000000000000000000e+00
0.000000000000000000e+00 0.000000000000000000e+00 0.000000000000000000e+00
0.000000000000000000e+00 0.000000000000000000e+00 0.000000000000000000e+00
0.000000000000000000e+00 0.000000000000000000e+00 0.000000000000000000e+00
0.000000000000000000e+00 0.000000000000000000e+00 0.000000000000000000e+00
0.000000000000000000e+00 0.000000000000000000e+00 0.000000000000000000e+00
0.000000000000000000e+00 0.000000000000000000e+00 0.000000000000000000e+00
0.000000000000000000e+00 0.000000000000000000e+00 0.000000000000000000e+00
0.000000000000000000e+00 0.000000000000000000e+00 0.000000000000000000e+00
0.000000000000000000e+00 0.000000000000000000e+00 0.000000000000000000e+00
0.000000000000000000e+00 0.000000000000000000e+00 0.000000000000000000e+00
0.000000000000000000e+00 0.000000000000000000e+00 0.000000000000000000e+00
0.000000000000000000e+00 0.000000000000000000e+00 0.000000000000000000e+00
0.000000000000000000e+00 0.000000000000000000e+00 0.000000000000000000e+00
0.000000000000000000e+00 0.000000000000000000e+00 0.000000000000000000e+00
0.000000000000000000e+00 0.000000000000000000e+00 0.000000000000000000e+00
0.000000000000000000e+00 0.000000000000000000e+00 0.000000000000000000e+00
0.000000000000000000e+00 0.000000000000000000e+00 0.000000000000000000e+00
0.000000000000000000e+00 1.058056027165607364e-04 0.000000000000000000e+00
0.000000000000000000e+00 0.000000000000000000e+00 0.000000000000000000e+00
0.000000000000000000e+00 0.000000000000000000e+00 0.000000000000000000e+00
7.569622020300464948e-05 0.000000000000000000e+00 0.000000000000000000e+00
0.000000000000000000e+00 0.000000000000000000e+00 0.000000000000000000e+00
0.000000000000000000e+00 0.000000000000000000e+00 0.000000000000000000e+00
0.000000000000000000e+00 0.000000000000000000e+00 0.000000000000000000e+00
0.000000000000000000e+00 0.000000000000000000e+00 0.000000000000000000e+00
0.000000000000000000e+00 1.092512321398780953e-04 0.000000000000000000e+00
0.000000000000000000e+00 0.000000000000000000e+00 0.000000000000000000e+00
0.000000000000000000e+00 0.000000000000000000e+00 0.000000000000000000e+00
0.000000000000000000e+00 0.000000000000000000e+00 0.000000000000000000e+00
0.000000000000000000e+00 0.000000000000000000e+00 0.000000000000000000e+00
1.571916687022855406e-04 0.000000000000000000e+00 0.000000000000000000e+00
0.000000000000000000e+00 0.000000000000000000e+00 0.000000000000000000e+00
0.000000000000000000e+00 0.000000000000000000e+00 0.000000000000000000e+00
0.000000000000000000e+00 0.000000000000000000e+00 0.000000000000000000e+00
0.000000000000000000e+00 0.000000000000000000e+00 0.000000000000000000e+00
0.000000000000000000e+00 0.000000000000000000e+00 0.000000000000000000e+00
0.000000000000000000e+00 0.000000000000000000e+00 0.000000000000000000e+00
0.000000000000000000e+00 0.000000000000000000e+00 0.000000000000000000e+00
0.000000000000000000e+00 0.000000000000000000e+00 0.000000000000000000e+00
0.000000000000000000e+00 0.000000000000000000e+00 0.000000000000000000e+00
0.000000000000000000e+00 0.000000000000000000e+00 0.000000000000000000e+00
0.000000000000000000e+00 0.000000000000000000e+00 0.000000000000000000e+00
0.000000000000000000e+00 0.000000000000000000e+00 0.000000000000000000e+00
0.000000000000000000e+00 0.000000000000000000e+00 0.000000000000000000e+00
0.000000000000000000e+00 0.000000000000000000e+00 0.000000000000000000e+00
0.000000000000000000e+00 0.000000000000000000e+00 0.000000000000000000e+00
0.000000000000000000e+00 0.000000000000000000e+00 0.000000000000000000e+00
0.000000000000000000e+00 0.000000000000000000e+00 0.000000000000000000e+00
0.000000000000000000e+00 0.000000000000000000e+00 0.000000000000000000e+00
0.000000000000000000e+00 0.000000000000000000e+00 0.000000000000000000e+00
0.000000000000000000e+00 0.000000000000000000e+00 0.000000000000000000e+00
0.000000000000000000e+00 0.000000000000000000e+00 0.000000000000000000e+00
0.000000000000000000e+00 0.000000000000000000e+00 0.000000000000000000e+00
0.000000000000000000e+00 0.000000000000000000e+00 0.000000000000000000e+00
0.000000000000000000e+00 0.000000000000000000e+00 0.000000000000000000e+00
0.000000000000000000e+00 0.000000000000000000e+00 0.000000000000000000e+00
0.000000000000000000e+00 0.000000000000000000e+00 0.000000000000000000e+00
0.000000000000000000e+00 0.000000000000000000e+00 0.000000000000000000e+00
0.000000000000000000e+00 0.000000000000000000e+00 0.000000000000000000e+00
0.000000000000000000e+00 0.000000000000000000e+00 0.000000000000000000e+00
0.000000000000000000e+00 0.000000000000000000e+00 0.000000000000000000e+00
0.000000000000000000e+00 0.000000000000000000e+00 0.000000000000000000e+00
0.000000000000000000e+00 0.000000000000000000e+00 0.000000000000000000e+00
0.000000000000000000e+00 0.000000000000000000e+00 0.000000000000000000e+00
0.000000000000000000e+00 0.000000000000000000e+00 0.000000000000000000e+00
0.000000000000000000e+00 0.000000000000000000e+00 0.000000000000000000e+00
0.000000000000000000e+00 0.000000000000000000e+00 0.000000000000000000e+00
0.000000000000000000e+00 0.000000000000000000e+00 0.000000000000000000e+00
0.000000000000000000e+00 0.000000000000000000e+00 0.000000000000000000e+00
0.000000000000000000e+00 0.000000000000000000e+00 0.000000000000000000e+00
0.000000000000000000e+00 0.000000000000000000e+00 0.000000000000000000e+00
0.000000000000000000e+00 0.000000000000000000e+00 0.000000000000000000e+00
0.000000000000000000e+00 0.000000000000000000e+00 0.000000000000000000e+00
