2.332701611294787944e-06 2.252218015717323013e-06 9.143299294496863666e-08
1.683347573413973092e-05 1.657016252768056926e-05 1.788892402413342871e-06
4.514799342778599020e-05 4.519687426526808273e-05 8.312327384797317447e-06
8.718801520777222217e-05 8.552113847021001265e-05 1.824452654944988211e-05
1.422420946051811358e-04 1.406732032626100174e-04 4.218698285697714646e-05
2.040127446839524127e-04 2.059572289866009145e-04 6.119663098162186616e-05
2.831963936211413140e-04 2.918060617796723924e-04 1.100796245755449976e-04
3.691460690043582094e-04 3.983173517820887306e-04 1.550143135768964947e-04
4.785661993924583669e-04 4.995913637631248412e-04 2.120488139611482927e-04
5.826927259521915868e-04 5.939595046800535223e-04 2.608564530485763130e-04
6.866383277634627953e-04 7.115196846184523990e-04 3.477021287545003603e-04
8.151731166297483764e-04 8.218101128592041537e-04 4.213589793252889271e-04
9.443247470807388183e-04 9.718752845303702675e-04 5.115365640482512919e-04
1.120199683481352135e-03 1.124581737029259820e-03 6.340647423777942679e-04
1.213860644999679951e-03 1.235446373067810872e-03 6.891012228458746891e-04
1.348899735422632055e-03 1.431887930961161419e-03 8.856554852550354304e-04
1.533179084337210575e-03 1.581311735182455887e-03 9.930398195520328229e-04
1.628395818687155107e-03 1.787180712750995352e-03 1.153563497970919735e-03
1.845909071881199955e-03 1.972549650165001354e-03 1.131691039603904348e-03
2.039604577512212514e-03 2.063894527238833466e-03 1.263089951152649056e-03
2.113250883029535020e-03 2.264298498453466094e-03 1.520230094303140619e-03
2.234847951400560639e-03 2.498964871753305613e-03 1.699505289679211200e-03
2.447567554219650960e-03 2.591698317767598611e-03 1.801303904188566443e-03
2.576543786167454202e-03 2.692164184187639028e-03 1.987520360814898791e-03
2.797436238344806064e-03 2.993788392298979591e-03 2.231942814213206186e-03
2.978355488823282871e-03 3.164211817511137885e-03 2.323190064909709269e-03
3.057721969085292705e-03 3.460565793638926795e-03 2.617711349182294187e-03
3.191619220274385677e-03 3.486253544011914431e-03 2.618454514690993044e-03
3.556251377352692786e-03 3.739555707385250512e-03 2.955436098225217544e-03
3.581736422681507711e-03 3.963608204578269664e-03 2.970247707132754773e-03
3.740906800084746724e-03 3.962765877931358725e-03 2.952168574613919187e-03
3.871498471790934572e-03 4.054074390315623097e-03 3.022579893369875537e-03
3.985117224637693689e-03 4.413405510248403010e-03 3.417268558241536112e-03
4.114471010880168915e-03 4.469703637880354657e-03 3.532320829916389768e-03
4.343895905326316913e-03 4.412162581520603227e-03 3.612377596963657709e-03
4.426719699853009712e-03 4.709480830870579199e-03 4.046527012259822781e-03
4.520350721383163510e-03 5.020017543387234396e-03 4.144942177270575373e-03
4.544550197273489710e-03 4.984741813885097336e-03 4.028940953325450651e-03
4.662280644001567768e-03 5.284415661044020510e-03 4.314770547257946315e-03
5.038248234520072144e-03 5.087722834955663888e-03 4.440905255153091563e-03
5.238749502518101793e-03 5.390348403720814259e-03 4.661415747773171858e-03
5.106972201193085183e-03 5.484935477045695291e-03 5.146476154024168075e-03
5.307882683088440724e-03 5.742334554498844390e-03 5.544234970153463955e-03
5.379633332123906486e-03 5.675895971409544195e-03 5.428477156628204459e-03
5.575123441341750009e-03 5.582809322891124637e-03 5.144126658394203473e-03
5.607703200793912220e-03 5.899871713396408028e-03 5.752536871497316955e-03
5.808375519344477315e-03 6.153189512602101272e-03 4.538972678231902556e-03
5.608342110402139355e-03 6.302175578102914635e-03 5.278520473883995499e-03
5.904684787167912771e-03 6.073788098672931908e-03 5.613445779786147873e-03
6.268762930548404597e-03 6.230635700140850670e-03 5.987053619503644557e-03
6.321540255589503179e-03 6.555830959357868658e-03 5.794187994130890577e-03
6.244241734571675390e-03 6.624622805953057914e-03 5.476752633544111799e-03
5.990454744358972988e-03 6.425748695137227517e-03 5.377553320749198229e-03
6.279396900414374594e-03 6.679189129829770505e-03 5.789326985322498093e-03
6.427523907092439447e-03 6.529387675969929548e-03 5.666286725064511448e-03
6.318364658091274108e-03 6.846282633282995897e-03 6.864041299903461853e-03
6.748652450460867341e-03 6.842775532078354192e-03 6.022158833003773276e-03
6.895535593243072234e-03 7.241817929462697132e-03 5.895300271648655846e-03
6.688199294648230868e-03 6.999702629021235280e-03 6.487630926402795928e-03
6.513120544100721790e-03 7.624701712097998844e-03 6.000904110086162889e-03
6.851699598271800314e-03 6.869284714164141693e-03 5.974783983573863852e-03
6.621114516240049833e-03 7.154943482637777380e-03 6.587392575328798565e-03
6.617646656021069530e-03 7.118629557241054097e-03 6.405874055928286077e-03
7.143066775974643914e-03 6.820711917914813738e-03 6.979404029286676199e-03
6.771827262213369301e-03 7.333244913109380689e-03 6.587595896722451411e-03
6.837352948129610079e-03 7.158814987310635480e-03 5.788429502073851561e-03
6.753524509603864648e-03 7.607504833793406022e-03 7.394838086355185088e-03
6.996162210839586455e-03 7.378410737145802908e-03 6.911482875052137563e-03
6.995750657744811106e-03 7.184214711135292544e-03 7.230148525692091030e-03
7.007784017701378966e-03 6.965219390794750651e-03 5.985984132179954231e-03
6.976060115377039593e-03 7.200826196055484796e-03 7.379326312957712117e-03
7.049580104232087106e-03 7.386620604028040250e-03 6.681737042735128029e-03
7.050738300456291761e-03 7.241263706251571501e-03 7.737126678046935858e-03
6.492095267842492787e-03 7.037462899665778912e-03 6.396922519382182426e-03
7.402891623946258361e-03 7.302895144333162829e-03 7.360845468387418669e-03
6.582060936539251353e-03 6.909093921626296812e-03 7.197669822278473899e-03
7.024580385850699368e-03 7.250457929358605780e-03 6.529224112890193860e-03
6.990037067971383022e-03 7.163280988842278194e-03 7.837090790847314400e-03
6.809739537478238548e-03 7.078671052798992530e-03 7.216632592682624935e-03
6.987250770756501562e-03 7.188515549192318714e-03 8.323113976866932870e-03
6.917322273923186271e-03 7.632633271005906730e-03 6.867552519774384849e-03
6.359839974562797593e-03 6.842871220050829491e-03 7.488659127567629144e-03
6.996243058807943838e-03 7.488918335534094223e-03 5.923404983608447465e-03
6.836834707195768926e-03 6.829236525121901505e-03 5.994735848869456665e-03
7.255224045647577086e-03 7.118679115817481626e-03 6.606071596177080611e-03
7.475223585287693769e-03 7.160292850263014035e-03 7.100823792490334671e-03
7.013044103178186876e-03 7.144049201066923933e-03 7.266426557588829584e-03
6.654893268737362491e-03 6.680849486688577449e-03 7.085127652448234420e-03
6.540651752397112252e-03 6.680065868224954392e-03 7.073440611542473194e-03
6.767004947973755992e-03 6.479610191736213942e-03 7.588005808623348933e-03
6.850760877900493630e-03 6.812689075147711215e-03 7.039441222745411973e-03
6.900871128707506720e-03 7.044703818568712195e-03 7.657455955459331089e-03
7.123366931166458943e-03 6.955426949476227472e-03 6.875175705364955543e-03
6.161140308178170329e-03 7.574980921596310805e-03 6.144594756551064602e-03
6.441583709886409929e-03 6.744300736979120039e-03 7.467182360752144463e-03
7.111124347824624922e-03 7.568894873759495802e-03 6.010822517482438711e-03
6.042486154552378398e-03 7.088280797228214622e-03 6.543324945506735074e-03
6.624663600525117733e-03 6.809764448679769822e-03 6.690084760655101194e-03
6.220591785294092915e-03 6.560675733084863834e-03 6.612821648493484236e-03
6.521669495538136470e-03 6.945190172493791343e-03 5.964908327086561497e-03
6.325238168051339725e-03 6.308113273137740465e-03 6.765057635341810080e-03
6.422052548171634095e-03 6.432367456151439136e-03 6.096374017949027571e-03
6.051156044237115950e-03 6.702310743020183093e-03 7.381577926335168571e-03
6.273012215328035469e-03 6.626244187024406262e-03 6.221363884013985865e-03
6.600466746449033806e-03 6.462137696518140649e-03 6.701740126942556594e-03
6.003215975168039314e-03 6.093065812861456904e-03 7.073753713268605969e-03
5.912850301533427444e-03 6.188185374852372793e-03 6.456813916698789409e-03
5.979428611084146999e-03 5.818230223518035434e-03 6.970204312369724514e-03
6.281873701806103133e-03 5.903807440620653310e-03 6.048417127309631096e-03
6.026096456749256355e-03 6.381043875964434106e-03 5.348230306141128765e-03
6.465304600326792460e-03 5.865173214906708316e-03 7.089076064230717678e-03
6.266419978643453237e-03 6.184501816944077725e-03 6.516270730391638885e-03
5.861488906187196229e-03 5.909392068473269879e-03 5.784655470409409868e-03
4.881321343128746867e-03 5.766595150732176968e-03 3.738907067431116761e-03
5.447909072912386109e-03 5.438624995672354870e-03 6.150516070080885508e-03
5.400070148045295511e-03 5.508179095245847867e-03 5.213399798959357512e-03
5.124752406223627432e-03 5.657801678136025261e-03 5.157685449502550160e-03
6.021770832826092885e-03 5.916507205654790609e-03 5.555605586445892634e-03
5.569497884525126397e-03 5.234148243811521418e-03 7.045602159318290966e-03
6.109563780581741751e-03 5.955551155376995892e-03 6.215574824967706746e-03
5.465815235899277279e-03 5.496082029423934000e-03 4.860628623646789243e-03
5.370815962127103819e-03 6.127096254728750524e-03 4.282330950296372833e-03
5.810436328383815352e-03 5.047731653346260519e-03 6.205498258859719514e-03
4.950474041649553444e-03 5.186547289585211398e-03 6.125671682143458974e-03
5.601816375622743760e-03 5.062984653848432402e-03 5.188121988622198394e-03
5.498165323554266015e-03 5.206268309145783632e-03 5.805292136307889546e-03
4.870345987395583581e-03 4.028218708519722135e-03 4.111860244775330381e-03
5.164945001164336635e-03 4.870073490982354536e-03 5.076524394140920216e-03
5.110659556830742141e-03 5.206373322028507410e-03 3.317629570302158253e-03
4.942100588718189268e-03 4.671520166920648497e-03 3.737850496491540615e-03
5.158742634344641934e-03 5.333165569078097100e-03 4.758452468410606130e-03
4.907504386715118294e-03 4.819674568526475383e-03 5.406104174978005293e-03
5.555747749298357505e-03 3.912075456689791120e-03 2.940344723653453684e-03
4.574013147868155257e-03 4.554250544665518555e-03 5.369288817929097554e-03
4.965558436840162258e-03 4.064709862570121783e-03 5.851276553959582939e-03
5.109643029882560486e-03 4.234599199857233542e-03 5.740003816364532864e-03
4.704783383385601619e-03 3.901009916007079203e-03 5.828341504153066420e-03
4.646717111171282111e-03 3.741451758116670807e-03 4.855012997874350554e-03
5.678496637623956997e-03 4.239268202716655991e-03 4.500246268013533522e-03
4.838061440748687818e-03 4.297283688489253288e-03 4.560964224588557638e-03
5.068072541119262968e-03 4.251502611057350438e-03 5.943437670095928597e-03
4.324147754786415200e-03 4.465190731927142984e-03 3.795555576950662095e-03
4.635582772622610925e-03 3.708478869329025294e-03 3.855538746694925877e-03
4.616298770162519279e-03 4.551136870404690928e-03 4.824021840297106588e-03
3.884971112111336791e-03 4.252918475043472937e-03 4.198226442150333922e-03
4.543962689137844360e-03 3.986311706877093512e-03 3.778693532261126736e-03
5.013361423721156285e-03 4.371569586442429836e-03 3.348816081489768177e-03
4.342137313640742104e-03 4.306447885508308746e-03 3.879786211890407649e-03
3.473818874470751064e-03 4.282981425942113986e-03 2.951289009945170724e-03
3.643545762999135431e-03 4.084342695298092026e-03 3.244423596221394056e-03
3.969333965947346651e-03 3.786028719606831898e-03 3.024648855141260761e-03
3.211719978742107358e-03 4.142448579186425346e-03 2.817489473179549640e-03
3.725885804536535444e-03 3.530328110584978786e-03 4.151195154245887649e-03
3.073687380820160856e-03 3.575183213972569270e-03 4.463512107321197277e-03
3.078850580912640203e-03 4.356707386408691096e-03 3.202323794490944796e-03
3.216848295226523366e-03 3.575414439146436946e-03 4.860617690276003260e-03
3.362744466255088768e-03 3.529791685281373752e-03 5.186393408408956907e-03
3.369733855621895573e-03 3.476370600010717220e-03 4.420819205955582760e-03
3.378193832771189502e-03 3.716424535546733552e-03 3.645373974046004807e-03
3.836856598914239417e-03 3.519895578148296046e-03 3.123985710455259857e-03
3.010369971211470340e-03 3.415022396851410871e-03 2.299610410716431026e-03
3.967882806982338424e-03 3.758902995491858814e-03 3.492106623751857486e-03
2.905871138333499578e-03 3.198060048417827438e-03 3.833761740942468171e-03
3.195495363929254807e-03 2.310505698449513961e-03 5.070339607813140193e-03
3.050216891031672182e-03 2.496366192725303027e-03 4.229591567457416552e-03
3.015004308326666230e-03 2.105157138216954670e-03 3.663455732717626947e-03
3.462043124068254086e-03 2.500454572297882306e-03 2.165198497996888641e-03
3.125604655135036641e-03 3.558858959046699508e-03 2.508678666319440458e-03
3.780738299897970240e-03 3.000802714652688486e-03 3.484864730534952687e-03
3.043791213466606055e-03 2.317471581708103329e-03 2.888261289466697614e-03
2.764587225526732479e-03 2.624391788326101670e-03 3.570700284262155917e-03
2.676448409166773922e-03 3.336559501923316937e-03 4.264155847078416467e-03
2.628248036988196056e-03 2.574763548788824592e-03 9.955874200000458443e-04
3.560081830568159484e-03 3.005905959391247557e-03 1.683886719401740326e-03
2.855263636324404872e-03 3.391134763197519147e-03 2.722155535717096959e-03
2.674838750008780037e-03 2.841871669278443584e-03 2.748728593192689175e-03
2.582405904109054406e-03 2.752744266318261825e-03 2.433034622013357205e-03
1.795845398495523378e-03 2.846598863637469796e-03 1.054967307067726252e-03
2.727626951448429080e-03 2.388199823418824148e-03 2.846894630988393033e-03
2.539837938943348503e-03 2.476374203328879711e-03 1.796314124568696531e-03
2.390100960054845122e-03 2.191405970293287125e-03 2.910718575980849460e-03
2.284006303197847788e-03 2.025751317099006021e-03 3.310145034859740976e-03
1.942342523697118987e-03 2.689049799486750453e-03 2.232942592365644730e-03
2.103325166062729179e-03 2.716397885190059442e-03 2.633858651554177137e-03
2.311626901011646154e-03 2.683259629944922085e-03 1.519829454150779368e-03
2.572797678846642892e-03 2.774984088070108369e-03 1.537182553681478055e-03
2.504949365520761032e-03 1.939129507065746752e-03 2.324869266304564579e-03
2.147843056656328475e-03 1.890398780913337849e-03 1.570834790091101170e-03
2.363263610766993400e-03 1.843412215867542376e-03 1.981091610252720247e-03
1.998900948365859003e-03 2.621311910713926448e-03 8.024308812124580654e-04
2.515987012168907720e-03 2.370793466787450652e-03 3.236188606356420888e-03
2.093440093738596543e-03 2.465965143093717948e-03 2.862603383709863385e-03
2.365861283012810155e-03 1.921958758193037953e-03 2.900684885836727917e-03
1.731026737182388142e-03 1.151537958141790521e-03 2.924648494286429673e-03
2.363954895788748008e-03 1.963044408085818770e-03 2.964698842809052135e-03
2.233141765564166433e-03 2.718491112255850412e-03 1.281568383949974535e-03
2.570998888183334292e-03 2.004955979918628551e-03 1.726804737442638824e-03
2.755896376545887653e-03 2.099732857608927437e-03 3.479831181701969079e-03
1.715417142162917619e-03 2.045386794755344601e-03 2.196830079554416316e-03
1.837093167143766638e-03 2.907966697701167783e-03 2.666017410952425861e-03
2.293190820669440463e-03 2.160393948359579704e-03 1.349359552554058777e-03
2.315994956585199979e-03 1.561245995341525297e-03 3.624283108770302939e-03
2.451183709991442382e-03 1.890508207135838375e-03 3.203849857234857684e-03
2.193747178267883759e-03 1.114243444005444828e-03 4.162371560286986724e-03
1.477035791126631459e-03 1.045102949718819873e-03 1.867249244683219945e-03
2.063975917021846924e-03 9.735260489105947070e-04 1.882255617656619206e-03
1.332015475624903373e-03 2.211396775622940462e-03 2.852159174076706119e-03
1.755334868359451723e-03 1.987124466429513337e-03 1.443088374714220513e-03
1.536113974939520366e-03 1.421273839569473646e-03 1.945865397209563382e-03
1.669151410191723481e-03 2.024575834044604027e-03 1.959127236538166401e-03
1.686728661581837242e-03 1.788352520585163950e-03 2.471221938446047442e-03
1.701478016739229552e-03 1.548685439653515149e-03 9.962841365478889398e-04
1.777402559264033280e-03 1.908301338408629729e-03 2.012428401693681489e-03
1.485750427745481271e-03 1.401916986663765460e-03 3.051253890939902014e-03
1.687939187566085989e-03 1.857463050293772788e-03 1.543023492644034862e-03
1.071893319135809987e-03 1.337330213265673640e-03 1.557240161822956177e-03
1.591435033724651312e-03 2.071489571295324125e-03 1.047876140728797208e-03
1.413710007364988924e-03 1.636702135700338415e-03 2.113594399221173370e-03
1.750103133694855782e-03 1.375117409896107860e-03 3.197458676736016428e-03
1.308546811975687700e-03 1.573940762691246982e-03 1.075924381471179969e-03
1.254593505418251115e-03 1.586046599833750188e-03 1.084769031812362824e-03
1.466579174167663337e-03 1.038653196551856013e-03 1.645708264001582381e-03
1.545339354451319815e-03 7.601889746207578713e-04 1.108120889582616319e-03
1.627906906854418093e-03 1.536043118772942176e-03 5.562513172199533328e-04
1.299632171800924616e-03 1.259407689505251437e-03 5.646565067964911351e-04
1.451754949474057515e-03 7.810836104083832519e-04 2.267878302888621384e-03
1.323470452560900198e-03 6.896094178658198444e-04 1.715735217606461412e-03
1.898811463548764292e-03 5.963867585192998526e-04 2.882652916878145760e-03
9.221434833572352560e-04 1.707644785761302077e-03 5.804333608405687871e-04
1.216092932864694344e-03 8.097262132446683214e-04 0.000000000000000000e+00
9.377566915236953873e-04 1.021582828861727563e-03 1.185232077912266521e-03
1.892909531423065186e-03 1.339703587453655630e-03 5.974602814761543037e-04
1.689069041673979229e-03 1.141271631773583227e-03 0.000000000000000000e+00
1.183525858558553403e-03 1.256368460751502384e-03 1.219010316060701888e-03
1.269084968404779945e-03 1.163060616258528848e-03 1.845877345329359183e-03
9.032724014223992215e-04 1.065399496465877166e-03 1.236813791861846729e-03
7.590465217236397506e-04 1.181963162735476421e-03 6.231456099848784423e-04
7.654058799974460415e-04 9.746608277476052906e-04 6.290682097936154109e-04
8.502324710319311522e-04 9.832206340304812560e-04 6.362975975210586428e-04
1.404071731241662282e-03 8.815056971129301908e-04 0.000000000000000000e+00
5.491738178555854695e-04 1.111614025373904068e-03 1.286922144773099781e-03
1.347485073155377635e-03 1.120804474844767223e-03 1.951997589021667399e-03
8.793588489407753225e-04 1.130740514245212689e-03 6.552007524704504121e-04
4.032230452627611210e-04 2.277544742594508724e-04 6.604041794452693683e-04
1.137344531179347888e-03 8.053966223558802623e-04 2.003874807687211056e-03
1.145998889984365136e-03 6.950293897010056260e-04 1.349420293502869191e-03
8.249822346039807023e-04 4.668067046858708565e-04 2.034133089987084225e-03
1.080215357550740572e-03 5.883309740920176318e-04 0.000000000000000000e+00
7.539434863982761225e-04 9.494427151614204209e-04 6.918345655423538366e-04
6.760838797408998775e-04 1.077581667471294146e-03 6.922793322075274005e-04
6.815165223351442791e-04 6.028000362787638627e-04 3.500884655564182914e-03
6.879548937421330968e-04 4.862148415224444510e-04 7.045664222275988074e-04
1.038932307456949880e-03 4.903611388752972516e-04 0.000000000000000000e+00
1.222720242293192511e-03 7.401701576543827767e-04 0.000000000000000000e+00
7.032157809455178701e-04 9.966701532186333749e-04 0.000000000000000000e+00
5.311089981494858869e-04 8.776790578063959790e-04 1.458473253123634961e-03
8.047582378230425451e-04 2.534430027334592982e-04 2.936158189486649372e-03
5.406680828736535856e-04 6.378401610977318123e-04 0.000000000000000000e+00
1.000066452699430435e-03 1.280277699779567321e-04 7.464579539635670617e-04
4.572200465502520867e-04 5.178025075115647155e-04 1.499621297781175830e-03
8.293988459164161955e-04 5.209203306193327127e-04 7.573524684072296519e-04
8.356673798490997724e-04 9.199241274269872801e-04 7.650489718960117470e-04
5.617527695295617069e-04 2.650628281372597672e-04 7.669206506386570289e-04
1.039101794921227541e-03 2.674504572589486099e-04 7.774914515551288466e-04
9.502877526952398669e-04 5.380699016121047061e-04 7.812673947729577989e-04
8.628788898561395946e-04 1.084332158220248019e-03 0.000000000000000000e+00
4.832704341623007827e-04 2.735691607346209622e-04 0.000000000000000000e+00
1.950338765821913020e-04 2.752946566432473013e-04 0.000000000000000000e+00
1.078154005017570565e-03 8.307892694594034297e-04 0.000000000000000000e+00
6.911341174312055340e-04 4.189309331755829515e-04 1.623369618852445358e-03
5.954853293991705732e-04 7.029646269046473757e-04 0.000000000000000000e+00
9.002927225804463430e-04 5.662124715138355368e-04 8.238916767314017004e-04
8.069198519242202052e-04 2.863913213667597987e-04 1.656530371661265591e-03
7.113215522951299875e-04 5.736224628494758461e-04 8.365573793773979118e-04
4.090469273263467199e-04 0.000000000000000000e+00 8.421903341852328027e-04
5.151775895626745224e-04 8.749862962159283197e-04 1.696422900906890269e-03
6.224589369384585626e-04 8.806280422193123007e-04 8.552425815104689908e-04
8.380444849064052053e-04 8.887627808338916576e-04 1.720388117205236614e-03
5.261311772809091312e-04 7.455101081044297143e-04 0.000000000000000000e+00
5.305872723331951733e-04 9.012281775351005646e-04 8.743841089539725487e-04
1.067379470255043266e-04 6.046947184135274735e-04 1.756779198726701741e-03
3.236045360413374169e-04 3.044204909679505558e-04 0.000000000000000000e+00
2.171476905472654196e-04 0.000000000000000000e+00 0.000000000000000000e+00
5.453610238416832512e-04 3.081966767281070388e-04 8.960133891459259609e-04
1.099917793737512572e-04 1.554728876464115924e-04 0.000000000000000000e+00
5.546081909341885443e-04 3.124345009045014681e-04 1.818949489252773537e-03
6.697911559847762953e-04 4.730901995008915135e-04 9.163708967896638065e-04
3.369084476148503709e-04 4.767086829448268339e-04 9.214960036704869300e-04
4.526763555102009768e-04 3.199760435959941385e-04 9.268927476473882423e-04
6.829099383415488745e-04 3.218417883691078538e-04 1.876761563106726406e-03
9.169646719479478429e-04 3.243831185839860833e-04 0.000000000000000000e+00
4.615975219588893102e-04 1.627726592810409940e-04 9.462954611707775562e-04
1.160416635641602122e-04 1.644325640416272613e-04 0.000000000000000000e+00
4.684336591091445203e-04 1.655137615506896149e-04 0.000000000000000000e+00
5.884650913225036341e-04 1.661913091602437872e-04 9.695807718721134770e-04
4.743239669887816014e-04 3.354190299179743971e-04 1.949709888374623855e-03
3.583966393088825549e-04 1.685053231593421953e-04 0.000000000000000000e+00
1.201756711282139637e-04 1.697825652194743010e-04 9.851730984867012111e-04
6.055103339930393560e-04 6.853143525187348163e-04 0.000000000000000000e+00
2.432370662327903998e-04 1.728583985516437996e-04 1.000889801126471400e-03
0.000000000000000000e+00 3.476101813778517983e-04 0.000000000000000000e+00
6.174461368069046824e-04 5.231969742409832121e-04 0.000000000000000000e+00
4.971338682871027795e-04 0.000000000000000000e+00 0.000000000000000000e+00
1.250076878197019692e-04 1.773136881233944621e-04 0.000000000000000000e+00
8.825214504145138892e-04 0.000000000000000000e+00 0.000000000000000000e+00
3.801511168925081102e-04 1.797036177176642888e-04 0.000000000000000000e+00
3.820121267296140949e-04 3.606779236090034628e-04 0.000000000000000000e+00
1.283598860294735133e-04 0.000000000000000000e+00 1.057015134561922276e-03
2.591309193958646101e-04 3.661622994499613096e-04 0.000000000000000000e+00
2.604416460768122572e-04 1.836748484920070596e-04 0.000000000000000000e+00
3.928022315034181990e-04 0.000000000000000000e+00 0.000000000000000000e+00
2.632759968422726158e-04 3.736033440899463355e-04 0.000000000000000000e+00
3.981519978103277612e-04 0.000000000000000000e+00 0.000000000000000000e+00
1.338634197850868343e-04 1.891337961146503791e-04 2.193364022365431286e-03
2.692301565511766672e-04 3.797162133457175517e-04 1.102849271960265002e-03
5.405495446950893575e-04 5.747085042680502229e-04 1.112414756578965647e-03
1.359871154086481169e-04 3.855863458382211700e-04 0.000000000000000000e+00
2.740759932038048792e-04 3.869999401067442547e-04 0.000000000000000000e+00
0.000000000000000000e+00 1.946726820839836771e-04 0.000000000000000000e+00
0.000000000000000000e+00 3.922872933882356962e-04 1.140216960748695546e-03
1.391692065711741966e-04 1.978666022413112021e-04 0.000000000000000000e+00
1.406341354958905718e-04 5.951798069683090575e-04 1.154246744320114489e-03
1.416501102543410310e-04 0.000000000000000000e+00 1.159422087538600947e-03
2.842486324619860694e-04 0.000000000000000000e+00 0.000000000000000000e+00
4.294552815627849423e-04 0.000000000000000000e+00 0.000000000000000000e+00
1.435870027001617962e-04 2.032808905560026585e-04 1.183145143966027064e-03
2.900433897781443050e-04 0.000000000000000000e+00 0.000000000000000000e+00
2.913943589163307335e-04 2.055877478710156810e-04 0.000000000000000000e+00
1.465705490442176706e-04 0.000000000000000000e+00 0.000000000000000000e+00
1.474644333484231547e-04 0.000000000000000000e+00 0.000000000000000000e+00
1.479661955493055887e-04 0.000000000000000000e+00 0.000000000000000000e+00
1.492243294191939016e-04 2.112588679567802355e-04 0.000000000000000000e+00
1.501623910759761714e-04 4.244062670521183767e-04 0.000000000000000000e+00
3.023520097944476233e-04 0.000000000000000000e+00 0.000000000000000000e+00
1.520473320334583887e-04 0.000000000000000000e+00 0.000000000000000000e+00
4.590559752340350090e-04 0.000000000000000000e+00 0.000000000000000000e+00
6.151547037692019042e-04 0.000000000000000000e+00 0.000000000000000000e+00
0.000000000000000000e+00 2.190788016610471887e-04 0.000000000000000000e+00
0.000000000000000000e+00 2.206390018486363287e-04 0.000000000000000000e+00
0.000000000000000000e+00 0.000000000000000000e+00 0.000000000000000000e+00
1.575875494487036514e-04 2.224662321590076969e-04 0.000000000000000000e+00
4.752837249193061792e-04 0.000000000000000000e+00 1.299872383034304021e-03
1.589973898386876940e-04 0.000000000000000000e+00 0.000000000000000000e+00
0.000000000000000000e+00 0.000000000000000000e+00 0.000000000000000000e+00
3.216866267480534766e-04 0.000000000000000000e+00 0.000000000000000000e+00
1.625870578951213214e-04 2.292659462550980488e-04 0.000000000000000000e+00
3.266799154510666441e-04 0.000000000000000000e+00 0.000000000000000000e+00
4.923974739002793654e-04 0.000000000000000000e+00 0.000000000000000000e+00
0.000000000000000000e+00 0.000000000000000000e+00 0.000000000000000000e+00
0.000000000000000000e+00 0.000000000000000000e+00 0.000000000000000000e+00
0.000000000000000000e+00 0.000000000000000000e+00 0.000000000000000000e+00
0.000000000000000000e+00 2.369232383931905994e-04 0.000000000000000000e+00
1.689270677885361274e-04 0.000000000000000000e+00 0.000000000000000000e+00
1.700403844661332105e-04 0.000000000000000000e+00 0.000000000000000000e+00
0.000000000000000000e+00 0.000000000000000000e+00 0.000000000000000000e+00
0.000000000000000000e+00 0.000000000000000000e+00 0.000000000000000000e+00
0.000000000000000000e+00 0.000000000000000000e+00 0.000000000000000000e+00
1.734022742579030541e-04 0.000000000000000000e+00 0.000000000000000000e+00
0.000000000000000000e+00 2.473470087357786226e-04 0.000000000000000000e+00
3.508938721910323587e-04 0.000000000000000000e+00 0.000000000000000000e+00
3.524971246437445544e-04 0.000000000000000000e+00 0.000000000000000000e+00
0.000000000000000000e+00 0.000000000000000000e+00 1.456726950845328673e-03
0.000000000000000000e+00 0.000000000000000000e+00 0.000000000000000000e+00
0.000000000000000000e+00 0.000000000000000000e+00 0.000000000000000000e+00
1.804623895639541418e-04 0.000000000000000000e+00 0.000000000000000000e+00
1.815335572079525468e-04 2.564201494825037284e-04 0.000000000000000000e+00
1.823688789648565461e-04 0.000000000000000000e+00 1.499954301100537690e-03
0.000000000000000000e+00 2.599707351548218308e-04 0.000000000000000000e+00
0.000000000000000000e+00 0.000000000000000000e+00 0.000000000000000000e+00
0.000000000000000000e+00 0.000000000000000000e+00 0.000000000000000000e+00
0.000000000000000000e+00 0.000000000000000000e+00 0.000000000000000000e+00
0.000000000000000000e+00 2.649711506143111379e-04 1.538835511413450116e-03
0.000000000000000000e+00 0.000000000000000000e+00 0.000000000000000000e+00
1.896074341655733686e-04 0.000000000000000000e+00 0.000000000000000000e+00
0.000000000000000000e+00 0.000000000000000000e+00 0.000000000000000000e+00
0.000000000000000000e+00 2.714042069020746210e-04 0.000000000000000000e+00
1.924604724229263643e-04 2.731404486010724172e-04 0.000000000000000000e+00
0.000000000000000000e+00 0.000000000000000000e+00 0.000000000000000000e+00
0.000000000000000000e+00 0.000000000000000000e+00 0.000000000000000000e+00
0.000000000000000000e+00 0.000000000000000000e+00 0.000000000000000000e+00
0.000000000000000000e+00 0.000000000000000000e+00 1.613333356150492125e-03
0.000000000000000000e+00 0.000000000000000000e+00 0.000000000000000000e+00
0.000000000000000000e+00 0.000000000000000000e+00 0.000000000000000000e+00
1.996446086733109329e-04 0.000000000000000000e+00 0.000000000000000000e+00
0.000000000000000000e+00 0.000000000000000000e+00 0.000000000000000000e+00
0.000000000000000000e+00 0.000000000000000000e+00 0.000000000000000000e+00
2.026978417964056675e-04 0.000000000000000000e+00 0.000000000000000000e+00
0.000000000000000000e+00 0.000000000000000000e+00 0.000000000000000000e+00
0.000000000000000000e+00 2.906877276310178065e-04 0.000000000000000000e+00
2.056896514206713674e-04 2.910466382596234758e-04 0.000000000000000000e+00
0.000000000000000000e+00 0.000000000000000000e+00 0.000000000000000000e+00
0.000000000000000000e+00 0.000000000000000000e+00 0.000000000000000000e+00
0.000000000000000000e+00 0.000000000000000000e+00 0.000000000000000000e+00
0.000000000000000000e+00 0.000000000000000000e+00 0.000000000000000000e+00
0.000000000000000000e+00 0.000000000000000000e+00 0.000000000000000000e+00
0.000000000000000000e+00 0.000000000000000000e+00 0.000000000000000000e+00
0.000000000000000000e+00 0.000000000000000000e+00 0.000000000000000000e+00
0.000000000000000000e+00 0.000000000000000000e+00 0.000000000000000000e+00
0.000000000000000000e+00 0.000000000000000000e+00 0.000000000000000000e+00
0.000000000000000000e+00 3.074883034010677456e-04 0.000000000000000000e+00
0.000000000000000000e+00 0.000000000000000000e+00 0.000000000000000000e+00
0.000000000000000000e+00 0.000000000000000000e+00 0.000000000000000000e+00
0.000000000000000000e+00 3.117467088107665979e-04 0.000000000000000000e+00
0.000000000000000000e+00 0.000000000000000000e+00 0.000000000000000000e+00
0.000000000000000000e+00 0.000000000000000000e+00 0.000000000000000000e+00
0.000000000000000000e+00 0.000000000000000000e+00 0.000000000000000000e+00
0.000000000000000000e+00 0.000000000000000000e+00 0.000000000000000000e+00
0.000000000000000000e+00 0.000000000000000000e+00 0.000000000000000000e+00
2.272460233288423428e-04 3.211051419880088303e-04 0.000000000000000000e+00
0.000000000000000000e+00 0.000000000000000000e+00 0.000000000000000000e+00
0.000000000000000000e+00 0.000000000000000000e+00 0.000000000000000000e+00
0.000000000000000000e+00 0.000000000000000000e+00 0.000000000000000000e+00
2.308162125663650705e-04 0.000000000000000000e+00 0.000000000000000000e+00
0.000000000000000000e+00 0.000000000000000000e+00 0.000000000000000000e+00
0.000000000000000000e+00 0.000000000000000000e+00 0.000000000000000000e+00
0.000000000000000000e+00 0.000000000000000000e+00 0.000000000000000000e+00
0.000000000000000000e+00 3.338624219121694094e-04 0.000000000000000000e+00
0.000000000000000000e+00 3.355307689150480686e-04 0.000000000000000000e+00
0.000000000000000000e+00 3.362378597593784638e-04 0.000000000000000000e+00
0.000000000000000000e+00 3.375253862851665919e-04 0.000000000000000000e+00
0.000000000000000000e+00 0.000000000000000000e+00 0.000000000000000000e+00
0.000000000000000000e+00 3.416620050454896433e-04 0.000000000000000000e+00
0.000000000000000000e+00 0.000000000000000000e+00 0.000000000000000000e+00
0.000000000000000000e+00 0.000000000000000000e+00 0.000000000000000000e+00
2.448212398780514969e-04 3.469335348892417926e-04 0.000000000000000000e+00
0.000000000000000000e+00 0.000000000000000000e+00 0.000000000000000000e+00
0.000000000000000000e+00 0.000000000000000000e+00 0.000000000000000000e+00
0.000000000000000000e+00 0.000000000000000000e+00 0.000000000000000000e+00
0.000000000000000000e+00 0.000000000000000000e+00 0.000000000000000000e+00
0.000000000000000000e+00 0.000000000000000000e+00 0.000000000000000000e+00
2.514170201424131639e-04 0.000000000000000000e+00 0.000000000000000000e+00
0.000000000000000000e+00 0.000000000000000000e+00 0.000000000000000000e+00
0.000000000000000000e+00 0.000000000000000000e+00 0.000000000000000000e+00
0.000000000000000000e+00 0.000000000000000000e+00 0.000000000000000000e+00
0.000000000000000000e+00 0.000000000000000000e+00 0.000000000000000000e+00
0.000000000000000000e+00 0.000000000000000000e+00 0.000000000000000000e+00
0.000000000000000000e+00 3.660706957389671672e-04 0.000000000000000000e+00
0.000000000000000000e+00 0.000000000000000000e+00 0.000000000000000000e+00
0.000000000000000000e+00 0.000000000000000000e+00 0.000000000000000000e+00
0.000000000000000000e+00 0.000000000000000000e+00 0.000000000000000000e+00
0.000000000000000000e+00 0.000000000000000000e+00 0.000000000000000000e+00
0.000000000000000000e+00 0.000000000000000000e+00 0.000000000000000000e+00
0.000000000000000000e+00 0.000000000000000000e+00 0.000000000000000000e+00
0.000000000000000000e+00 0.000000000000000000e+00 0.000000000000000000e+00
0.000000000000000000e+00 0.000000000000000000e+00 0.000000000000000000e+00
0.000000000000000000e+00 0.000000000000000000e+00 0.000000000000000000e+00
0.000000000000000000e+00 0.000000000000000000e+00 0.000000000000000000e+00
0.000000000000000000e+00 0.000000000000000000e+00 0.000000000000000000e+00
0.000000000000000000e+00 0.000000000000000000e+00 0.000000000000000000e+00
0.000000000000000000e+00 0.000000000000000000e+00 0.000000000000000000e+00
0.000000000000000000e+00 0.000000000000000000e+00 0.000000000000000000e+00
0.000000000000000000e+00 0.000000000000000000e+00 0.000000000000000000e+00
0.000000000000000000e+00 0.000000000000000000e+00 0.000000000000000000e+00
0.000000000000000000e+00 0.000000000000000000e+00 0.000000000000000000e+00
0.000000000000000000e+00 0.000000000000000000e+00 0.000000000000000000e+00
0.000000000000000000e+00 0.000000000000000000e+00 0.000000000000000000e+00
0.000000000000000000e+00 0.000000000000000000e+00 0.000000000000000000e+00
0.000000000000000000e+00 0.000000000000000000e+00 0.000000000000000000e+00
0.000000000000000000e+00 0.000000000000000000e+00 0.000000000000000000e+00
0.000000000000000000e+00 0.000000000000000000e+00 0.000000000000000000e+00
0.000000000000000000e+00 0.000000000000000000e+00 0.000000000000000000e+00
0.000000000000000000e+00 0.000000000000000000e+00 0.000000000000000000e+00
0.000000000000000000e+00 0.000000000000000000e+00 0.000000000000000000e+00
0.000000000000000000e+00 0.000000000000000000e+00 0.000000000000000000e+00
0.000000000000000000e+00 0.000000000000000000e+00 0.000000000000000000e+00
0.000000000000000000e+00 0.000000000000000000e+00 0.000000000000000000e+00
0.000000000000000000e+00 0.000000000000000000e+00 0.000000000000000000e+00
0.000000000000000000e+00 0.000000000000000000e+00 0.000000000000000000e+00
0.000000000000000000e+00 0.000000000000000000e+00 0.000000000000000000e+00
0.000000000000000000e+00 0.000000000000000000e+00 0.000000000000000000e+00
0.000000000000000000e+00 0.000000000000000000e+00 0.000000000000000000e+00
0.000000000000000000e+00 0.000000000000000000e+00 0.000000000000000000e+00
0.000000000000000000e+00 0.000000000000000000e+00 0.000000000000000000e+00
0.000000000000000000e+00 0.000000000000000000e+00 0.000000000000000000e+00
0.000000000000000000e+00 0.000000000000000000e+00 0.000000000000000000e+00
0.000000000000000000e+00 0.000000000000000000e+00 0.000000000000000000e+00
0.000000000000000000e+00 0.000000000000000000e+00 0.000000000000000000e+00
0.000000000000000000e+00 0.000000000000000000e+00 0.000000000000000000e+00
0.000000000000000000e+00 0.000000000000000000e+00 0.000000000000000000e+00
3.122181967949331171e-04 0.000000000000000000e+00 2.565702251197891481e-03
0.000000000000000000e+00 0.000000000000000000e+00 2.575131032951798443e-03
0.000000000000000000e+00 0.000000000000000000e+00 0.000000000000000000e+00
0.000000000000000000e+00 0.000000000000000000e+00 0.000000000000000000e+00
0.000000000000000000e+00 0.000000000000000000e+00 0.000000000000000000e+00
0.000000000000000000e+00 0.000000000000000000e+00 0.000000000000000000e+00
3.200302314685246965e-04 0.000000000000000000e+00 0.000000000000000000e+00
0.000000000000000000e+00 0.000000000000000000e+00 0.000000000000000000e+00
0.000000000000000000e+00 0.000000000000000000e+00 0.000000000000000000e+00
0.000000000000000000e+00 0.000000000000000000e+00 0.000000000000000000e+00
0.000000000000000000e+00 0.000000000000000000e+00 0.000000000000000000e+00
0.000000000000000000e+00 0.000000000000000000e+00 0.000000000000000000e+00
0.000000000000000000e+00 0.000000000000000000e+00 0.000000000000000000e+00
0.000000000000000000e+00 0.000000000000000000e+00 0.000000000000000000e+00
0.000000000000000000e+00 0.000000000000000000e+00 0.000000000000000000e+00
0.000000000000000000e+00 0.000000000000000000e+00 0.000000000000000000e+00
0.000000000000000000e+00 0.000000000000000000e+00 0.000000000000000000e+00
0.000000000000000000e+00 0.000000000000000000e+00 0.000000000000000000e+00
0.000000000000000000e+00 9.518124756391316103e-04 0.000000000000000000e+00
0.000000000000000000e+00 0.000000000000000000e+00 0.000000000000000000e+00
0.000000000000000000e+00 0.000000000000000000e+00 0.000000000000000000e+00
0.000000000000000000e+00 0.000000000000000000e+00 0.000000000000000000e+00
0.000000000000000000e+00 0.000000000000000000e+00 0.000000000000000000e+00
0.000000000000000000e+00 0.000000000000000000e+00 0.000000000000000000e+00
0.000000000000000000e+00 0.000000000000000000e+00 0.000000000000000000e+00
0.000000000000000000e+00 0.000000000000000000e+00 0.000000000000000000e+00
0.000000000000000000e+00 0.000000000000000000e+00 0.000000000000000000e+00
0.000000000000000000e+00 0.000000000000000000e+00 0.000000000000000000e+00
0.000000000000000000e+00 0.000000000000000000e+00 0.000000000000000000e+00
0.000000000000000000e+00 0.000000000000000000e+00 0.000000000000000000e+00
0.000000000000000000e+00 0.000000000000000000e+00 0.000000000000000000e+00
0.000000000000000000e+00 0.000000000000000000e+00 0.000000000000000000e+00
0.000000000000000000e+00 0.000000000000000000e+00 0.000000000000000000e+00
0.000000000000000000e+00 0.000000000000000000e+00 0.000000000000000000e+00
0.000000000000000000e+00 0.000000000000000000e+00 0.000000000000000000e+00
0.000000000000000000e+00 0.000000000000000000e+00 0.000000000000000000e+00
0.000000000000000000e+00 0.000000000000000000e+00 0.000000000000000000e+00
0.000000000000000000e+00 0.000000000000000000e+00 0.000000000000000000e+00
0.000000000000000000e+00 0.000000000000000000e+00 0.000000000000000000e+00
0.000000000000000000e+00 0.000000000000000000e+00 0.000000000000000000e+00
0.000000000000000000e+00 0.000000000000000000e+00 0.000000000000000000e+00
0.000000000000000000e+00 0.000000000000000000e+00 0.000000000000000000e+00
0.000000000000000000e+00 0.000000000000000000e+00 0.000000000000000000e+00
0.000000000000000000e+00 0.000000000000000000e+00 0.000000000000000000e+00
0.000000000000000000e+00 0.000000000000000000e+00 0.000000000000000000e+00
0.000000000000000000e+00 0.000000000000000000e+00 0.000000000000000000e+00
0.000000000000000000e+00 0.000000000000000000e+00 0.000000000000000000e+00
0.000000000000000000e+00 0.000000000000000000e+00 0.000000000000000000e+00
0.000000000000000000e+00 0.000000000000000000e+00 0.000000000000000000e+00
0.000000000000000000e+00 0.000000000000000000e+00 0.000000000000000000e+00
0.000000000000000000e+00 0.000000000000000000e+00 0.000000000000000000e+00
0.000000000000000000e+00 0.000000000000000000e+00 0.000000000000000000e+00
0.000000000000000000e+00 0.000000000000000000e+00 0.000000000000000000e+00
0.000000000000000000e+00 0.000000000000000000e+00 0.000000000000000000e+00
0.000000000000000000e+00 0.000000000000000000e+00 0.000000000000000000e+00
0.000000000000000000e+00 0.000000000000000000e+00 0.000000000000000000e+00
0.000000000000000000e+00 0.000000000000000000e+00 0.000000000000000000e+00
0.000000000000000000e+00 0.000000000000000000e+00 0.000000000000000000e+00
0.000000000000000000e+00 0.000000000000000000e+00 0.000000000000000000e+00
0.000000000000000000e+00 0.000000000000000000e+00 0.000000000000000000e+00
0.000000000000000000e+00 0.000000000000000000e+00 0.000000000000000000e+00
0.000000000000000000e+00 0.000000000000000000e+00 0.000000000000000000e+00
0.000000000000000000e+00 0.000000000000000000e+00 0.000000000000000000e+00
0.000000000000000000e+00 0.000000000000000000e+00 0.000000000000000000e+00
0.000000000000000000e+00 0.000000000000000000e+00 0.000000000000000000e+00
0.000000000000000000e+00 0.000000000000000000e+00 0.000000000000000000e+00
0.000000000000000000e+00 0.000000000000000000e+00 0.000000000000000000e+00
0.000000000000000000e+00 0.000000000000000000e+00 0.000000000000000000e+00
0.000000000000000000e+00 0.000000000000000000e+00 0.000000000000000000e+00
0.000000000000000000e+00 0.000000000000000000e+00 0.000000000000000000e+00
0.000000000000000000e+00 0.000000000000000000e+00 0.000000000000000000e+00
4.113161858157356860e-04 0.000000000000000000e+00 0.000000000000000000e+00
0.000000000000000000e+00 0.000000000000000000e+00 0.000000000000000000e+00
0.000000000000000000e+00 0.000000000000000000e+00 0.000000000000000000e+00
0.000000000000000000e+00 0.000000000000000000e+00 0.000000000000000000e+00
0.000000000000000000e+00 0.000000000000000000e+00 0.000000000000000000e+00
0.000000000000000000e+00 0.000000000000000000e+00 0.000000000000000000e+00
0.000000000000000000e+00 0.000000000000000000e+00 0.000000000000000000e+00
0.000000000000000000e+00 0.000000000000000000e+00 0.000000000000000000e+00
0.000000000000000000e+00 0.000000000000000000e+00 0.000000000000000000e+00
0.000000000000000000e+00 0.000000000000000000e+00 0.000000000000000000e+00
0.000000000000000000e+00 0.000000000000000000e+00 0.000000000000000000e+00
0.000000000000000000e+00 0.000000000000000000e+00 0.000000000000000000e+00
0.000000000000000000e+00 0.000000000000000000e+00 0.000000000000000000e+00
0.000000000000000000e+00 0.000000000000000000e+00 0.000000000000000000e+00
0.000000000000000000e+00 0.000000000000000000e+00 0.000000000000000000e+00
0.000000000000000000e+00 0.000000000000000000e+00 0.000000000000000000e+00
0.000000000000000000e+00 0.000000000000000000e+00 0.000000000000000000e+00
0.000000000000000000e+00 0.000000000000000000e+00 0.000000000000000000e+00
0.000000000000000000e+00 0.000000000000000000e+00 0.000000000000000000e+00
0.000000000000000000e+00 0.000000000000000000e+00 0.000000000000000000e+00
0.000000000000000000e+00 0.000000000000000000e+00 0.000000000000000000e+00
0.000000000000000000e+00 0.000000000000000000e+00 0.000000000000000000e+00
0.000000000000000000e+00 0.000000000000000000e+00 0.000000000000000000e+00
0.000000000000000000e+00 0.000000000000000000e+00 0.000000000000000000e+00
0.000000000000000000e+00 0.000000000000000000e+00 0.000000000000000000e+00
0.000000000000000000e+00 0.000000000000000000e+00 0.000000000000000000e+00
