2.318822618150217298e-06 2.243526352191747588e-06 1.235651990121184100e-07
1.661227320783395653e-05 1.617699640092078913e-05 1.948641044822859566e-06
4.485629455215276156e-05 4.449384930917262785e-05 8.123624813680752481e-06
8.708069037379182517e-05 8.681113940816999135e-05 2.045868069602155504e-05
1.417656331263948666e-04 1.420112965084864576e-04 4.083326489703173245e-05
2.089589242112369473e-04 2.109735750828881443e-04 6.950251291488389153e-05
2.866896697072559793e-04 2.902235429743123111e-04 1.064074340250962853e-04
3.754288300839865979e-04 3.830461393315407219e-04 1.530549973230346924e-04
4.735870536459893206e-04 4.844025384597239539e-04 2.116764249898741819e-04
5.818439979840264384e-04 5.954740282077966920e-04 2.793659728468654633e-04
6.928101293691917668e-04 7.189658612130854498e-04 3.577631573438581946e-04
8.165190042410105714e-04 8.457057779489597898e-04 4.435994388323290694e-04
9.444102788349348701e-04 9.859889168665641503e-04 5.293153263306499311e-04
1.083153825133906841e-03 1.124526397341346498e-03 6.373169865108817408e-04
1.214438962710418521e-03 1.274498472657252524e-03 7.471654787180930998e-04
1.362947934132265450e-03 1.432578257274661100e-03 8.639316382292542423e-04
1.510074383778699497e-03 1.588402544011158646e-03 9.951606837509232098e-04
1.657644165541907874e-03 1.753799077804601633e-03 1.105196507413863010e-03
1.812817323604896122e-03 1.912945238473119820e-03 1.263806744369779271e-03
1.974013660346249192e-03 2.077553813884270521e-03 1.383954500061701206e-03
2.130843731550205716e-03 2.257174005132830171e-03 1.544824345188488884e-03
2.277693902183697012e-03 2.427876975007086605e-03 1.706872679430467736e-03
2.443690451649965789e-03 2.596162528676007868e-03 1.830546621176472408e-03
2.603897217161740395e-03 2.777340191872338434e-03 1.999773213874338207e-03
2.756578099282434250e-03 2.947207543488944686e-03 2.160635212828459009e-03
2.922947820757553026e-03 3.120358132758725180e-03 2.327719344526900293e-03
3.085736060886946040e-03 3.276631135196145846e-03 2.486501368876588031e-03
3.235816966545837156e-03 3.447275315476344779e-03 2.628695946295624229e-03
3.408262234545532312e-03 3.630764194376487862e-03 2.783772633679842436e-03
3.558443541218750481e-03 3.805376977000118031e-03 2.982281012106213422e-03
3.710293319031380665e-03 3.968319539000349228e-03 3.168542461223183230e-03
3.855930485301238466e-03 4.125012665636294297e-03 3.273725189067264781e-03
3.987421806854600168e-03 4.280969601029130031e-03 3.422916953687658598e-03
4.134211709687370985e-03 4.435133114228949174e-03 3.599662038848506877e-03
4.272716106898513666e-03 4.601266016731143070e-03 3.771483683877620719e-03
4.417028329760642330e-03 4.731868002307455627e-03 3.903387086229735507e-03
4.571213705613555618e-03 4.866901929674401564e-03 4.098630930493962071e-03
4.705823421734474203e-03 5.014423952798221888e-03 4.237145574385928030e-03
4.831073510081026860e-03 5.164544585530160895e-03 4.353817133506798775e-03
4.951472181118506642e-03 5.300503096419236990e-03 4.509554239818068001e-03
5.049324429602077870e-03 5.423138121867569078e-03 4.732458691683679233e-03
5.190704707224186309e-03 5.566180624840420289e-03 4.741096457176000381e-03
5.316070633281282445e-03 5.702037253312871624e-03 4.908454896238785038e-03
5.411740316996390028e-03 5.802418167423845780e-03 4.959570440301211240e-03
5.510511540589971280e-03 5.920054365561789288e-03 5.170392190368212730e-03
5.612793081561411740e-03 6.000070637771561834e-03 5.261754645378338875e-03
5.759959929180017042e-03 6.097694604836841059e-03 5.394908627892663552e-03
5.825429023677023040e-03 6.166351523030365149e-03 5.477438742091532593e-03
5.874997416187045622e-03 6.298184700174842658e-03 5.646789821253947808e-03
5.952619825551997562e-03 6.413065659826926515e-03 5.698273350704356408e-03
6.071801308701929405e-03 6.481108465693101450e-03 5.976744486956487266e-03
6.171106725436263131e-03 6.533888665616720444e-03 6.065524996564586151e-03
6.248626992779022365e-03 6.680297730077814147e-03 6.136030409787674930e-03
6.292595945117752075e-03 6.694039969380106286e-03 6.181084069556933881e-03
6.410290252584592910e-03 6.767443508810585401e-03 6.386562423716767543e-03
6.435198900970772427e-03 6.861316805087261730e-03 6.446729244592647352e-03
6.519822818401418453e-03 6.861176165378528660e-03 6.471711726669889843e-03
6.553090717328140594e-03 6.945749354995898323e-03 6.465111630974889473e-03
6.592625587605843718e-03 7.049162880738966443e-03 6.494217017476365886e-03
6.666532408835616590e-03 7.015896366918658415e-03 6.688643874286002294e-03
6.694062809825903140e-03 7.114213086441686582e-03 6.655436893223180134e-03
6.796229647915196306e-03 7.178752140050282185e-03 6.684783795541435376e-03
6.785605935736788510e-03 7.183894417525621412e-03 6.847346001790192808e-03
6.816124176758551166e-03 7.216385011510364350e-03 6.690557069363992602e-03
6.884501354017584680e-03 7.188419939117410284e-03 6.973577452278082074e-03
6.868503580662349561e-03 7.214244083027318392e-03 6.838278258181092542e-03
6.932221793391296800e-03 7.272772517995475770e-03 6.972725898279859280e-03
6.971887184301744401e-03 7.331407699069113215e-03 7.041187011530061594e-03
6.950851283675297740e-03 7.367602272196047825e-03 7.035845006330108953e-03
6.953893275580320769e-03 7.272015521378383772e-03 7.187830792780372687e-03
7.029183572784226779e-03 7.331521085976977839e-03 7.242908560812074889e-03
6.982327120350253179e-03 7.336272904272825475e-03 7.091669185902507895e-03
7.004969568087567218e-03 7.305959423149288937e-03 7.245358917196003529e-03
6.972564723129430139e-03 7.317352968264845096e-03 7.156369219015538442e-03
7.005648301823308270e-03 7.316476877275317203e-03 7.248864819625622409e-03
7.066690457357664365e-03 7.255252269165873846e-03 7.040702373003865019e-03
7.042128198127255850e-03 7.323832771723029836e-03 7.174510788421476805e-03
7.045306953132816040e-03 7.370159657930070926e-03 7.126657608959205761e-03
7.016853057600787834e-03 7.335550233528187816e-03 7.199575807816042082e-03
7.048449084853236450e-03 7.320347481912109662e-03 7.129024170920443895e-03
6.967771387659073452e-03 7.358571218499074251e-03 7.204764639590534835e-03
6.992830549617760384e-03 7.195984872426616080e-03 7.355693697031422985e-03
6.971819521710543449e-03 7.200045853038509157e-03 7.309957550905667178e-03
6.966001186329655141e-03 7.172343669610035249e-03 7.083567884343802863e-03
6.906764082538933286e-03 7.075763717065048503e-03 6.812114195427054070e-03
6.910131677686577774e-03 7.152517864013028387e-03 6.925203816880264387e-03
6.940539615793166368e-03 7.069241781211882923e-03 7.016885095099131310e-03
6.879734580486004079e-03 7.097429728582130108e-03 7.294740504446883649e-03
6.875902487122255435e-03 7.035873510349601768e-03 7.323220854857594511e-03
6.832961107049895233e-03 7.053473793787812599e-03 6.934599129848103248e-03
6.762557470387813539e-03 7.049490752350824271e-03 7.057807871036678692e-03
6.763463959867676602e-03 7.009959727125203433e-03 7.088206041204967930e-03
6.764820353328401641e-03 6.794440632486858575e-03 6.932473168310714952e-03
6.701500715495813630e-03 6.830734008580759131e-03 6.997534006813141763e-03
6.608537269020659313e-03 6.793205420636987991e-03 6.870106703740425265e-03
6.554908480955675375e-03 6.731095898872657170e-03 6.792206613940362375e-03
6.547710455227040947e-03 6.744839864303203529e-03 6.877493961744074284e-03
6.556827373325455066e-03 6.640572009563638911e-03 6.788436977778910912e-03
6.456878141553776609e-03 6.655758431146440932e-03 6.646234446278016274e-03
6.433490586771260962e-03 6.516239862310426248e-03 6.551994810725261451e-03
6.418704907251557637e-03 6.566433418994690498e-03 6.720544138550109056e-03
6.368800099330422342e-03 6.483473013845710183e-03 6.470627677916394524e-03
6.384278523084698127e-03 6.473439539790833662e-03 6.695453809311851558e-03
6.383064719019100261e-03 6.307922367692299880e-03 6.647749907533040577e-03
6.199812371200701978e-03 6.298697850707779197e-03 6.533364420761442019e-03
6.067039601656910690e-03 6.287106471514508632e-03 6.480331349837809528e-03
6.144423657294980148e-03 6.211175464268325376e-03 6.484389296599772645e-03
6.141034187116689406e-03 6.175244088597547573e-03 6.466985309266891357e-03
6.044774878655770692e-03 6.066749831249874242e-03 6.286190694260937462e-03
5.988384903251273497e-03 5.934588904305365155e-03 6.491650195877713206e-03
5.972797524771154658e-03 5.974879028093149982e-03 6.162884318011366790e-03
5.943269734555624816e-03 5.907307610714651255e-03 6.126882574802905088e-03
5.868384894104115325e-03 5.882133084730279543e-03 5.973317435680921585e-03
5.815080991104071458e-03 5.850516351651079833e-03 5.982352776435766184e-03
5.835410786543340084e-03 5.815013452735304060e-03 5.954752938592354668e-03
5.640212325367988978e-03 5.680953252253297114e-03 5.860797984734783354e-03
5.746588993364769304e-03 5.646387383227213091e-03 5.911035604582331494e-03
5.571095811793342484e-03 5.524432850118928505e-03 5.803698037380157493e-03
5.611150118796199085e-03 5.511148558293741534e-03 5.761269552388917012e-03
5.487110895951297432e-03 5.418515783523442791e-03 5.629558996973500068e-03
5.478239072135729013e-03 5.455585173069261821e-03 5.632829198937408001e-03
5.281047719418376953e-03 5.408960598107867904e-03 5.406508558654739630e-03
5.325590778890159672e-03 5.342354779700214662e-03 5.447193658727715951e-03
5.310348274638060015e-03 5.234722969803215845e-03 5.106930368234678837e-03
5.215463970615192429e-03 5.131261013447024552e-03 5.370582680378652336e-03
5.151549633953454894e-03 5.168474800501213218e-03 5.634154992539434914e-03
5.222307248257922717e-03 5.035204810169591726e-03 5.412672615333430359e-03
5.052568554057149455e-03 5.020931555275507177e-03 5.208240677881559311e-03
5.015405990666295215e-03 4.922837923455113812e-03 5.370510210181317010e-03
4.944658715402981859e-03 4.981534134465283661e-03 5.395347467042352699e-03
4.998625060783328487e-03 4.766925859042659905e-03 5.023102426531934547e-03
4.891234047335392063e-03 4.762152978235008154e-03 5.115865583208234132e-03
4.828025113614676372e-03 4.658625044526996245e-03 4.806678318687783620e-03
4.784119763931961831e-03 4.648569533404273840e-03 5.185133958138439005e-03
4.780884107453340498e-03 4.636843801049087173e-03 4.746464914809132678e-03
4.620262832738326192e-03 4.451556532515093395e-03 5.051679368881463461e-03
4.619283530008394881e-03 4.475699976734046591e-03 4.483129457448770464e-03
4.548667929046234203e-03 4.414290639177450085e-03 4.635098987783234370e-03
4.467178190942020476e-03 4.391052823196708171e-03 4.734058630052185093e-03
4.445897548870507074e-03 4.386570262787176794e-03 4.171857916637791014e-03
4.355266925614813094e-03 4.251854034178152719e-03 4.604267600754300034e-03
4.293758775993659037e-03 4.189539758220366637e-03 4.546271810386573117e-03
4.326612558448856248e-03 4.167849745104916515e-03 4.196003920805239581e-03
4.193902216838745096e-03 4.163432674062760366e-03 4.330388743073643534e-03
4.135758268038023863e-03 4.051275942910325355e-03 4.199515349726970492e-03
4.130580956030515186e-03 3.974037395231897266e-03 4.145509405879046864e-03
4.055183920580110804e-03 3.996079926367836210e-03 4.143780683030275254e-03
3.914049760027621741e-03 3.899547092455646173e-03 3.982156203609074629e-03
4.038024390204407281e-03 3.874114605142248494e-03 3.960316852716190376e-03
3.905923311749091766e-03 3.858870815471933391e-03 3.977236339529185462e-03
3.992879924556279152e-03 3.805955155452902475e-03 3.828508996244414653e-03
3.899193942322124427e-03 3.664726022450018935e-03 3.946778984106239820e-03
3.759283944150498217e-03 3.608802335902330186e-03 3.999850367196938761e-03
3.832260299210284681e-03 3.651104810599525505e-03 3.884868728027883293e-03
3.732589433091106079e-03 3.508626015964735109e-03 3.799303805854033645e-03
3.660378357734344907e-03 3.527000642196140637e-03 3.532601795734950385e-03
3.645185659868566911e-03 3.467617058289851339e-03 3.819264839093801985e-03
3.652901020662879892e-03 3.348729129623215315e-03 3.510465186220623063e-03
3.524272277475462047e-03 3.323490129370021764e-03 3.572512931453939930e-03
3.470335137191699146e-03 3.261361452004893965e-03 3.733476715201391061e-03
3.496502457255924387e-03 3.276736050561398095e-03 3.468097681300164135e-03
3.382642983462575206e-03 3.255597671916155792e-03 3.433138299763144070e-03
3.400830020034384827e-03 3.227220982188420267e-03 3.524385083094836238e-03
3.232208010519315323e-03 3.129390654954703442e-03 3.291603178530320452e-03
3.251771008896837782e-03 3.159440602733496264e-03 3.511983868234648445e-03
3.178984497882491028e-03 2.929162013130466244e-03 3.286123976337706597e-03
3.171959746628144096e-03 3.067471229176410054e-03 3.318762945444306018e-03
3.110942781358335459e-03 2.946575193050179464e-03 3.525962022858329919e-03
3.103458807828468960e-03 2.885750862042887020e-03 3.125225460766724826e-03
2.998837283478999246e-03 3.013645535422154222e-03 3.505825155630148265e-03
2.979854938530031132e-03 2.837579606813848097e-03 3.199877870792482235e-03
2.935833694833795641e-03 2.662990722159466403e-03 2.954199284851694984e-03
2.851038334446913923e-03 2.760539851736455025e-03 2.955131655859840559e-03
2.874035830581615682e-03 2.604023801718122026e-03 2.996396757554399548e-03
2.810002865239933333e-03 2.599324375039034629e-03 3.121801862585253228e-03
2.818988564105902317e-03 2.570039768141024403e-03 2.535877148117164550e-03
2.795295737055441578e-03 2.635247326651082335e-03 2.685722474292482221e-03
2.800396212863149117e-03 2.498455555420119739e-03 2.528630266389877632e-03
2.580797722909523601e-03 2.438772555034093414e-03 2.959666548764279363e-03
2.675213698334021756e-03 2.371943837323641901e-03 2.527381559589941210e-03
2.553953899653794903e-03 2.516211915313607429e-03 2.629924639978152134e-03
2.556399663606788442e-03 2.385706589418105494e-03 2.516163411543663377e-03
2.592127999207318942e-03 2.276665949330082192e-03 2.566974942383178516e-03
2.511483149829884728e-03 2.234844068789824251e-03 2.702560706219148384e-03
2.438478162123292221e-03 2.239541450406213035e-03 2.513997144822526821e-03
2.295973450581041426e-03 2.298220930626499597e-03 2.485723942986629333e-03
2.438817476204409480e-03 2.186736857526105134e-03 2.657143594349020352e-03
2.421344826523232855e-03 2.241439217175025811e-03 2.435410274320634182e-03
2.384476092872905937e-03 2.212287913326390493e-03 2.289772154605873057e-03
2.256879403269469297e-03 2.061914214774008668e-03 2.355235274899903416e-03
2.247223708829044521e-03 2.112915266786706374e-03 2.372212865306382815e-03
2.260110648537887092e-03 2.063422110106923231e-03 2.480770621552130708e-03
2.124818041159996958e-03 2.036701989902862508e-03 2.226866751531348960e-03
2.152925026701155587e-03 2.006291753577894854e-03 2.069987371383500037e-03
2.099596800858375724e-03 1.967549732362862056e-03 1.986889038585978092e-03
2.032003498391575513e-03 1.900005777684881519e-03 1.981682784615759751e-03
2.011905977086315099e-03 1.981599674420500903e-03 2.080478780028131684e-03
2.044139571568864226e-03 1.817463270827542748e-03 2.209564793806188983e-03
1.963517517994977334e-03 1.765060298603931231e-03 1.925200261716554419e-03
2.007068418123458906e-03 1.755412914842657823e-03 2.016959358244371694e-03
1.886460343551222153e-03 1.717637903477964257e-03 2.093375142081289192e-03
1.876651797119805072e-03 1.729943209685558692e-03 1.899837899281792402e-03
1.799681988661249246e-03 1.759347485676858620e-03 2.022746802672455591e-03
1.889460495745847292e-03 1.721531490191755562e-03 1.547786004312753710e-03
1.851478936616426495e-03 1.670985858567541763e-03 1.956330479757992496e-03
1.836413611148379364e-03 1.659852556710279077e-03 1.695514784211067574e-03
1.782530124953858293e-03 1.648267566587242536e-03 1.985173272914897945e-03
1.670129710343592339e-03 1.603092934076198739e-03 1.954993483420215238e-03
1.661450129375481545e-03 1.517071544660877208e-03 1.714726411613625096e-03
1.715605481202234998e-03 1.506120930320899859e-03 1.772101992808151113e-03
1.564847511318935179e-03 1.431894914181589549e-03 1.696524113925017676e-03
1.641625787467528323e-03 1.528216488669645540e-03 1.518844788431171359e-03
1.581328826449844441e-03 1.429940608788247448e-03 1.480839533455657322e-03
1.637088674257417128e-03 1.375022215957007752e-03 1.505270098195728851e-03
1.523868053155820945e-03 1.497665095350322276e-03 1.741183797239959693e-03
1.592368180576199648e-03 1.374359496718026213e-03 1.746707315241230810e-03
1.529670096009196154e-03 1.390817141178895969e-03 1.516050719987468206e-03
1.534815742562497523e-03 1.327322528831269711e-03 1.519445818397443474e-03
1.478897098133247472e-03 1.313789996604814835e-03 1.445455807469084438e-03
1.423446242974542048e-03 1.261361656684391232e-03 1.547105516845545753e-03
1.458771717706817354e-03 1.356801838143487267e-03 1.248853886035947592e-03
1.393261692768621354e-03 1.358003702116914943e-03 1.372980773672544856e-03
1.369910681396553989e-03 1.275089846039833977e-03 1.396789571529876220e-03
1.366012548981577427e-03 1.246217819484172562e-03 1.293934753235684385e-03
1.302815106537889324e-03 1.189863201270819661e-03 1.283107357581381516e-03
1.274586496147561048e-03 1.173042145691620668e-03 1.306583938644022584e-03
1.252551013604827519e-03 1.201295398390800177e-03 1.259410099655012627e-03
1.226997832307492094e-03 1.197943293380254260e-03 1.115717044933229891e-03
1.268886137816706934e-03 1.060122664693624508e-03 1.364942420976790385e-03
1.201567126220943593e-03 1.099829619183707646e-03 1.135676108646753229e-03
1.147295526848329285e-03 1.064860445328230393e-03 1.266942087373486119e-03
1.155763963273816154e-03 1.108710902260626185e-03 1.056830595965035490e-03
1.152594710274713885e-03 1.012627675984670034e-03 1.165864642456242465e-03
1.138838105403596748e-03 9.628249306469239275e-04 1.163288989187724956e-03
1.157661650952635261e-03 1.019638840874577445e-03 9.204674770774532886e-04
1.144840516661540641e-03 8.387269669067607455e-04 1.245974202293729247e-03
1.055947812118820548e-03 1.013143944175513150e-03 1.103414926312563590e-03
1.051081111047524191e-03 9.048938406051122490e-04 9.962554624951458406e-04
1.070938244295587460e-03 9.542762631474416583e-04 9.913889940115104202e-04
1.042504616836914099e-03 9.047829526518170497e-04 9.862662955221991254e-04
9.493876963899985054e-04 9.546174840577898888e-04 1.194063573039031356e-03
1.050342446287080757e-03 8.551312987600939979e-04 1.177331807476187254e-03
9.283212644865888440e-04 9.368560428972913133e-04 1.011434957289730416e-03
8.830081172458969238e-04 9.399072484320758264e-04 1.251270451060627290e-03
1.015237123358294930e-03 9.062762649652500663e-04 1.000493560347216196e-03
8.878322770552052410e-04 8.583307398279200941e-04 9.675095662856895333e-04
9.016873077349711607e-04 8.001817592652188003e-04 7.527632129167645576e-04
9.005405816125464482e-04 7.477416803826802180e-04 1.067584735960548474e-03
8.944830101932782496e-04 7.704806828306220512e-04 9.348224572008578771e-04
9.236411617699084517e-04 7.668978650533795141e-04 8.850032989167940780e-04
9.600046476964873513e-04 6.696089833417863922e-04 9.935320686985753529e-04
8.699045242017481010e-04 8.352842895510463822e-04 9.137823606855995789e-04
8.837344476171910945e-04 7.633752467054096295e-04 8.187154239086911599e-04
8.681829779343939492e-04 6.882571458618796023e-04 1.017221454759612790e-03
8.188148631017059479e-04 7.332759336242573606e-04 1.143829544291890057e-03
8.005247579612530555e-04 7.541638702254302050e-04 9.583209508028823088e-04
8.227080745409732316e-04 6.994605445589669856e-04 8.150329156096108472e-04
7.699109867621361462e-04 6.949123534361120865e-04 7.450282762729938581e-04
7.722486747845595106e-04 6.182149174797755978e-04 8.123568473338121368e-04
7.014448741103987157e-04 6.411771318378731285e-04 6.637051902338844201e-04
7.657168657759775470e-04 6.928281953456341333e-04 7.316740705733345857e-04
6.306748730207176884e-04 6.929228345963963373e-04 7.686999413693239303e-04
7.288850493843922716e-04 6.852287010788205056e-04 7.269451367573790757e-04
6.950757942064561025e-04 6.130148565404365014e-04 7.485411278342573140e-04
7.668157264671411188e-04 6.473178113551122286e-04 5.298073177303565424e-04
6.577373657532116068e-04 6.277056074952802036e-04 5.980780622848610138e-04
6.897357095973280765e-04 5.454019721556140846e-04 6.027000768120259911e-04
6.095506818160789002e-04 5.631518277398428300e-04 7.712199307463603716e-04
6.140876733041022821e-04 5.232438089165177041e-04 6.945816256794491109e-04
5.656349357039744527e-04 6.189028978379007648e-04 7.497862769342520132e-04
5.796026092367563380e-04 5.392888998176700996e-04 4.866339568856749591e-04
5.519606410103917874e-04 5.093230293504246537e-04 8.282650510562875740e-04
5.760384092585732821e-04 4.674419512109899920e-04 7.150910247960942700e-04
5.906276822887585130e-04 5.369416840812819445e-04 4.632605612336128127e-04
6.334900369435517414e-04 5.148003483812497831e-04 5.533404487143617125e-04
5.498521539431285151e-04 4.603935128849939913e-04 7.492406623746933727e-04
5.929794742720832920e-04 4.489287945872921445e-04 5.083935537108678427e-04
5.098050492501058403e-04 4.994944059310447038e-04 7.066674289496867670e-04
5.302602914124191066e-04 5.717634855292723665e-04 7.294368928325536310e-04
5.636167666864139733e-04 4.587850611828054237e-04 4.119172417913241927e-04
5.058355218818024737e-04 4.228489120609824851e-04 4.869906235538771231e-04
5.159058744223141667e-04 5.049099534658972729e-04 5.812755805995827550e-04
4.437988039913416238e-04 4.012300645720280417e-04 4.211003656506367120e-04
5.537241277431230587e-04 4.382099460136743029e-04 5.157089041865309080e-04
4.676371947708441151e-04 4.224659987033604772e-04 3.525105739941705512e-04
4.600069449341630343e-04 3.974098999827852799e-04 6.169491730610149457e-04
4.387419343836610267e-04 3.654754881097797337e-04 6.782279129916088519e-04
4.394628773804900939e-04 4.315151348530671263e-04 5.877648810838497113e-04
4.560855308257223076e-04 4.504871041065504323e-04 4.965025239601184677e-04
4.161600519368922326e-04 3.345580367373779417e-04 3.847907861507994954e-04
5.196610267073155419e-04 3.498530932153946717e-04 5.030897810307219430e-04
4.333995086646183492e-04 3.751071086958416190e-04 3.702649009931264384e-04
3.828899187326588243e-04 3.777742129773395321e-04 3.337340749864875868e-04
4.510252553437284467e-04 3.637115331374644748e-04 2.763839860535715308e-04
4.587924388394638668e-04 3.396248844351552800e-04 4.578663536781500502e-04
4.049528499100911254e-04 3.353628657197981681e-04 4.602155852031814703e-04
4.102420242125331355e-04 3.002163913414603903e-04 3.829959788329088391e-04
3.600427257614199081e-04 3.432067167835919333e-04 4.668571415177487382e-04
3.577157286194982181e-04 3.351832579593143563e-04 5.312201955172244803e-04
3.626020754795093704e-04 3.409481406201529891e-04 3.909685843675224717e-04
3.649838887572400426e-04 3.570480983814069715e-04 3.932308370476359036e-04
3.550703736076665329e-04 2.581680244687492099e-04 2.921395566306178625e-04
3.797698664179213648e-04 3.196394343959151605e-04 3.146967664392200299e-04
3.473282884337608629e-04 2.970718980959080146e-04 2.533261337581239957e-04
3.320443894254011406e-04 2.776460577922613645e-04 3.829315221775966642e-04
3.467582028613144058e-04 2.471297242263256234e-04 3.639480294851643160e-04
3.337617483921561539e-04 2.920750379574507520e-04 4.310388611838318357e-04
3.129023753105455476e-04 2.832403356493066668e-04 4.120943288476832983e-04
2.943421190655294713e-04 2.228935106265072727e-04 3.494262591912127209e-04
3.014170449979957853e-04 2.536431404387117774e-04 2.636391134552390470e-04
3.007527760484025653e-04 2.516157277395854536e-04 2.433174480680387554e-04
2.527306773041093917e-04 2.346370843907523581e-04 2.896055133661588985e-04
3.205495772921191614e-04 2.323974464342354362e-04 2.239993858669334656e-04
2.932892547811984888e-04 1.961503975955412318e-04 3.155843066843052767e-04
2.709993244119085357e-04 3.114230987991266114e-04 2.497476264281973794e-04
2.781241474579319146e-04 2.636602688575888408e-04 2.969141397045126172e-04
2.582212343763228674e-04 2.807168709154475887e-04 2.527705798078261888e-04
2.788671636527883407e-04 1.895744809204924736e-04 2.543471760236940297e-04
2.421476724386705936e-04 2.102786031067707640e-04 2.561739960343789460e-04
2.631254234197318519e-04 2.233953858562602850e-04 3.044721695076130458e-04
2.730270272555726497e-04 2.208714253980237254e-04 2.356509643900072597e-04
2.523469846694030615e-04 2.499092788836145343e-04 3.317679456790891923e-04
2.285029919824258372e-04 2.115696351186767735e-04 2.624807259136293855e-04
2.327523309522422520e-04 2.369583578323315861e-04 3.602819035629762322e-04
2.542489927443711880e-04 2.626913000052520956e-04 2.417005488706535374e-04
2.501124427461685917e-04 1.707784967695699890e-04 2.915868167611470338e-04
2.342284877476637716e-04 1.636531733740364950e-04 2.444965699568507297e-04
1.717498946287996286e-04 2.017335198112511459e-04 3.197169222016007280e-04
2.283468785861317838e-04 1.656908524205932798e-04 2.721207640790683437e-04
2.208675955674357797e-04 2.292098880701651156e-04 3.736157727846933264e-04
2.132534358801050668e-04 1.384369417353596438e-04 1.252167994561074224e-04
2.205826669933427830e-04 1.898331309808345057e-04 1.008426870052756604e-04
1.709858476440816242e-04 1.654568246276564116e-04 2.537674753733245919e-04
1.930620278193189267e-04 1.409457843814958310e-04 1.784865959827621363e-04
2.033423774851121982e-04 1.631667017196804801e-04 2.565154163084930154e-04
1.586957533099686416e-04 1.814030951162771434e-04 5.169783453336700217e-05
1.627079566853962124e-04 2.042812031073593050e-04 2.077844517387679218e-04
1.576490461056450937e-04 1.705441477693505877e-04 2.353276442309192268e-04
1.957818524392724506e-04 1.539494935676095661e-04 1.839674024987480311e-04
1.500959826151131832e-04 1.150316222074458211e-04 7.926877143268091922e-05
1.604630880060801913e-04 1.424836960404667432e-04 7.985530559770251217e-05
1.549852486781368741e-04 1.656610927409373239e-04 5.339326519465632326e-05
1.814413084246088909e-04 1.486022227594084512e-04 8.075177881515880750e-05
1.471811212698211156e-04 1.177215619371800630e-04 1.082376399619099496e-04
1.866917697636405298e-04 1.229926355471669950e-04 2.452189544518824471e-04
1.618627020109708148e-04 1.649663465129100597e-04 2.466885638439561242e-04
1.758159963190282927e-04 1.198086276630588588e-04 1.652910501935220006e-04
1.375955634524227535e-04 1.019630819169585945e-04 8.315189539609445842e-05
1.713108116286914584e-04 1.118969541944843046e-04 1.116487555459048242e-04
1.557412579244966868e-04 1.265580368746130942e-04 1.122256578980839560e-04
1.666585885661858626e-04 8.964914592808779158e-05 1.126819144720020297e-04
1.374228994552139228e-04 9.952739522762318240e-05 1.700113244804632190e-04
1.045035298919609292e-04 1.288152843492929240e-04 1.710772202654524724e-04
1.457659617394442249e-04 1.391326398524766485e-04 1.434056716264560426e-04
1.193519703880903469e-04 1.351064267807295619e-04 1.439837018866020146e-04
1.371107759353958988e-04 1.018665377823119991e-04 2.317036557464860697e-04
1.275097848077743116e-04 1.122595086372038179e-04 1.457970402222043380e-04
1.629531307561159464e-04 1.128417589098256878e-04 5.865692905642005495e-05
1.081272653848796433e-04 7.891683103554051433e-05 5.888678847840200011e-05
1.401594989763776564e-04 8.924509069361581540e-05 8.891960308643096726e-05
9.521565707137804972e-05 9.978902043279495816e-05 1.788698497871151719e-04
1.275972296258237723e-04 1.204445047477018741e-04 1.200926001481576391e-04
1.105013388047681132e-04 1.160126816974934167e-04 3.008126840380560894e-05
7.890550906854921424e-05 1.014333528742826669e-04 1.818926038650759032e-04
9.728089277325998631e-05 7.652217017626154771e-05 1.524200897435721734e-04
1.341182769519339262e-04 8.209111952759087934e-05 3.067563332589578936e-05
1.239109739960462761e-04 4.640994104866716884e-05 9.240983188965937439e-05
1.245489784532784563e-04 1.089000842900099262e-04 1.858095503859710340e-04
5.895086956925127744e-05 5.733339018418191535e-05 9.346864237188545472e-05
9.998392091715389016e-05 6.290206593496879038e-05 0.000000000000000000e+00
9.683096205174315341e-05 1.001540273290519483e-04 9.442473064556827441e-05
7.486907227531475217e-05 6.888177225978637218e-05 6.334700124933055621e-05
7.530668436557006005e-05 6.921193667367465669e-05 3.177243555095812013e-05
9.080889415254493580e-05 8.573601704676956140e-05 1.280614629956455179e-04
1.179496151618422608e-04 1.022463782630740311e-04 1.607528546805931258e-04
7.648123153845389822e-05 5.955214893019809103e-05 1.615784377995735615e-04
1.153877860724788899e-04 7.076344199192629442e-05 3.254889466265931233e-05
9.278512747984569021e-05 7.113054825327942330e-05 2.613323353877345908e-04
8.161955740241647907e-05 6.602918794177099293e-05 3.281211087082124196e-05
7.423404058923211075e-05 9.395679604168034708e-05 1.320966471580720895e-04
7.852042726532087525e-05 8.332175953328206403e-05 3.315308592776519404e-05
7.103378487883299714e-05 5.584106280813059333e-05 6.673249720950803310e-05
5.555207189334461623e-05 5.051545257524828723e-05 3.348179971118521952e-05
6.386346933111101130e-05 8.472131801989034685e-05 6.751863107750501810e-05
5.612545980687340532e-05 6.244919315207411259e-05 1.017396773793623687e-04
4.835469914033440985e-05 7.415704969849381645e-05 3.406625460558138459e-05
8.510973693740060317e-05 4.592525781060935274e-05 6.858589297816376600e-05
1.100128842579069038e-04 5.766668251446454798e-05 6.896959750525785975e-05
7.779863325572025754e-05 7.534329270264933625e-05 6.927587278375026397e-05
6.169213728876358734e-05 8.150055423102996882e-05 0.000000000000000000e+00
8.274960325777921011e-05 4.684313498662009262e-05 3.497032991539316706e-05
7.483148241955729337e-05 2.350558865961763900e-05 3.507071629370511686e-05
6.684627760415201732e-05 7.681944533554210862e-05 3.533671575149681707e-05
5.881086728941479277e-05 2.968346439788378230e-05 1.065872419346144739e-04
6.333819563246843181e-05 8.370633949537574210e-05 7.127252460940804342e-05
5.518136666682088072e-05 6.001241789623391453e-05 1.076442410840009085e-04
6.396138546107404954e-05 3.623415988202300481e-05 3.607521541971125349e-05
7.287212453139672646e-05 4.854109129158246306e-05 7.236163812113207349e-05
7.325740523997701205e-05 6.093274531437228376e-05 0.000000000000000000e+00
4.325750600890675493e-05 3.672795259301291640e-05 7.324625160470507081e-05
4.788239582091831890e-05 6.160019279335222572e-05 7.348839799287533534e-05
5.245836459681461764e-05 4.329007160622117011e-05 7.395928286878395298e-05
1.142712158159551989e-04 7.463057514523441206e-05 0.000000000000000000e+00
7.062629709529259249e-05 6.256108354974549075e-05 1.120283389696304598e-04
3.992902172219738819e-05 6.283040200411660673e-05 7.494984812881423956e-05
3.567564873305617936e-05 3.155140772472317520e-05 3.762713640069715812e-05
7.175136992616498852e-05 3.803197086362412958e-05 0.000000000000000000e+00
3.602850691424429888e-05 2.546875259230092537e-05 7.626849293049215535e-05
3.168743285688060491e-05 3.842988274007009446e-05 7.650817539214723731e-05
5.914430801932834056e-05 1.930976831420939439e-05 7.690582479635905597e-05
6.850699230304101715e-05 4.530001244744850470e-05 3.856946111406525538e-05
5.052787607106086910e-05 4.550578051089673726e-05 3.884083731243804719e-05
6.459618342685663299e-05 2.612332438306883442e-05 0.000000000000000000e+00
4.636378206603872953e-05 4.594031290466892882e-05 7.839317864357591792e-05
4.660456641458467854e-05 1.979188938822931746e-05 3.941686684810398889e-05
3.280623782501782806e-05 3.977879213946513773e-05 3.966067408350816526e-05
6.589696131026871349e-05 1.999483151558551793e-05 0.000000000000000000e+00
5.674455879225508658e-05 4.680404641303124958e-05 0.000000000000000000e+00
3.326429809738070862e-05 5.379713179875234550e-05 8.041632511179266831e-05
3.821306590203576287e-05 4.052251384743612742e-05 4.044282632260053079e-05
2.874682742022244497e-05 4.752327694105948672e-05 4.058936516803574349e-05
4.342451253363658118e-05 3.408705775692084911e-05 0.000000000000000000e+00
4.845043725235252192e-05 6.170769102389648078e-05 4.102281069339251104e-05
1.460602166824874715e-05 4.818687275833953218e-05 4.119372270138405159e-05
3.911815470968567576e-05 2.075439220098427976e-05 8.267543851535536555e-05
3.927956440592964780e-05 4.865359756690054022e-05 4.160692424239033159e-05
3.947740803219738020e-05 2.789023447466887367e-05 4.177121598484421014e-05
2.972457584938358727e-05 4.211856986020889925e-05 8.387957588333347998e-05
2.490871133091134167e-05 1.410789868731484983e-05 4.203004278481381413e-05
2.999136188518353364e-05 2.834363658308535405e-05 8.464239292431869927e-05
4.020928730716092562e-05 2.843740484550206474e-05 0.000000000000000000e+00
2.526152071907991647e-05 2.861611692356344039e-05 8.548003030735563923e-05
3.552422506654994501e-05 2.870500251585990652e-05 4.294620208876522195e-05
5.098115961967580612e-05 2.164111478914026142e-05 8.626601772716559159e-05
1.534519198341270440e-05 3.627071583846684807e-05 0.000000000000000000e+00
3.087917379653593990e-05 1.456174928193705158e-05 4.345589756942808715e-05
1.551246196440202112e-05 2.192964025958773805e-05 0.000000000000000000e+00
1.037293029643215878e-05 2.939160780704679602e-05 4.396056572974558742e-05
2.087227110827427759e-05 2.952209861878366437e-05 4.404093972472463597e-05
2.623069295026137860e-05 2.224031342980426013e-05 4.429862980781394184e-05
2.634151943537342761e-05 2.235788690510999834e-05 0.000000000000000000e+00
2.116935569917032694e-05 3.742390324085057354e-05 4.469467452161544506e-05
3.187878280076214066e-05 1.505403141570673668e-05 4.499489660837712585e-05
2.136633594077087984e-05 0.000000000000000000e+00 0.000000000000000000e+00
4.289943821785770944e-05 0.000000000000000000e+00 4.531243481686280907e-05
1.615285250447479632e-05 2.281487831601742896e-05 0.000000000000000000e+00
3.784195513779968863e-05 0.000000000000000000e+00 0.000000000000000000e+00
1.085770617953622173e-05 2.305473759676167670e-05 0.000000000000000000e+00
3.274909737902584415e-05 7.728944364498009862e-06 9.229645566726895744e-05
1.644715650099850109e-05 7.767578677644274026e-06 1.389554261411593203e-04
1.652432635128699075e-05 7.802154992264844144e-06 0.000000000000000000e+00
4.422278630221622040e-05 2.346604705414724238e-05 0.000000000000000000e+00
1.111259913387063663e-05 3.147225159868497369e-05 9.385038324534387109e-05
1.673427698428748506e-05 7.904950905448746847e-06 0.000000000000000000e+00
2.239445795340253451e-05 2.379575751473318995e-05 0.000000000000000000e+00
1.126734250552309623e-05 7.977588348064838835e-06 0.000000000000000000e+00
2.261486422724889135e-05 0.000000000000000000e+00 0.000000000000000000e+00
2.838040877333295822e-05 0.000000000000000000e+00 4.804399080587241330e-05
2.281546214133217849e-05 2.421360819963585696e-05 4.813641943194607174e-05
2.862914560268335577e-05 0.000000000000000000e+00 0.000000000000000000e+00
5.762980177717404837e-06 8.157803509124123337e-06 0.000000000000000000e+00
3.467399428551290968e-05 8.174801879600347094e-06 4.881976539158658476e-05
1.739916500616891246e-05 2.462087876261981537e-05 0.000000000000000000e+00
0.000000000000000000e+00 2.473177015588582658e-05 0.000000000000000000e+00
0.000000000000000000e+00 1.656716723714315960e-05 0.000000000000000000e+00
1.761558275453783571e-05 0.000000000000000000e+00 0.000000000000000000e+00
1.180269686805166367e-05 2.502295840951993103e-05 4.986664860492581052e-05
1.184423774290855458e-05 0.000000000000000000e+00 0.000000000000000000e+00
1.189702632038603395e-05 1.686380864321397187e-05 0.000000000000000000e+00
1.793204004083376416e-05 8.450622738959852795e-06 0.000000000000000000e+00
6.014757237605593177e-06 8.502577602268837653e-06 5.082956855807044011e-05
1.205098700685827814e-05 8.534406178707232006e-06 5.105442047976241408e-05
2.421359998374064494e-05 1.714709958366086737e-05 0.000000000000000000e+00
6.078285749065117960e-06 8.611328289359919180e-06 0.000000000000000000e+00
6.106055705766199338e-06 3.455595822421823134e-05 0.000000000000000000e+00
6.123572964118221962e-06 1.735966496817388228e-05 0.000000000000000000e+00
0.000000000000000000e+00 0.000000000000000000e+00 0.000000000000000000e+00
6.173168897987044711e-06 8.767675519489359477e-06 0.000000000000000000e+00
6.216729430526102698e-06 0.000000000000000000e+00 0.000000000000000000e+00
6.247937862570481192e-06 1.766917321681729658e-05 0.000000000000000000e+00
2.505741491680790289e-05 8.847113784569181143e-06 0.000000000000000000e+00
1.889514761223779610e-05 8.895835750943382843e-06 0.000000000000000000e+00
6.312682900346719327e-06 8.946174073642897446e-06 0.000000000000000000e+00
3.803016887128022726e-05 0.000000000000000000e+00 5.360489053271935440e-05
1.274185431635127961e-05 0.000000000000000000e+00 0.000000000000000000e+00
1.277868692528215096e-05 0.000000000000000000e+00 0.000000000000000000e+00
0.000000000000000000e+00 9.101031734945805359e-06 0.000000000000000000e+00
1.936656111019941523e-05 1.827391475630158970e-05 0.000000000000000000e+00
6.473884922386463983e-06 9.148947580997083133e-06 0.000000000000000000e+00
0.000000000000000000e+00 0.000000000000000000e+00 0.000000000000000000e+00
1.302953778600200323e-05 9.231596874625269705e-06 0.000000000000000000e+00
1.967695191349120052e-05 9.260234816628475535e-06 0.000000000000000000e+00
6.586759151554036553e-06 9.293449947050640560e-06 0.000000000000000000e+00
6.609236802039881336e-06 0.000000000000000000e+00 5.585471310179990391e-05
1.991565704561580280e-05 0.000000000000000000e+00 0.000000000000000000e+00
1.333657797611381674e-05 9.431471469361957490e-06 0.000000000000000000e+00
6.691982426886749513e-06 9.471093054155712868e-06 0.000000000000000000e+00
6.702766378770776499e-06 0.000000000000000000e+00 0.000000000000000000e+00
0.000000000000000000e+00 0.000000000000000000e+00 0.000000000000000000e+00
6.768736494665198393e-06 1.916556749846180785e-05 0.000000000000000000e+00
0.000000000000000000e+00 0.000000000000000000e+00 0.000000000000000000e+00
1.362543009067505531e-05 0.000000000000000000e+00 1.153610504519290069e-04
0.000000000000000000e+00 0.000000000000000000e+00 0.000000000000000000e+00
6.875397688129327890e-06 0.000000000000000000e+00 0.000000000000000000e+00
0.000000000000000000e+00 9.781751420211768879e-06 0.000000000000000000e+00
2.080797545247172533e-05 0.000000000000000000e+00 5.856731818155405162e-05
6.966385339546154337e-06 0.000000000000000000e+00 0.000000000000000000e+00
6.998317201902694460e-06 0.000000000000000000e+00 0.000000000000000000e+00
0.000000000000000000e+00 0.000000000000000000e+00 0.000000000000000000e+00
1.410376785639739127e-05 0.000000000000000000e+00 0.000000000000000000e+00
0.000000000000000000e+00 0.000000000000000000e+00 0.000000000000000000e+00
0.000000000000000000e+00 1.005965487480926036e-05 0.000000000000000000e+00
0.000000000000000000e+00 0.000000000000000000e+00 0.000000000000000000e+00
7.145698644563881473e-06 0.000000000000000000e+00 0.000000000000000000e+00
7.192559217446808336e-06 2.029578037950011685e-05 0.000000000000000000e+00
7.212689203083444924e-06 0.000000000000000000e+00 0.000000000000000000e+00
7.228365306330172853e-06 0.000000000000000000e+00 0.000000000000000000e+00
7.269876922739394102e-06 0.000000000000000000e+00 0.000000000000000000e+00
0.000000000000000000e+00 0.000000000000000000e+00 6.166732900022696851e-05
0.000000000000000000e+00 1.037974367536773686e-05 0.000000000000000000e+00
7.352126803561967623e-06 1.039571988306308243e-05 0.000000000000000000e+00
0.000000000000000000e+00 1.042130736944515860e-05 0.000000000000000000e+00
0.000000000000000000e+00 0.000000000000000000e+00 0.000000000000000000e+00
7.429159347515184047e-06 0.000000000000000000e+00 0.000000000000000000e+00
0.000000000000000000e+00 2.112359567745170145e-05 0.000000000000000000e+00
0.000000000000000000e+00 0.000000000000000000e+00 0.000000000000000000e+00
2.259519451953604418e-05 0.000000000000000000e+00 0.000000000000000000e+00
7.543171791071289574e-06 0.000000000000000000e+00 0.000000000000000000e+00
0.000000000000000000e+00 2.144702026693161962e-05 0.000000000000000000e+00
3.044224441786294718e-05 0.000000000000000000e+00 0.000000000000000000e+00
1.527577306055696358e-05 0.000000000000000000e+00 0.000000000000000000e+00
0.000000000000000000e+00 0.000000000000000000e+00 0.000000000000000000e+00
0.000000000000000000e+00 0.000000000000000000e+00 0.000000000000000000e+00
7.713503534037630536e-06 1.094458093816418917e-05 0.000000000000000000e+00
0.000000000000000000e+00 0.000000000000000000e+00 0.000000000000000000e+00
7.769154664269062511e-06 0.000000000000000000e+00 0.000000000000000000e+00
0.000000000000000000e+00 0.000000000000000000e+00 0.000000000000000000e+00
0.000000000000000000e+00 0.000000000000000000e+00 0.000000000000000000e+00
0.000000000000000000e+00 0.000000000000000000e+00 0.000000000000000000e+00
0.000000000000000000e+00 0.000000000000000000e+00 0.000000000000000000e+00
0.000000000000000000e+00 1.121683405627890232e-05 0.000000000000000000e+00
0.000000000000000000e+00 0.000000000000000000e+00 6.731949677879318851e-05
0.000000000000000000e+00 0.000000000000000000e+00 0.000000000000000000e+00
0.000000000000000000e+00 0.000000000000000000e+00 0.000000000000000000e+00
0.000000000000000000e+00 1.136340335341725362e-05 0.000000000000000000e+00
8.083549794336427702e-06 0.000000000000000000e+00 0.000000000000000000e+00
0.000000000000000000e+00 0.000000000000000000e+00 0.000000000000000000e+00
8.128632981638726876e-06 0.000000000000000000e+00 0.000000000000000000e+00
1.633100923260641930e-05 0.000000000000000000e+00 0.000000000000000000e+00
0.000000000000000000e+00 0.000000000000000000e+00 0.000000000000000000e+00
0.000000000000000000e+00 0.000000000000000000e+00 0.000000000000000000e+00
8.237104943096329793e-06 0.000000000000000000e+00 0.000000000000000000e+00
0.000000000000000000e+00 0.000000000000000000e+00 0.000000000000000000e+00
1.660002411964834636e-05 0.000000000000000000e+00 0.000000000000000000e+00
0.000000000000000000e+00 1.181393038330030905e-05 0.000000000000000000e+00
0.000000000000000000e+00 0.000000000000000000e+00 0.000000000000000000e+00
1.681078309323346390e-05 0.000000000000000000e+00 0.000000000000000000e+00
8.445303498639324417e-06 0.000000000000000000e+00 0.000000000000000000e+00
0.000000000000000000e+00 0.000000000000000000e+00 0.000000000000000000e+00
0.000000000000000000e+00 0.000000000000000000e+00 0.000000000000000000e+00
0.000000000000000000e+00 0.000000000000000000e+00 0.000000000000000000e+00
0.000000000000000000e+00 0.000000000000000000e+00 0.000000000000000000e+00
8.570493928099468282e-06 0.000000000000000000e+00 0.000000000000000000e+00
0.000000000000000000e+00 0.000000000000000000e+00 0.000000000000000000e+00
0.000000000000000000e+00 0.000000000000000000e+00 0.000000000000000000e+00
0.000000000000000000e+00 0.000000000000000000e+00 0.000000000000000000e+00
0.000000000000000000e+00 0.000000000000000000e+00 0.000000000000000000e+00
0.000000000000000000e+00 0.000000000000000000e+00 0.000000000000000000e+00
8.765557437506608774e-06 0.000000000000000000e+00 0.000000000000000000e+00
8.807553988810348504e-06 0.000000000000000000e+00 0.000000000000000000e+00
1.766337734041785375e-05 0.000000000000000000e+00 0.000000000000000000e+00
0.000000000000000000e+00 0.000000000000000000e+00 0.000000000000000000e+00
0.000000000000000000e+00 1.259658371618796554e-05 0.000000000000000000e+00
0.000000000000000000e+00 0.000000000000000000e+00 0.000000000000000000e+00
0.000000000000000000e+00 0.000000000000000000e+00 0.000000000000000000e+00
0.000000000000000000e+00 0.000000000000000000e+00 0.000000000000000000e+00
0.000000000000000000e+00 0.000000000000000000e+00 0.000000000000000000e+00
0.000000000000000000e+00 0.000000000000000000e+00 0.000000000000000000e+00
0.000000000000000000e+00 0.000000000000000000e+00 0.000000000000000000e+00
0.000000000000000000e+00 0.000000000000000000e+00 0.000000000000000000e+00
0.000000000000000000e+00 0.000000000000000000e+00 0.000000000000000000e+00
0.000000000000000000e+00 0.000000000000000000e+00 0.000000000000000000e+00
0.000000000000000000e+00 0.000000000000000000e+00 0.000000000000000000e+00
0.000000000000000000e+00 0.000000000000000000e+00 0.000000000000000000e+00
0.000000000000000000e+00 0.000000000000000000e+00 0.000000000000000000e+00
0.000000000000000000e+00 0.000000000000000000e+00 0.000000000000000000e+00
0.000000000000000000e+00 0.000000000000000000e+00 0.000000000000000000e+00
0.000000000000000000e+00 0.000000000000000000e+00 0.000000000000000000e+00
0.000000000000000000e+00 0.000000000000000000e+00 0.000000000000000000e+00
9.430341535465606970e-06 0.000000000000000000e+00 0.000000000000000000e+00
0.000000000000000000e+00 0.000000000000000000e+00 0.000000000000000000e+00
9.504706959204047028e-06 0.000000000000000000e+00 0.000000000000000000e+00
0.000000000000000000e+00 0.000000000000000000e+00 0.000000000000000000e+00
0.000000000000000000e+00 0.000000000000000000e+00 0.000000000000000000e+00
0.000000000000000000e+00 0.000000000000000000e+00 0.000000000000000000e+00
0.000000000000000000e+00 0.000000000000000000e+00 0.000000000000000000e+00
0.000000000000000000e+00 0.000000000000000000e+00 0.000000000000000000e+00
0.000000000000000000e+00 0.000000000000000000e+00 0.000000000000000000e+00
0.000000000000000000e+00 0.000000000000000000e+00 0.000000000000000000e+00
0.000000000000000000e+00 0.000000000000000000e+00 0.000000000000000000e+00
0.000000000000000000e+00 0.000000000000000000e+00 0.000000000000000000e+00
0.000000000000000000e+00 0.000000000000000000e+00 0.000000000000000000e+00
0.000000000000000000e+00 0.000000000000000000e+00 0.000000000000000000e+00
0.000000000000000000e+00 0.000000000000000000e+00 0.000000000000000000e+00
0.000000000000000000e+00 0.000000000000000000e+00 0.000000000000000000e+00
9.951773955892609906e-06 0.000000000000000000e+00 0.000000000000000000e+00
0.000000000000000000e+00 0.000000000000000000e+00 0.000000000000000000e+00
0.000000000000000000e+00 0.000000000000000000e+00 0.000000000000000000e+00
0.000000000000000000e+00 0.000000000000000000e+00 0.000000000000000000e+00
0.000000000000000000e+00 0.000000000000000000e+00 0.000000000000000000e+00
0.000000000000000000e+00 0.000000000000000000e+00 0.000000000000000000e+00
0.000000000000000000e+00 0.000000000000000000e+00 0.000000000000000000e+00
0.000000000000000000e+00 0.000000000000000000e+00 0.000000000000000000e+00
0.000000000000000000e+00 0.000000000000000000e+00 0.000000000000000000e+00
0.000000000000000000e+00 0.000000000000000000e+00 0.000000000000000000e+00
0.000000000000000000e+00 0.000000000000000000e+00 0.000000000000000000e+00
0.000000000000000000e+00 0.000000000000000000e+00 0.000000000000000000e+00
0.000000000000000000e+00 0.000000000000000000e+00 0.000000000000000000e+00
0.000000000000000000e+00 0.000000000000000000e+00 0.000000000000000000e+00
0.000000000000000000e+00 1.475428113593759707e-05 0.000000000000000000e+00
0.000000000000000000e+00 0.000000000000000000e+00 0.000000000000000000e+00
0.000000000000000000e+00 0.000000000000000000e+00 0.000000000000000000e+00
0.000000000000000000e+00 0.000000000000000000e+00 0.000000000000000000e+00
0.000000000000000000e+00 0.000000000000000000e+00 0.000000000000000000e+00
0.000000000000000000e+00 0.000000000000000000e+00 0.000000000000000000e+00
0.000000000000000000e+00 0.000000000000000000e+00 0.000000000000000000e+00
0.000000000000000000e+00 0.000000000000000000e+00 0.000000000000000000e+00
0.000000000000000000e+00 0.000000000000000000e+00 0.000000000000000000e+00
0.000000000000000000e+00 0.000000000000000000e+00 0.000000000000000000e+00
0.000000000000000000e+00 0.000000000000000000e+00 0.000000000000000000e+00
0.000000000000000000e+00 0.000000000000000000e+00 0.000000000000000000e+00
1.082182816001815781e-05 0.000000000000000000e+00 0.000000000000000000e+00
1.084377216941024812e-05 0.000000000000000000e+00 0.000000000000000000e+00
0.000000000000000000e+00 0.000000000000000000e+00 0.000000000000000000e+00
0.000000000000000000e+00 0.000000000000000000e+00 0.000000000000000000e+00
0.000000000000000000e+00 0.000000000000000000e+00 0.000000000000000000e+00
0.000000000000000000e+00 0.000000000000000000e+00 0.000000000000000000e+00
0.000000000000000000e+00 0.000000000000000000e+00 0.000000000000000000e+00
0.000000000000000000e+00 0.000000000000000000e+00 0.000000000000000000e+00
0.000000000000000000e+00 0.000000000000000000e+00 0.000000000000000000e+00
0.000000000000000000e+00 0.000000000000000000e+00 0.000000000000000000e+00
0.000000000000000000e+00 0.000000000000000000e+00 0.000000000000000000e+00
0.000000000000000000e+00 0.000000000000000000e+00 0.000000000000000000e+00
0.000000000000000000e+00 1.587927938966409187e-05 0.000000000000000000e+00
0.000000000000000000e+00 0.000000000000000000e+00 0.000000000000000000e+00
0.000000000000000000e+00 1.597621561956490114e-05 0.000000000000000000e+00
0.000000000000000000e+00 0.000000000000000000e+00 0.000000000000000000e+00
0.000000000000000000e+00 0.000000000000000000e+00 0.000000000000000000e+00
0.000000000000000000e+00 0.000000000000000000e+00 0.000000000000000000e+00
0.000000000000000000e+00 0.000000000000000000e+00 0.000000000000000000e+00
0.000000000000000000e+00 0.000000000000000000e+00 0.000000000000000000e+00
0.000000000000000000e+00 0.000000000000000000e+00 0.000000000000000000e+00
0.000000000000000000e+00 0.000000000000000000e+00 0.000000000000000000e+00
0.000000000000000000e+00 0.000000000000000000e+00 0.000000000000000000e+00
0.000000000000000000e+00 0.000000000000000000e+00 0.000000000000000000e+00
0.000000000000000000e+00 0.000000000000000000e+00 0.000000000000000000e+00
0.000000000000000000e+00 0.000000000000000000e+00 0.000000000000000000e+00
0.000000000000000000e+00 0.000000000000000000e+00 0.000000000000000000e+00
0.000000000000000000e+00 0.000000000000000000e+00 0.000000000000000000e+00
0.000000000000000000e+00 0.000000000000000000e+00 0.000000000000000000e+00
0.000000000000000000e+00 0.000000000000000000e+00 0.000000000000000000e+00
0.000000000000000000e+00 0.000000000000000000e+00 0.000000000000000000e+00
0.000000000000000000e+00 0.000000000000000000e+00 0.000000000000000000e+00
1.194481526294528206e-05 0.000000000000000000e+00 0.000000000000000000e+00
0.000000000000000000e+00 0.000000000000000000e+00 0.000000000000000000e+00
0.000000000000000000e+00 0.000000000000000000e+00 0.000000000000000000e+00
0.000000000000000000e+00 0.000000000000000000e+00 0.000000000000000000e+00
0.000000000000000000e+00 0.000000000000000000e+00 0.000000000000000000e+00
0.000000000000000000e+00 0.000000000000000000e+00 0.000000000000000000e+00
0.000000000000000000e+00 0.000000000000000000e+00 0.000000000000000000e+00
0.000000000000000000e+00 0.000000000000000000e+00 0.000000000000000000e+00
0.000000000000000000e+00 0.000000000000000000e+00 0.000000000000000000e+00
0.000000000000000000e+00 0.000000000000000000e+00 0.000000000000000000e+00
0.000000000000000000e+00 0.000000000000000000e+00 0.000000000000000000e+00
0.000000000000000000e+00 0.000000000000000000e+00 0.000000000000000000e+00
0.000000000000000000e+00 0.000000000000000000e+00 0.000000000000000000e+00
0.000000000000000000e+00 0.000000000000000000e+00 0.000000000000000000e+00
0.000000000000000000e+00 0.000000000000000000e+00 0.000000000000000000e+00
0.000000000000000000e+00 0.000000000000000000e+00 0.000000000000000000e+00
0.000000000000000000e+00 0.000000000000000000e+00 0.000000000000000000e+00
0.000000000000000000e+00 0.000000000000000000e+00 0.000000000000000000e+00
0.000000000000000000e+00 0.000000000000000000e+00 0.000000000000000000e+00
