2.310877458641058616e-06 2.244984658942453471e-06 1.222380949728306899e-07
1.675735554280511640e-05 1.617456778777218344e-05 1.809991729298552851e-06
4.507002369946879985e-05 4.451400234781642068e-05 8.138475382608868398e-06
8.667719778713811856e-05 8.657223124545199698e-05 2.026286833197195252e-05
1.420934216543667870e-04 1.417933900377474636e-04 4.061419953013412900e-05
2.096209201031927624e-04 2.091850943876631555e-04 7.043714646080891117e-05
2.869531924329519535e-04 2.891591238521655982e-04 1.080862612629475503e-04
3.735712790464362451e-04 3.824946458322057898e-04 1.544849923583885580e-04
4.765372548332726696e-04 4.885218033975829511e-04 2.136113105251801392e-04
5.823323597446672904e-04 5.972858468896400383e-04 2.817734486998382175e-04
6.933125830171839744e-04 7.142080138647847846e-04 3.583002437609240248e-04
8.204218270686996573e-04 8.475281361097510274e-04 4.249323580138869723e-04
9.544326601644758865e-04 9.817318728674356756e-04 5.443219780667529761e-04
1.079328871356909645e-03 1.119190512900521475e-03 6.255688039842699586e-04
1.226780407343884983e-03 1.286242125878602404e-03 7.529120544343087355e-04
1.359234139466524664e-03 1.433794037545722344e-03 8.687292010397805768e-04
1.506313851424464145e-03 1.590913922444566701e-03 9.718532737581153051e-04
1.667998722413880199e-03 1.746864063315157253e-03 1.136661882600902701e-03
1.826468560476542059e-03 1.917124517968192294e-03 1.242943215022805159e-03
1.967027070991799343e-03 2.083437889773091627e-03 1.398737189787145792e-03
2.142986516268506180e-03 2.300531695674120931e-03 1.541913760467361616e-03
2.293656715889545814e-03 2.440001993780300041e-03 1.770410615971606443e-03
2.475276322116852935e-03 2.622357079117978301e-03 1.832311442794252966e-03
2.622179646350035215e-03 2.745270013015486434e-03 1.987273927194836438e-03
2.772694469429203001e-03 2.951177060526365744e-03 2.248578841954142898e-03
2.911990487082963524e-03 3.126295819625121968e-03 2.353990894085676838e-03
3.112964450574767349e-03 3.290046388735807896e-03 2.442446397242982025e-03
3.242380370676082278e-03 3.455161511013992836e-03 2.726805513272512280e-03
3.423448459001557191e-03 3.623177355065337370e-03 2.880616293395106726e-03
3.559947833081830455e-03 3.780959190055613144e-03 2.892414225509019280e-03
3.718984973082384033e-03 3.980300886433845581e-03 3.141780218281518128e-03
3.871116051002043267e-03 4.174458547652474399e-03 3.321559442577429969e-03
4.034153789797184642e-03 4.319156309979379181e-03 3.444364920641045710e-03
4.181056023380529986e-03 4.450934463426094514e-03 3.607531163779920374e-03
4.291518426934129785e-03 4.647386237128544977e-03 3.884133248449014083e-03
4.469282433289472646e-03 4.693481163094653449e-03 3.967398909318445646e-03
4.571471771420088093e-03 4.937448760570916674e-03 4.073912273652022763e-03
4.694983774579639807e-03 5.020872601112657922e-03 4.057282323191496731e-03
4.838871316524143498e-03 5.185591976659169149e-03 4.379305026761016149e-03
4.974511394455034645e-03 5.300187213389721298e-03 4.573028229156190366e-03
5.133277459069179698e-03 5.446354126602344532e-03 4.659877579661280550e-03
5.244980554685720747e-03 5.602067498453881106e-03 4.806348082327978853e-03
5.313964355583129795e-03 5.710231241530168769e-03 5.012203929189085715e-03
5.509617866033518843e-03 5.818581642248289026e-03 4.932832776705625005e-03
5.639491079035340720e-03 5.937566578208821125e-03 5.085789446845513130e-03
5.700168655661581700e-03 6.028180805410999349e-03 5.316432473163387219e-03
5.794092031207223256e-03 6.089891499432921289e-03 5.275860885970106579e-03
5.848900772481270549e-03 6.294626872079347318e-03 5.615716857101252582e-03
5.961942221133827852e-03 6.206635911451752023e-03 5.552206242920534884e-03
6.065561646908417155e-03 6.398558644219437715e-03 5.735620839432201135e-03
6.069821856741180154e-03 6.495413248253610605e-03 5.817668128542601708e-03
6.214864269218457922e-03 6.551794183078510359e-03 6.159354522855644762e-03
6.197035291723994831e-03 6.707994248288121075e-03 6.246135999818203804e-03
6.324527192242418959e-03 6.762320557633683636e-03 6.405337615955215315e-03
6.387580321840900625e-03 6.803504277254427898e-03 6.328328924983580434e-03
6.326589351656113601e-03 6.854804315292156898e-03 6.489216180016963917e-03
6.540181170766910974e-03 6.925852141581143213e-03 6.327349568177164513e-03
6.569552097528536666e-03 6.825875724579122741e-03 6.616069888824194396e-03
6.619757121974590569e-03 6.946612338065729503e-03 6.909229494178997441e-03
6.699999587225150335e-03 6.995877067899525584e-03 6.812467092915547653e-03
6.756376812789667737e-03 7.117452394890167247e-03 6.538800202108082001e-03
6.837504252709035446e-03 7.178216571001826835e-03 7.032926104825138261e-03
6.941483812062061720e-03 7.193034174035796251e-03 6.813998238456069924e-03
6.841502035026213874e-03 7.194839758836423134e-03 6.633267756567122302e-03
6.838470376125845018e-03 7.292378645747448103e-03 6.887031348744108300e-03
6.871541622931866787e-03 7.180820141633352700e-03 6.756104469236844448e-03
6.882336530209439904e-03 7.407098305230519660e-03 6.960707469704620690e-03
7.013188882543868775e-03 7.239485063885411215e-03 7.229571498747825765e-03
6.991361551812871195e-03 7.422489350631977442e-03 6.969636600081438073e-03
6.966434890267031617e-03 7.337109507555986468e-03 7.485716935698809998e-03
7.008514935882280070e-03 7.397508362513024495e-03 6.899931055658990210e-03
7.090588327533170823e-03 7.378086801976939564e-03 6.769589277515689583e-03
6.989607382154811380e-03 7.133398290138839165e-03 7.475230667963199752e-03
7.105522895925064572e-03 7.490821946665384042e-03 7.277719107114352312e-03
7.138958440034640605e-03 7.233764612186325237e-03 6.946849428534552194e-03
7.067230861476463816e-03 7.334310400571202211e-03 7.112093803730624476e-03
7.211027516587955634e-03 7.376903682558882437e-03 7.185186833429647868e-03
6.983745241654379203e-03 7.386496914951611210e-03 6.927426019383563748e-03
7.166890563755717869e-03 7.205292243457658841e-03 7.307294545262117344e-03
6.938563165283261058e-03 7.323233652818128721e-03 7.080451831541608766e-03
7.151065989372873410e-03 7.183113589297261681e-03 6.836389142622318477e-03
7.118116420490157303e-03 7.259816812059676112e-03 7.545334612861337963e-03
7.113224205106475663e-03 6.990743036848469372e-03 7.131073446504029856e-03
6.898040227175899000e-03 7.114309983262630255e-03 6.971008554684148331e-03
6.862074068745003738e-03 7.336033502828071332e-03 6.951775299391994151e-03
6.917806295278778293e-03 7.386913686036724984e-03 7.221503052031315664e-03
6.916435902143842560e-03 7.242065722050355925e-03 7.118508929225775272e-03
6.957888267559447434e-03 7.022911888816095981e-03 7.313537661056343508e-03
6.904557690087890880e-03 7.120347133898832087e-03 7.129133807754088614e-03
6.813751551226597189e-03 7.030363775304564883e-03 7.026038438197734250e-03
6.837348963079345476e-03 6.987639657803079718e-03 6.818114623605844166e-03
6.847025338264035345e-03 7.090009826673882541e-03 7.102934214645620706e-03
6.826556946993165426e-03 6.947502279586265095e-03 6.779364556400830320e-03
6.719175453664395954e-03 6.802048540793246764e-03 6.828979589141430731e-03
6.692186480663004332e-03 6.812084380961734749e-03 6.933324205263756770e-03
6.415991288544451582e-03 6.772297570307016061e-03 6.629345587702468318e-03
6.587858361863582757e-03 6.659367053088251047e-03 6.429299309655721502e-03
6.491068613472737898e-03 6.587345942126671475e-03 6.531898321577939148e-03
6.551026262966948288e-03 6.511566465578867875e-03 6.733090067995710359e-03
6.500682452185451224e-03 6.570210535291784795e-03 6.866576248529554678e-03
6.369905182608070517e-03 6.399740214542554845e-03 6.975649235138963421e-03
6.332306834783541123e-03 6.619663712832676156e-03 6.342346972146710796e-03
6.437424389547796548e-03 6.255226908237028136e-03 6.531234014833451652e-03
6.131297789266515821e-03 6.355931813876013019e-03 6.680793644826071853e-03
6.230066855169234287e-03 6.218825776436293605e-03 6.386707914584210596e-03
6.248343670433883709e-03 6.116443072498222756e-03 6.305330507269649512e-03
6.083458952406287437e-03 6.227274410238531170e-03 6.568469035674880108e-03
6.096488515378460996e-03 6.151083823871437116e-03 6.507560415628833340e-03
6.253185553427565574e-03 6.183112479673178070e-03 6.264849773037013160e-03
5.981659593148201844e-03 6.023347142025104427e-03 6.395320563045286087e-03
6.090458496923039158e-03 6.113229533131382329e-03 5.981037472803128058e-03
5.889735211901293496e-03 5.975563619584610756e-03 6.672423350474150812e-03
5.976952686077017032e-03 5.803740440719975212e-03 5.744662032563315965e-03
5.832762138648817270e-03 5.895064960226032574e-03 5.526259911710199903e-03
5.547667221417819025e-03 5.774982520620135229e-03 6.301304628131322756e-03
5.978201189127084481e-03 5.682689755917810434e-03 5.507891567718550992e-03
5.702154776284247030e-03 5.543910746962138827e-03 6.179624454999799003e-03
5.468840664927692753e-03 5.498336054103767842e-03 5.575624111197034598e-03
5.525130360560465657e-03 5.377686288596529932e-03 5.364684210345475185e-03
5.524653458181030471e-03 5.438329302739046932e-03 6.534934793397457163e-03
5.384800188599807996e-03 5.280685503787816391e-03 5.510868101769984297e-03
5.359757680959721486e-03 5.323751924245466449e-03 6.112468737504480470e-03
5.466961667378818224e-03 5.354539498352698691e-03 5.869736514305582895e-03
5.387994672132703777e-03 5.204861567600448276e-03 5.351279925486953151e-03
5.232097319804396296e-03 5.249685117845116940e-03 5.937261613372492655e-03
5.122730669728643889e-03 5.172010193929385893e-03 5.273922556081416489e-03
5.097632600373483078e-03 4.978401086900888749e-03 6.039269120974170672e-03
5.170760080821046843e-03 5.081559988833913438e-03 4.921025304406702848e-03
4.903694523541350138e-03 4.904867254299459349e-03 5.019548094678818149e-03
5.026913164548333333e-03 4.865741677279759869e-03 4.694211499447697826e-03
5.022430848788055936e-03 4.836830082658599879e-03 5.057706086657480157e-03
4.819991979195322081e-03 4.934281160475202134e-03 4.899284997902464064e-03
4.792681249897503756e-03 4.905211045185901494e-03 4.832574423567246452e-03
4.821662623852323096e-03 4.675121683566249575e-03 5.131226710128750958e-03
4.687662856485010077e-03 4.728708989178202760e-03 4.960999024708496324e-03
4.660485656533778533e-03 4.531070887832890429e-03 4.571269376636816553e-03
4.805149430108678586e-03 4.336424966641719975e-03 4.209328125030359358e-03
4.502998743166792238e-03 4.241089192722179331e-03 4.555537123257875388e-03
4.417015572246391596e-03 4.408579865310937630e-03 4.729478931018317629e-03
4.526044539532100321e-03 4.495755607655842027e-03 4.463801400867987990e-03
4.153814414533516484e-03 4.324504296552861109e-03 4.367225302143734264e-03
4.212734623830512518e-03 4.213049440721614546e-03 4.775966310386662965e-03
4.308772965454164307e-03 4.168884738075450021e-03 4.493952642508430850e-03
4.397787601846323002e-03 4.149083285364124282e-03 4.084875965508557617e-03
4.151298674611003658e-03 4.126297624805129634e-03 4.025471496887089717e-03
4.139993186593155655e-03 3.996522937362560583e-03 3.836960699491727932e-03
4.083276658056153238e-03 3.820149751915502198e-03 4.800006667933238991e-03
4.095039746979074052e-03 3.835343878457936340e-03 4.116562600522523027e-03
4.021215277462428760e-03 4.142486194689964582e-03 4.604070078366092299e-03
3.981367842600564387e-03 3.730078326966401823e-03 3.846167637045449974e-03
4.075385773370250597e-03 3.618211775180138045e-03 4.311104564468129854e-03
3.754795154427846820e-03 3.534995186022156424e-03 3.422359210852555286e-03
3.940606664920485135e-03 3.706928866070598443e-03 4.403586321248606841e-03
3.690676784061451988e-03 3.782578565960167168e-03 4.459239301652289343e-03
3.849651474284384277e-03 3.538734603165108548e-03 4.079220748700376591e-03
3.701566224127093505e-03 3.351950671677344194e-03 3.634652329214579144e-03
3.611246294872371993e-03 3.391605555382514944e-03 3.033044765510441859e-03
3.585528877124299994e-03 3.334970191548857973e-03 3.870025697572107310e-03
3.504232825179646321e-03 3.280862529577763861e-03 3.254321799179326138e-03
3.545526937674089215e-03 3.336704655064744000e-03 3.446034388767794596e-03
3.656460960261445278e-03 3.388752104671825544e-03 3.751957059961637860e-03
3.401375759067357032e-03 3.295827843732250170e-03 3.231798821183780399e-03
3.342486253295003009e-03 3.195610530172293857e-03 3.878083232828215092e-03
3.256209832401917720e-03 3.080426083500734796e-03 3.803203051304045439e-03
3.107913251249181958e-03 3.081610434203383569e-03 3.041774258750430931e-03
3.369879615600455264e-03 2.914446783855677205e-03 3.484905207142661911e-03
3.229488856266032448e-03 3.305823821446301439e-03 2.352172685718298580e-03
3.142738390639849850e-03 2.974614375227908197e-03 3.603554736834004967e-03
3.021966022109327452e-03 3.020571633065016748e-03 3.875247707006779143e-03
3.038485927041610201e-03 2.831092763850700904e-03 2.933296435031642387e-03
3.121285961805316499e-03 2.758289010474793915e-03 2.400236703193047664e-03
2.926698218605895251e-03 2.785065811494470342e-03 3.339646665935580485e-03
2.908273799667121431e-03 2.753768518761423763e-03 2.696560736699074763e-03
2.818913308561748782e-03 2.635892936715202289e-03 2.762750824827560868e-03
2.839118856706908823e-03 2.433034057153584100e-03 2.761061455768412144e-03
2.799507010705185994e-03 2.578875904779601071e-03 2.969115598429362089e-03
2.633025411411536992e-03 2.597081236759475088e-03 2.891956303971420297e-03
2.577498213759942588e-03 2.414738178115448212e-03 2.601257399986234720e-03
2.671422968355738163e-03 2.361988848650635638e-03 2.668025797351585449e-03
2.802329061170311109e-03 2.506330290556310538e-03 2.991633508029522149e-03
2.660691089616844945e-03 2.490586868778525177e-03 2.392171470804797286e-03
2.626673853613398658e-03 2.473266983792331026e-03 2.719883632681626903e-03
2.448013574441496726e-03 2.360012095313442342e-03 2.714435985113304150e-03
2.630889515181547133e-03 2.309257876268248823e-03 2.355991065373749804e-03
2.326005018904940894e-03 2.353493229016108065e-03 2.383454509957161262e-03
2.379247817035117646e-03 2.378903660677411571e-03 2.682826984112080156e-03
2.168949358329511773e-03 2.064004210950045118e-03 2.472982702925770847e-03
2.397522232739429746e-03 2.227922681051993682e-03 2.097309657434917162e-03
2.209932888515018894e-03 2.136289232364980105e-03 1.997432786868622284e-03
2.297031441560795032e-03 1.924194850077957843e-03 2.102020819976208477e-03
2.187734041106079684e-03 1.840276431161940850e-03 2.415114301383405968e-03
2.296614638409270100e-03 1.971852505173426161e-03 2.228605615621615139e-03
2.153830336152645457e-03 2.156470694970469802e-03 2.083407874966330519e-03
2.303767494051124631e-03 2.056721294143932805e-03 2.061411541984655912e-03
2.069701520237449653e-03 1.932055608804136024e-03 2.344624875736744853e-03
2.112406888750055587e-03 2.267727821741450257e-03 1.973013312980186496e-03
2.012733449772036946e-03 1.868613183697686491e-03 2.081472482213683056e-03
1.985497622872155459e-03 1.873155366735931816e-03 1.744403491552314533e-03
1.935949024774823645e-03 1.808699877182321988e-03 2.124684718087669569e-03
2.026130200367854371e-03 1.873212655279028922e-03 1.827609053111179955e-03
1.931862362446478548e-03 1.760206406681270310e-03 2.029449425638392163e-03
1.790562979617284526e-03 1.785924861733294245e-03 1.863150038518571411e-03
1.791111773617335519e-03 1.528461838959881873e-03 2.256376420477649702e-03
1.736196476921476450e-03 1.717787557701859437e-03 1.757248439237096881e-03
1.758961940337343439e-03 1.542537533707226058e-03 2.014799974997291080e-03
1.718554614597989213e-03 1.492321314413429332e-03 1.454869848563664341e-03
1.787713958276930699e-03 1.490930431549673503e-03 2.103794471989816998e-03
1.652608263261085095e-03 1.513336938212404142e-03 1.629521183949397475e-03
1.639316077166462710e-03 1.627800635267143570e-03 1.994950282771015479e-03
1.744161435398968330e-03 1.517505473095992876e-03 1.308069472476575687e-03
1.706763859502398320e-03 1.582711456118754629e-03 1.831832452812677363e-03
1.577540040586594954e-03 1.477640029275504663e-03 1.641885460142218861e-03
1.647242672738395306e-03 1.378501825087910396e-03 1.553208416156042935e-03
1.489434271653221169e-03 1.619726544652196976e-03 1.359655699822475989e-03
1.471834194484065344e-03 1.440543164511832184e-03 1.952496316294948311e-03
1.523440383333277484e-03 1.257432765376434707e-03 1.864659247324273322e-03
1.486624789255669042e-03 1.377178323858465388e-03 1.236793852611067822e-03
1.597294970425283071e-03 1.417563994946848373e-03 1.519073195458634212e-03
1.481604047312462188e-03 1.384533015396906697e-03 1.422944690567369552e-03
1.475762412423061885e-03 1.360268781213374136e-03 1.160488737892815094e-03
1.415901946429497715e-03 1.167213311496468437e-03 1.393553287856918489e-03
1.428998694912890586e-03 1.384962054145995412e-03 1.520229017234211782e-03
1.253314067909784080e-03 1.255048549662346382e-03 1.192229179403375998e-03
1.169566552065144606e-03 1.285743765130843447e-03 1.204222926705843808e-03
1.392721275648147079e-03 1.016098167954639564e-03 1.040421895039711974e-03
1.453757876252211164e-03 1.103929540145084280e-03 8.738916325055341803e-04
1.292245652060786251e-03 1.005193735191333088e-03 1.413203996459132467e-03
1.155286941663564125e-03 9.844456499244250668e-04 1.186701351692503320e-03
1.179877275944411384e-03 1.052718984777564629e-03 1.795909591991256193e-03
1.147204077556332642e-03 1.223779426175800739e-03 1.328272746318238462e-03
9.906981966391354560e-04 9.686795898452741456e-04 1.035673030685890219e-03
1.327727794382985941e-03 1.204641139165132978e-03 1.107454878798351050e-03
1.184594351305007405e-03 1.204591654187807739e-03 7.443661744183279741e-04
1.038784321523103992e-03 1.068239243446179572e-03 9.389065504747604865e-04
1.107982383380199960e-03 1.087542192487296437e-03 6.946835288060214083e-04
1.253259417574562225e-03 9.902569376002714162e-04 1.272181640673884871e-03
1.034983877993865065e-03 9.990900730572844016e-04 1.154948073061724898e-03
9.214927638014400570e-04 9.426969799886078701e-04 9.709695666226466097e-04
1.068269109775286030e-03 8.524237617565383210e-04 1.499705843384733410e-03
8.199095244216999265e-04 9.475833657758406031e-04 1.184831996772359002e-03
9.370467234977754431e-04 1.033311351035316782e-03 1.195165382905520211e-03
8.578661238165601836e-04 7.729139311932750134e-04 9.371333353601383554e-04
1.016543331508987322e-03 8.582177684176943693e-04 1.483708232614289625e-03
9.924871952097505043e-04 6.948031365279818674e-04 7.493388393600638759e-04
7.405598104107215035e-04 1.022192241375410654e-03 9.607806435257519465e-04
6.727497023054223061e-04 7.987321765440758220e-04 1.520653453585212207e-03
8.352273225959369607e-04 7.935068527791391086e-04 1.045468733680789434e-03
8.754954513997006103e-04 8.589611532622779683e-04 9.139757946296677609e-04
7.651034819995568542e-04 9.014223198886645244e-04 7.794486747251428045e-04
8.558965038742446076e-04 7.890288563668858193e-04 1.142552459463035998e-03
8.198809956619820512e-04 7.355439111989289878e-04 1.224448579688443024e-03
7.661007448088568697e-04 8.265425764323418431e-04 8.709397648897314586e-04
8.329911458292721003e-04 6.862767366228387763e-04 1.024037351474114997e-03
8.924184240916923933e-04 9.998136101229192045e-04 7.378757205622253710e-04
8.905206221451372793e-04 6.964840840387315213e-04 6.687047789566139466e-04
7.016171130454045002e-04 5.515989863409591441e-04 6.745801396183354840e-04
8.597026167350848257e-04 6.319711147640383851e-04 1.283371222156343833e-03
5.958399516872429262e-04 6.878619313171848359e-04 9.888622175679288081e-04
6.186768020231705025e-04 6.162667867330598546e-04 7.659771588226021392e-04
6.692276090823612560e-04 8.797969901472681761e-04 7.730848903680176496e-04
6.741517584841811737e-04 7.950923511452710193e-04 8.564434748790044185e-04
7.632231348069070049e-04 5.515135076508725139e-04 9.424599215236159708e-04
7.783917313427275025e-04 5.955137203882480664e-04 8.684886147193817850e-04
5.859812595809549968e-04 6.265539491143363483e-04 4.782077469837033240e-04
6.856822447100603332e-04 4.435465051647440862e-04 4.013461202494439904e-04
4.985778149046979140e-04 5.142799915054375136e-04 5.660877825832650668e-04
6.864847418982949773e-04 4.909490925571513608e-04 5.704088181939569267e-04
7.303481603175592711e-04 5.359717829523422778e-04 4.925873335651882257e-04
5.791709389991248199e-04 5.955725607925285671e-04 4.966717222891985735e-04
7.017575677026169139e-04 5.302161166983693046e-04 1.248406166905622000e-03
5.775670723027451388e-04 5.198381297126546856e-04 8.388268302790874344e-04
5.417139929349610141e-04 5.094690202089278714e-04 3.378377034136299264e-04
6.368610253206130785e-04 3.563794515827211793e-04 8.527319005043316026e-04
6.210157608289535933e-04 5.173830376798322934e-04 6.016457886940251723e-04
6.261578977407755058e-04 6.948326947348104155e-04 6.916569845063295615e-04
5.476028026229782858e-04 4.810598754543977127e-04 6.965286450109722284e-04
4.994614113946523742e-04 5.139488577082255896e-04 5.266211973691787380e-04
4.819778170222536952e-04 5.029549072356582443e-04 6.188247871735891390e-04
4.430059234813802922e-04 4.471802666559855253e-04 8.895290622830446213e-04
5.847936146611424149e-04 4.804233947582820029e-04 2.683610793743601130e-04
4.391768069922653275e-04 3.627048346923154171e-04 9.922521828887513433e-04
4.205383516713918001e-04 3.654602006454653177e-04 7.275620462833312912e-04
4.890166630525428788e-04 5.520261535743529449e-04 3.663829667943098141e-04
4.049582978455037075e-04 4.630508184141199010e-04 3.694491973090704420e-04
4.297437650003873731e-04 3.420133356506588579e-04 4.643609513732591771e-04
4.662178009631530061e-04 3.756417762236954178e-04 6.540914036889593046e-04
4.914171968506967280e-04 4.729790143110001923e-04 2.821951865570992545e-04
3.936615385115581648e-04 4.603532161827932805e-04 5.692362327144149950e-04
4.306271085955025403e-04 2.715038109406957040e-04 2.869986375842771011e-04
4.337372707590933258e-04 3.860790182424757820e-04 8.656668622302767218e-04
5.399665784661905436e-04 4.375937261075209077e-04 2.901877945852706460e-04
4.859018988999120876e-04 3.753192319120507501e-04 3.900147430173869258e-04
4.776876647454411152e-04 3.613894990988486674e-04 3.926145544928349540e-04
4.453466444915148452e-04 3.804606558957737282e-04 3.950076980620487112e-04
4.132104021853553956e-04 3.000636804815955410e-04 3.979482209898859151e-04
4.040097679371349305e-04 2.682879122776704811e-04 3.008645723074603994e-04
3.710976094111961224e-04 2.364041810697069528e-04 2.021352297788425885e-04
3.615180944748339520e-04 2.210520323972285737e-04 3.045392434034651275e-04
5.213735921562600044e-04 3.250840051618396581e-04 4.087508439772511381e-04
3.784811774646353912e-04 1.895389488945509876e-04 2.061045727197650902e-04
3.439738380146921122e-04 4.335635300126851983e-04 4.134479101012473491e-04
2.723233917291066055e-04 3.665633461929631654e-04 2.091692594023932179e-04
4.110144773027585340e-04 3.336985817640942035e-04 5.245875794444186321e-04
2.754554490094832109e-04 3.894017740278723355e-04 4.220603327699887913e-04
2.902245906312520820e-04 1.778725808747262833e-04 5.319127802138660065e-04
3.558293553182371787e-04 3.585986551831975831e-04 5.347393092204606561e-04
2.811958671503058055e-04 1.805904750203571731e-04 2.150573745773808293e-04
2.704845759246480674e-04 2.360812792982570668e-04 2.167184369879172543e-04
3.109368679348164578e-04 2.376526363331985165e-04 4.364607748530878397e-04
3.520670405326688170e-04 3.680884661248367304e-04 2.198040140506500866e-04
2.755430022484997815e-04 1.665670115128993641e-04 2.207993855913374897e-04
2.510332728065937827e-04 3.354131741416630668e-04 1.113984108357349452e-04
2.659576933846289444e-04 1.688404143800312002e-04 3.359136369918475822e-04
1.874357588576161331e-04 2.264689284921160247e-04 1.130345957039885404e-04
2.960984808306852279e-04 1.900889301576626851e-04 4.537243683578156259e-04
2.708200713159167263e-04 2.676650872837757944e-04 1.140162453122258015e-04
2.318465730581759879e-04 3.079043941036358595e-04 6.885898232865853659e-04
2.608168601555070198e-04 9.667569555537483083e-05 0.000000000000000000e+00
2.072587161011961768e-04 2.337763987604247649e-04 2.323641035963177628e-04
3.474546662495518637e-04 3.140243254229001485e-04 3.516930919827094084e-04
1.537430461817310958e-04 1.577079265640811434e-04 0.000000000000000000e+00
2.532575637336239682e-04 1.587880031987023825e-04 3.560783187016175206e-04
2.689723745678717541e-04 2.797989558671151625e-04 2.387158512027973958e-04
1.139723826564126047e-04 1.607453107839673884e-04 2.403765813498189691e-04
2.577660635851845741e-04 3.237359673750036864e-04 3.628708661782761857e-04
2.306019703827836588e-04 1.830850517620433138e-04 0.000000000000000000e+00
2.319967581765240239e-04 1.842421540690716982e-04 1.222618141820866326e-04
2.627457801477039718e-04 2.265202044567880542e-04 1.229519218310017731e-04
2.646321826578777519e-04 3.524371223660083719e-04 2.474386459368984768e-04
2.954767431152090446e-04 2.086953175929893761e-04 0.000000000000000000e+00
3.122178663380795042e-04 1.887442856264146581e-04 1.255191714819948524e-04
1.196106831244049318e-04 2.320226324150607446e-04 1.261270852144612134e-04
1.654999405969472491e-04 1.486779075944579215e-04 2.542361626805995922e-04
2.876030790213239801e-04 1.068726213120990486e-04 1.272555971319704710e-04
1.674462911644729530e-04 2.365306010482073396e-04 0.000000000000000000e+00
2.454184521323534351e-04 2.163419127139476819e-04 7.746705179464239040e-04
1.388074982307551698e-04 1.305684977864060765e-04 2.599817202863280354e-04
2.327250153726838713e-04 2.627637554965904228e-04 1.306403159935362514e-04
2.494895190611006158e-04 1.321196418985907993e-04 1.317887967647167371e-04
1.725948491220146526e-04 2.877484457680387435e-04 1.324740599748712260e-04
2.525433616963984563e-04 2.003106841565194533e-04 1.326924709181467453e-04
1.588298893032441430e-04 2.688483613039669676e-04 1.338185688769707700e-04
2.872837919892386161e-04 6.757475358408230270e-05 1.346662648888443130e-04
1.605532040482769110e-04 4.541714406289170465e-05 2.705290896301803779e-04
2.261221951156270390e-04 1.139528221401993802e-04 4.087295185338700671e-04
1.299489803828847477e-04 1.603659832292425580e-04 4.111688485673575528e-04
9.807971268944822214e-05 1.153439425933189055e-04 1.378928263173434077e-04
1.316020504822226279e-04 9.270373344332730886e-05 0.000000000000000000e+00
1.984759072572852352e-04 2.101209226207421488e-04 4.181453341886988244e-04
1.165387004577125586e-04 1.407798147580887433e-04 5.602606717238871586e-04
1.671614069792186168e-04 9.450596894086065564e-05 0.000000000000000000e+00
1.008808419334192053e-04 1.898536957876257572e-04 0.000000000000000000e+00
1.523602962694839196e-04 1.670252362557265785e-04 1.421573844733515807e-04
1.531909183698632179e-04 7.196960171058472042e-05 1.437449083402154472e-04
6.846241124436052859e-05 7.236663566638867179e-05 2.880099981592977153e-04
5.167650014936111326e-05 2.185071884467435887e-04 1.449168696783483857e-04
2.077184693352199046e-04 7.330083489089736254e-05 1.457989632247036547e-04
1.912850108730656000e-04 4.915814195887727655e-05 1.466509162481293023e-04
1.049085209513929781e-04 9.870697519037787196e-05 0.000000000000000000e+00
1.231229186765231778e-04 4.965966175382233302e-05 0.000000000000000000e+00
1.413310578533930213e-04 9.996132193241212549e-05 2.976825580541810588e-04
1.067864041075011414e-04 7.525392457340566239e-05 1.496522966347741269e-04
8.943883731676017753e-05 1.263133257724850735e-04 0.000000000000000000e+00
1.079235561002811564e-04 5.081551955977501168e-05 1.513476831513911960e-04
1.627236832663834750e-04 1.275928084241195520e-04 1.520819745049407554e-04
1.454846268769408241e-04 5.138720751576635829e-05 0.000000000000000000e+00
3.652953777596143253e-05 5.166297807359526706e-05 0.000000000000000000e+00
1.653978475383435049e-04 5.187733593040322344e-05 1.550706517782003040e-04
1.109452325159767983e-04 7.826563346670280946e-05 1.556448306675046729e-04
1.487307965822883525e-04 5.237547322736404607e-05 3.136266982629648190e-04
1.682632216558638683e-04 1.054729153690936840e-04 1.578159616303703911e-04
1.126697566254791636e-04 7.948798033321371570e-05 1.581565592687379643e-04
5.660419312848489982e-05 7.993955595483301412e-05 0.000000000000000000e+00
9.494137398918488777e-05 8.029481690577197790e-05 0.000000000000000000e+00
1.145667046979851331e-04 5.378636892244700413e-05 0.000000000000000000e+00
1.918564046538178601e-05 2.701407195778693010e-05 0.000000000000000000e+00
7.706180576426000168e-05 8.166003520054300208e-05 1.629288858324118815e-04
3.880178222602790526e-05 2.737836099716668695e-05 0.000000000000000000e+00
3.898291505085798263e-05 1.102107672328037546e-04 1.646281273400851690e-04
7.845286983941092212e-05 1.383052991032661058e-04 3.301608668814239814e-04
7.886268516453409541e-05 5.563628734499441778e-05 1.658821669449352066e-04
1.982460291154982939e-05 5.585290890899491546e-05 1.670709066727128582e-04
3.987395984929154968e-05 5.620502495131283398e-05 0.000000000000000000e+00
8.003579875993490560e-05 5.647571453920286171e-05 0.000000000000000000e+00
2.008311850773579756e-05 1.135768804644199576e-04 0.000000000000000000e+00
2.020461193325669296e-05 2.847994945835934558e-05 3.414314123546137838e-04
6.102154998482226927e-05 0.000000000000000000e+00 0.000000000000000000e+00
4.084675938490776100e-05 0.000000000000000000e+00 1.718683071996424756e-04
6.170118994513261825e-05 1.451048970579257294e-04 1.731139190597596057e-04
4.126968842926106746e-05 5.821529191255922649e-05 0.000000000000000000e+00
1.245565527295253757e-04 5.859877774217989323e-05 1.746145899781267560e-04
4.173743714819520302e-05 2.948875112818679555e-05 1.760138691245851099e-04
4.191244015934730561e-05 5.918848745072076157e-05 0.000000000000000000e+00
4.223782454918374843e-05 5.940578121127659459e-05 1.772743869501196214e-04
8.464306177913251893e-05 5.976291490735122219e-05 0.000000000000000000e+00
6.393932844386018854e-05 6.010278141994050173e-05 0.000000000000000000e+00
1.283963367629796938e-04 6.051680040265100589e-05 0.000000000000000000e+00
2.150024904866269194e-05 6.069998825622616422e-05 0.000000000000000000e+00
8.650381474060430949e-05 9.135555457820187858e-05 0.000000000000000000e+00
4.339091850115675444e-05 3.066842872775892698e-05 1.829840454105644367e-04
6.559170694878324820e-05 6.156428272730078135e-05 0.000000000000000000e+00
8.766669034259057117e-05 1.548502899160856009e-04 1.847477368615676920e-04
4.408496845734687607e-05 0.000000000000000000e+00 0.000000000000000000e+00
6.659501309523111205e-05 0.000000000000000000e+00 1.866679482922937907e-04
4.459480358260444356e-05 0.000000000000000000e+00 0.000000000000000000e+00
4.484196701043673171e-05 0.000000000000000000e+00 0.000000000000000000e+00
4.499238215199801306e-05 0.000000000000000000e+00 1.898281322819347678e-04
4.526727993172730610e-05 9.565129751160698056e-05 0.000000000000000000e+00
0.000000000000000000e+00 6.406213562037391031e-05 5.736736156266036444e-04
0.000000000000000000e+00 0.000000000000000000e+00 1.920372679494848026e-04
6.882553098589486694e-05 6.476691603544172400e-05 3.867076820327937630e-04
0.000000000000000000e+00 6.505748567509186996e-05 0.000000000000000000e+00
9.268768343803681091e-05 0.000000000000000000e+00 0.000000000000000000e+00
1.163454123437075439e-04 3.287430396452893910e-05 0.000000000000000000e+00
4.680329413669981136e-05 0.000000000000000000e+00 0.000000000000000000e+00
2.351014135059727669e-05 9.951497973134507992e-05 0.000000000000000000e+00
2.365519538294984971e-05 0.000000000000000000e+00 0.000000000000000000e+00
2.374608069118325039e-05 6.694925978237322426e-05 2.004257596949001472e-04
4.761960992590530634e-05 1.008027137724283844e-04 0.000000000000000000e+00
4.800297367063034048e-05 3.378325755187898519e-05 0.000000000000000000e+00
0.000000000000000000e+00 0.000000000000000000e+00 0.000000000000000000e+00
2.417557585271464879e-05 3.420346338619554216e-05 0.000000000000000000e+00
2.424446845855665508e-05 0.000000000000000000e+00 2.046678652815708246e-04
2.435950729330587500e-05 3.438527549592903826e-05 0.000000000000000000e+00
2.448867404054361866e-05 3.457408896155375199e-05 0.000000000000000000e+00
4.925954888001206279e-05 1.042968391079024030e-04 2.073124772602222515e-04
2.477590158728289139e-05 0.000000000000000000e+00 0.000000000000000000e+00
2.490150798469062206e-05 0.000000000000000000e+00 0.000000000000000000e+00
2.498075642727894254e-05 0.000000000000000000e+00 0.000000000000000000e+00
5.026990907166610501e-05 7.079431167654870580e-05 0.000000000000000000e+00
5.046197344475064617e-05 3.552591098519229358e-05 0.000000000000000000e+00
0.000000000000000000e+00 7.153510609014522592e-05 0.000000000000000000e+00
0.000000000000000000e+00 0.000000000000000000e+00 0.000000000000000000e+00
0.000000000000000000e+00 0.000000000000000000e+00 0.000000000000000000e+00
2.575173673227390263e-05 3.622990332894419311e-05 0.000000000000000000e+00
0.000000000000000000e+00 3.639694586342677549e-05 0.000000000000000000e+00
0.000000000000000000e+00 0.000000000000000000e+00 2.184209735950885681e-04
2.601292090268853552e-05 7.367283866897809150e-05 0.000000000000000000e+00
5.242173811219876060e-05 3.686670890469360295e-05 0.000000000000000000e+00
0.000000000000000000e+00 0.000000000000000000e+00 0.000000000000000000e+00
5.280475202995365495e-05 0.000000000000000000e+00 0.000000000000000000e+00
5.305444571313163560e-05 0.000000000000000000e+00 2.232531498127653818e-04
2.659697859402002440e-05 0.000000000000000000e+00 0.000000000000000000e+00
0.000000000000000000e+00 0.000000000000000000e+00 0.000000000000000000e+00
2.690596250301208675e-05 0.000000000000000000e+00 0.000000000000000000e+00
2.702229151531059878e-05 0.000000000000000000e+00 0.000000000000000000e+00
2.710970295024396723e-05 0.000000000000000000e+00 0.000000000000000000e+00
5.453577603783030904e-05 0.000000000000000000e+00 0.000000000000000000e+00
2.732396957338196876e-05 0.000000000000000000e+00 0.000000000000000000e+00
0.000000000000000000e+00 0.000000000000000000e+00 0.000000000000000000e+00
0.000000000000000000e+00 0.000000000000000000e+00 0.000000000000000000e+00
0.000000000000000000e+00 0.000000000000000000e+00 0.000000000000000000e+00
0.000000000000000000e+00 0.000000000000000000e+00 0.000000000000000000e+00
0.000000000000000000e+00 0.000000000000000000e+00 0.000000000000000000e+00
0.000000000000000000e+00 0.000000000000000000e+00 0.000000000000000000e+00
2.823409148641404690e-05 3.987447221628939134e-05 0.000000000000000000e+00
2.831847232194790597e-05 0.000000000000000000e+00 0.000000000000000000e+00
0.000000000000000000e+00 0.000000000000000000e+00 0.000000000000000000e+00
0.000000000000000000e+00 0.000000000000000000e+00 0.000000000000000000e+00
0.000000000000000000e+00 4.056358710139260527e-05 2.417603964750117732e-04
0.000000000000000000e+00 0.000000000000000000e+00 0.000000000000000000e+00
2.900307825689421362e-05 0.000000000000000000e+00 0.000000000000000000e+00
2.905840123575484848e-05 0.000000000000000000e+00 0.000000000000000000e+00
5.849987302376785111e-05 0.000000000000000000e+00 0.000000000000000000e+00
0.000000000000000000e+00 0.000000000000000000e+00 0.000000000000000000e+00
0.000000000000000000e+00 0.000000000000000000e+00 0.000000000000000000e+00
2.963993411736595609e-05 0.000000000000000000e+00 0.000000000000000000e+00
5.958517569316226846e-05 0.000000000000000000e+00 0.000000000000000000e+00
8.960723260615681353e-05 4.219688180841877229e-05 0.000000000000000000e+00
0.000000000000000000e+00 0.000000000000000000e+00 0.000000000000000000e+00
3.012467645465362239e-05 0.000000000000000000e+00 0.000000000000000000e+00
0.000000000000000000e+00 0.000000000000000000e+00 0.000000000000000000e+00
0.000000000000000000e+00 0.000000000000000000e+00 0.000000000000000000e+00
3.052561475704064622e-05 0.000000000000000000e+00 0.000000000000000000e+00
0.000000000000000000e+00 0.000000000000000000e+00 0.000000000000000000e+00
6.145933273460588175e-05 0.000000000000000000e+00 0.000000000000000000e+00
3.086694045259502352e-05 8.714565301981036548e-05 0.000000000000000000e+00
0.000000000000000000e+00 0.000000000000000000e+00 0.000000000000000000e+00
0.000000000000000000e+00 4.390648480936093338e-05 0.000000000000000000e+00
3.133021787749669065e-05 0.000000000000000000e+00 0.000000000000000000e+00
0.000000000000000000e+00 0.000000000000000000e+00 0.000000000000000000e+00
0.000000000000000000e+00 0.000000000000000000e+00 0.000000000000000000e+00
0.000000000000000000e+00 4.462945602503744333e-05 0.000000000000000000e+00
0.000000000000000000e+00 0.000000000000000000e+00 0.000000000000000000e+00
0.000000000000000000e+00 0.000000000000000000e+00 0.000000000000000000e+00
0.000000000000000000e+00 0.000000000000000000e+00 0.000000000000000000e+00
3.227242759312645947e-05 0.000000000000000000e+00 0.000000000000000000e+00
0.000000000000000000e+00 0.000000000000000000e+00 0.000000000000000000e+00
3.244765496404148757e-05 0.000000000000000000e+00 0.000000000000000000e+00
0.000000000000000000e+00 0.000000000000000000e+00 0.000000000000000000e+00
0.000000000000000000e+00 0.000000000000000000e+00 0.000000000000000000e+00
0.000000000000000000e+00 0.000000000000000000e+00 0.000000000000000000e+00
0.000000000000000000e+00 0.000000000000000000e+00 0.000000000000000000e+00
0.000000000000000000e+00 0.000000000000000000e+00 0.000000000000000000e+00
0.000000000000000000e+00 0.000000000000000000e+00 0.000000000000000000e+00
0.000000000000000000e+00 0.000000000000000000e+00 0.000000000000000000e+00
3.354681631420892415e-05 0.000000000000000000e+00 0.000000000000000000e+00
0.000000000000000000e+00 0.000000000000000000e+00 0.000000000000000000e+00
0.000000000000000000e+00 0.000000000000000000e+00 0.000000000000000000e+00
0.000000000000000000e+00 0.000000000000000000e+00 0.000000000000000000e+00
0.000000000000000000e+00 0.000000000000000000e+00 0.000000000000000000e+00
3.428611789197974442e-05 0.000000000000000000e+00 0.000000000000000000e+00
0.000000000000000000e+00 0.000000000000000000e+00 0.000000000000000000e+00
3.448864570736679948e-05 0.000000000000000000e+00 0.000000000000000000e+00
0.000000000000000000e+00 4.890498757248641924e-05 0.000000000000000000e+00
0.000000000000000000e+00 0.000000000000000000e+00 0.000000000000000000e+00
0.000000000000000000e+00 0.000000000000000000e+00 0.000000000000000000e+00
0.000000000000000000e+00 0.000000000000000000e+00 0.000000000000000000e+00
0.000000000000000000e+00 0.000000000000000000e+00 0.000000000000000000e+00
0.000000000000000000e+00 0.000000000000000000e+00 0.000000000000000000e+00
0.000000000000000000e+00 0.000000000000000000e+00 0.000000000000000000e+00
3.559928469309515069e-05 0.000000000000000000e+00 0.000000000000000000e+00
0.000000000000000000e+00 0.000000000000000000e+00 0.000000000000000000e+00
0.000000000000000000e+00 0.000000000000000000e+00 0.000000000000000000e+00
0.000000000000000000e+00 0.000000000000000000e+00 0.000000000000000000e+00
0.000000000000000000e+00 0.000000000000000000e+00 0.000000000000000000e+00
0.000000000000000000e+00 5.129063312579508233e-05 0.000000000000000000e+00
3.640015603543631168e-05 0.000000000000000000e+00 0.000000000000000000e+00
3.658623762672634554e-05 0.000000000000000000e+00 0.000000000000000000e+00
0.000000000000000000e+00 0.000000000000000000e+00 0.000000000000000000e+00
0.000000000000000000e+00 0.000000000000000000e+00 0.000000000000000000e+00
0.000000000000000000e+00 0.000000000000000000e+00 0.000000000000000000e+00
0.000000000000000000e+00 0.000000000000000000e+00 0.000000000000000000e+00
0.000000000000000000e+00 0.000000000000000000e+00 0.000000000000000000e+00
0.000000000000000000e+00 0.000000000000000000e+00 0.000000000000000000e+00
0.000000000000000000e+00 5.302829380152039926e-05 0.000000000000000000e+00
3.767830419841025017e-05 0.000000000000000000e+00 0.000000000000000000e+00
0.000000000000000000e+00 0.000000000000000000e+00 0.000000000000000000e+00
0.000000000000000000e+00 0.000000000000000000e+00 0.000000000000000000e+00
0.000000000000000000e+00 0.000000000000000000e+00 0.000000000000000000e+00
0.000000000000000000e+00 0.000000000000000000e+00 0.000000000000000000e+00
0.000000000000000000e+00 0.000000000000000000e+00 0.000000000000000000e+00
0.000000000000000000e+00 0.000000000000000000e+00 0.000000000000000000e+00
0.000000000000000000e+00 0.000000000000000000e+00 0.000000000000000000e+00
0.000000000000000000e+00 0.000000000000000000e+00 0.000000000000000000e+00
0.000000000000000000e+00 0.000000000000000000e+00 0.000000000000000000e+00
0.000000000000000000e+00 0.000000000000000000e+00 0.000000000000000000e+00
0.000000000000000000e+00 0.000000000000000000e+00 0.000000000000000000e+00
0.000000000000000000e+00 0.000000000000000000e+00 0.000000000000000000e+00
3.962806459868229331e-05 0.000000000000000000e+00 0.000000000000000000e+00
0.000000000000000000e+00 0.000000000000000000e+00 0.000000000000000000e+00
0.000000000000000000e+00 0.000000000000000000e+00 0.000000000000000000e+00
0.000000000000000000e+00 0.000000000000000000e+00 0.000000000000000000e+00
0.000000000000000000e+00 5.679081919944287626e-05 0.000000000000000000e+00
0.000000000000000000e+00 0.000000000000000000e+00 0.000000000000000000e+00
0.000000000000000000e+00 0.000000000000000000e+00 0.000000000000000000e+00
0.000000000000000000e+00 0.000000000000000000e+00 0.000000000000000000e+00
0.000000000000000000e+00 0.000000000000000000e+00 0.000000000000000000e+00
0.000000000000000000e+00 0.000000000000000000e+00 0.000000000000000000e+00
0.000000000000000000e+00 0.000000000000000000e+00 0.000000000000000000e+00
0.000000000000000000e+00 0.000000000000000000e+00 0.000000000000000000e+00
0.000000000000000000e+00 0.000000000000000000e+00 0.000000000000000000e+00
0.000000000000000000e+00 5.859305592641664810e-05 0.000000000000000000e+00
0.000000000000000000e+00 0.000000000000000000e+00 0.000000000000000000e+00
0.000000000000000000e+00 0.000000000000000000e+00 0.000000000000000000e+00
0.000000000000000000e+00 0.000000000000000000e+00 0.000000000000000000e+00
0.000000000000000000e+00 0.000000000000000000e+00 0.000000000000000000e+00
0.000000000000000000e+00 0.000000000000000000e+00 0.000000000000000000e+00
0.000000000000000000e+00 0.000000000000000000e+00 0.000000000000000000e+00
0.000000000000000000e+00 0.000000000000000000e+00 0.000000000000000000e+00
0.000000000000000000e+00 0.000000000000000000e+00 0.000000000000000000e+00
0.000000000000000000e+00 0.000000000000000000e+00 0.000000000000000000e+00
0.000000000000000000e+00 0.000000000000000000e+00 0.000000000000000000e+00
0.000000000000000000e+00 0.000000000000000000e+00 0.000000000000000000e+00
0.000000000000000000e+00 0.000000000000000000e+00 0.000000000000000000e+00
0.000000000000000000e+00 0.000000000000000000e+00 0.000000000000000000e+00
0.000000000000000000e+00 6.163612753773408065e-05 0.000000000000000000e+00
0.000000000000000000e+00 0.000000000000000000e+00 0.000000000000000000e+00
0.000000000000000000e+00 0.000000000000000000e+00 0.000000000000000000e+00
0.000000000000000000e+00 0.000000000000000000e+00 0.000000000000000000e+00
0.000000000000000000e+00 0.000000000000000000e+00 0.000000000000000000e+00
0.000000000000000000e+00 0.000000000000000000e+00 0.000000000000000000e+00
0.000000000000000000e+00 0.000000000000000000e+00 0.000000000000000000e+00
0.000000000000000000e+00 0.000000000000000000e+00 0.000000000000000000e+00
0.000000000000000000e+00 0.000000000000000000e+00 0.000000000000000000e+00
0.000000000000000000e+00 0.000000000000000000e+00 0.000000000000000000e+00
0.000000000000000000e+00 0.000000000000000000e+00 0.000000000000000000e+00
9.090187774645568076e-05 0.000000000000000000e+00 0.000000000000000000e+00
0.000000000000000000e+00 0.000000000000000000e+00 0.000000000000000000e+00
0.000000000000000000e+00 0.000000000000000000e+00 0.000000000000000000e+00
0.000000000000000000e+00 0.000000000000000000e+00 0.000000000000000000e+00
0.000000000000000000e+00 0.000000000000000000e+00 0.000000000000000000e+00
0.000000000000000000e+00 0.000000000000000000e+00 0.000000000000000000e+00
0.000000000000000000e+00 0.000000000000000000e+00 0.000000000000000000e+00
0.000000000000000000e+00 0.000000000000000000e+00 0.000000000000000000e+00
0.000000000000000000e+00 0.000000000000000000e+00 0.000000000000000000e+00
0.000000000000000000e+00 0.000000000000000000e+00 0.000000000000000000e+00
0.000000000000000000e+00 0.000000000000000000e+00 0.000000000000000000e+00
0.000000000000000000e+00 0.000000000000000000e+00 0.000000000000000000e+00
0.000000000000000000e+00 0.000000000000000000e+00 0.000000000000000000e+00
