2.319972905880028167e-08 1.617321255624773427e-08 1.202833902889796079e-09
1.680018296783286933e-07 1.189523727925624999e-07 1.839219812912618623e-08
4.544450092938941715e-07 3.338671852326939437e-07 7.671477202618942741e-08
8.824410864776959580e-07 6.626606969029533902e-07 1.956239884203201565e-07
1.434180107937517572e-06 1.106577779484733335e-06 3.873589828137919421e-07
2.117647158334652157e-06 1.668368871909750057e-06 6.870361909531195222e-07
2.909637410473696428e-06 2.345933462662544832e-06 1.055396771361157406e-06
3.806356361266530014e-06 3.129946351677649218e-06 1.590238676083551270e-06
4.832969800832003903e-06 4.017029212144462653e-06 2.141863247079370762e-06
5.963008519255635819e-06 5.045996855603975758e-06 2.920486626980371403e-06
7.154457525092852431e-06 6.166036922321479306e-06 3.711744113931845304e-06
8.405916336000725302e-06 7.326722065113819606e-06 4.608648673517036609e-06
9.808937391552168938e-06 8.637955753521864660e-06 5.604318618448441532e-06
1.115759099081209140e-05 9.971584928619009052e-06 6.782971080895609674e-06
1.270785877508785508e-05 1.141336286939910387e-05 8.083819974359801212e-06
1.418896153188264424e-05 1.292842189014158342e-05 9.411363488342037743e-06
1.581721244612834453e-05 1.441203042338424397e-05 1.086737341232226557e-05
1.738686783646842799e-05 1.603733295000031939e-05 1.240788752429668884e-05
1.904574848373552978e-05 1.786260592826958792e-05 1.392278554320686291e-05
2.068497878061552090e-05 1.949835657786860336e-05 1.577016012749380422e-05
2.239287359198866698e-05 2.124791682123018991e-05 1.720804796410487810e-05
2.418463762787136808e-05 2.301141698468462562e-05 1.905169604789169510e-05
2.585247835992159575e-05 2.486499905123749788e-05 2.098270068969161186e-05
2.754794590122360535e-05 2.651134101888831659e-05 2.263342166787204492e-05
2.917158664380885069e-05 2.834088695664402509e-05 2.461927832702005071e-05
3.096969454275297589e-05 3.006181131566507033e-05 2.646706924951243797e-05
3.267868041404374638e-05 3.202326988007960298e-05 2.839187797400683042e-05
3.437261747467996401e-05 3.376585074307991192e-05 3.017589385606885525e-05
3.595510855184636217e-05 3.568798256379524523e-05 3.192468294297647784e-05
3.754414970975086086e-05 3.721336856286365031e-05 3.406571493393398053e-05
3.929421602461772282e-05 3.884419576673285796e-05 3.616812025962710264e-05
4.071661747106293571e-05 4.076931669509835024e-05 3.827603581136647680e-05
4.240379477525787479e-05 4.249877680485527514e-05 3.974091198951021229e-05
4.423851523059499705e-05 4.414788238405020879e-05 4.203276288244181573e-05
4.567173775773748681e-05 4.581457535699595240e-05 4.248409461778788359e-05
4.682739536585286727e-05 4.722687530205078860e-05 4.441429408364581428e-05
4.861713243500114938e-05 4.902964700373072362e-05 4.702488249597863295e-05
4.956658139733727589e-05 5.038688708489477306e-05 4.881537519439836279e-05
5.081879946491336508e-05 5.208017126142152394e-05 5.022752584928711353e-05
5.230029684226890233e-05 5.341387416001269848e-05 5.296915212618405299e-05
5.345830957840401785e-05 5.490243981964660150e-05 5.435727236360110906e-05
5.469209177237166833e-05 5.569253082593889737e-05 5.573291322018640288e-05
5.598231870680417990e-05 5.729447790358138399e-05 5.690441142450121409e-05
5.688080462330627403e-05 5.856630505563162201e-05 5.861913184877496269e-05
5.802283608466838477e-05 6.003695778629257750e-05 5.956061103405447551e-05
5.920597055217854206e-05 6.093620701088601349e-05 6.068424870025699322e-05
6.056045407801026210e-05 6.208886616443488697e-05 6.085356013246212277e-05
6.145440365014126407e-05 6.319325401946124373e-05 6.320896571766114816e-05
6.178968885281269639e-05 6.411448339653488045e-05 6.434177667630130233e-05
6.288190562087314335e-05 6.487365026341279130e-05 6.526731917257721301e-05
6.368095702869672886e-05 6.616763262703229456e-05 6.674726237675747647e-05
6.494206685612790913e-05 6.694304697066348262e-05 6.803483041341558196e-05
6.516610738362458135e-05 6.741890482061799119e-05 6.872015352262009203e-05
6.605967912168878812e-05 6.807779888923465132e-05 6.898038654648715445e-05
6.638507304856946741e-05 6.880107090446457179e-05 7.148600028970701940e-05
6.709382355614533380e-05 6.970642334462035905e-05 7.242890556979291827e-05
6.709596396506859589e-05 7.042919510264779564e-05 7.143736064599227800e-05
6.809583889214615589e-05 7.060829903370880454e-05 7.031738922789092315e-05
6.910448078181000164e-05 7.102947412658177295e-05 7.289555766743666956e-05
6.929384120113270588e-05 7.142335367682031721e-05 7.428442847675164706e-05
6.938133069298153507e-05 7.226991254908041770e-05 7.290471605504000158e-05
6.963538353153749536e-05 7.270050910769258637e-05 7.457386161918710954e-05
6.986268335149967037e-05 7.354944513384847904e-05 7.620032414642771235e-05
7.002846399650430550e-05 7.326965208134437156e-05 7.513501163885144074e-05
7.101021502124806636e-05 7.299530111084127286e-05 7.536946338315463143e-05
7.063022471461871839e-05 7.361776070863770686e-05 7.571100166135907319e-05
7.075431095123575547e-05 7.326551547325806958e-05 7.669301968340103311e-05
7.096396665953172206e-05 7.430268379531794302e-05 7.684125501079080935e-05
7.096273209501749121e-05 7.410614546226747365e-05 7.807062945744233553e-05
7.123740171083942031e-05 7.393067426511953271e-05 7.661835251218577331e-05
7.125292195832976384e-05 7.419953388863119296e-05 7.837768904902532845e-05
7.147978420699235087e-05 7.402868211955360709e-05 7.645547407402631800e-05
7.065551688605927047e-05 7.354686527915987708e-05 7.663967322160100725e-05
7.125263647932203448e-05 7.393936825817514565e-05 7.782263925920488486e-05
7.068459679387475178e-05 7.308087061304308204e-05 7.656209837437856556e-05
7.081249342228326913e-05 7.356437692072320526e-05 7.648500323714816317e-05
7.095050415065707000e-05 7.339195070064616670e-05 7.620437819574966466e-05
7.049111001171941987e-05 7.293917840308333626e-05 7.815182676981525254e-05
7.008814469257315985e-05 7.338952152810154599e-05 7.582745645762524185e-05
7.070458489044688594e-05 7.266045000021315742e-05 7.697691880584923714e-05
7.023822881438319943e-05 7.224629024837752342e-05 7.351670142290029080e-05
6.952559481121427611e-05 7.194586543945949311e-05 7.578380249737779730e-05
6.958058978282360702e-05 7.120304944262190129e-05 7.442563847085755674e-05
6.865562548098741056e-05 7.179460864843781309e-05 7.420449598914056989e-05
6.858827224874556217e-05 7.161994931351377779e-05 7.341433388286441593e-05
6.860839718568060338e-05 7.113218195027100788e-05 7.266392239559378943e-05
6.819398601907222042e-05 6.989708914594257934e-05 7.387320769068407057e-05
6.771231911239489307e-05 7.074015396282704255e-05 7.442901947375652567e-05
6.707326347063140651e-05 6.891437441895231547e-05 7.236770071124474482e-05
6.619451101802597377e-05 6.932289720734487507e-05 7.322290406364076085e-05
6.742392885451551428e-05 6.865023795390672967e-05 7.191984846419582054e-05
6.615254611716398230e-05 6.821497139488043500e-05 7.175110625299125310e-05
6.642226499082266931e-05 6.679777379472242064e-05 7.170921630480971707e-05
6.480793268101732972e-05 6.731156159848561762e-05 6.937507949499399445e-05
6.497652758238772579e-05 6.768800103703191706e-05 6.767612738823431361e-05
6.326002271287764066e-05 6.639402926817042198e-05 6.928330557904322363e-05
6.474734373008124498e-05 6.555613416034577676e-05 6.650986238472719715e-05
6.347029506534250759e-05 6.540616059889883436e-05 6.783670978981071339e-05
6.254363208330990134e-05 6.461395488084091467e-05 6.795083975666039327e-05
6.308432016034392286e-05 6.378482993028105859e-05 6.518134968586396282e-05
6.224757637216820250e-05 6.337709142584311943e-05 6.535877467154122293e-05
6.155746864827108986e-05 6.343620791727487562e-05 6.499480411916783965e-05
6.140165276606207340e-05 6.211278092625247406e-05 6.423872483577412881e-05
6.035176417646066825e-05 6.200697064000398916e-05 6.212115101046320495e-05
5.967898566571988128e-05 6.091033648223431919e-05 6.181554836643109738e-05
5.987891361435458481e-05 6.016524961800210123e-05 6.209637965806611717e-05
5.869355963249911674e-05 5.950581651562238144e-05 6.301898967739907257e-05
5.804776971578049476e-05 5.904001621259770166e-05 5.987235443700888895e-05
5.814735027790492503e-05 5.852082524053327304e-05 5.927115336949290272e-05
5.689155992266946283e-05 5.736978432465606375e-05 5.976274131720965278e-05
5.645161577748185333e-05 5.782627767437788078e-05 5.899916561723766572e-05
5.624059819665490692e-05 5.603718032122872550e-05 5.691986299460614408e-05
5.562297017236817289e-05 5.643006664900103588e-05 5.740392065201583801e-05
5.469426002681690018e-05 5.512791836461958982e-05 5.543912214562373662e-05
5.448779251035270753e-05 5.527521419386554729e-05 5.702995495188730688e-05
5.389636171536347250e-05 5.430910666819579915e-05 5.547043186242224316e-05
5.365588677104010304e-05 5.423019042753641128e-05 5.668504381530489674e-05
5.275917661552924316e-05 5.275557171290534871e-05 5.602237794027140462e-05
5.257574386589465972e-05 5.328213010400698388e-05 5.453652103972343913e-05
5.102367919408272592e-05 5.191723171586485691e-05 5.448899543724785948e-05
5.098810921647860088e-05 5.242393740569777273e-05 5.250127884568425881e-05
4.990084062815568764e-05 5.046236620408944465e-05 4.892145118447156684e-05
4.937732684328894998e-05 4.985065876505957743e-05 5.298886259523912851e-05
4.944272286799960832e-05 4.961998894211243263e-05 4.885862565808347994e-05
4.861110437437140224e-05 4.830133073522267366e-05 4.942160557416703799e-05
4.830609979250775470e-05 4.771319884572109348e-05 4.939865472722512356e-05
4.792822573635225117e-05 4.797767172589968070e-05 4.551231981924768475e-05
4.694536851844544008e-05 4.778773043457118052e-05 4.822869949142929698e-05
4.714180851085981934e-05 4.570657040743512456e-05 4.822092195931133369e-05
4.625197034699819542e-05 4.594165819976640450e-05 4.498917613312364229e-05
4.569929007752458614e-05 4.583169194463956821e-05 4.715587988722622201e-05
4.581052442460422340e-05 4.549039576305856879e-05 4.691815580689354435e-05
4.415334531425930584e-05 4.406576820476548512e-05 4.169510366280141929e-05
4.483157122446905735e-05 4.335730323109421069e-05 4.204649389542022500e-05
4.403110502658646650e-05 4.363524020427235071e-05 4.530712763572390808e-05
4.230104490993938127e-05 4.223736220304124379e-05 4.397881849412426839e-05
4.269548319862065915e-05 4.188684385582421189e-05 4.223461628140331954e-05
4.188653743317598391e-05 4.136320897331878261e-05 4.200710154021628455e-05
4.122921276845905507e-05 4.013221080160842946e-05 4.241645840525064991e-05
4.024195296777933090e-05 3.973203686256094182e-05 4.235086527024827310e-05
4.017463839571326476e-05 3.956532710859962491e-05 3.855096596946723818e-05
3.960683856355690406e-05 3.917646965791984686e-05 3.877819509807942268e-05
3.938470634509953110e-05 3.879038083554133844e-05 3.937574564235682021e-05
3.868903560251194104e-05 3.828370805307393517e-05 3.595546153479586572e-05
3.832451729304206826e-05 3.768688686828939661e-05 3.957611558061260789e-05
3.772440629926114206e-05 3.625969859196477303e-05 3.679886221994962855e-05
3.704889068258292655e-05 3.610598224693154455e-05 3.782409594631734048e-05
3.608382046255828525e-05 3.688683794518229556e-05 3.383892457950136306e-05
3.544317955388277477e-05 3.511752477686829149e-05 3.647724161554972120e-05
3.533921208046727098e-05 3.443046971157072574e-05 3.536303516364425393e-05
3.526349852564486910e-05 3.417282880826324885e-05 3.170114896026254820e-05
3.443628439372874113e-05 3.508616315556704185e-05 3.316447446818156404e-05
3.419264722868403249e-05 3.296388263245147039e-05 3.321241072114633605e-05
3.486959552904425158e-05 3.293557094214798604e-05 3.235292506291252674e-05
3.324266657331254244e-05 3.207722989789423771e-05 3.194535325187012465e-05
3.273172929802454080e-05 3.225497097829693830e-05 2.938719836383709696e-05
3.267431106966749426e-05 3.104675211748892229e-05 3.152125430521119222e-05
3.165820455460896987e-05 3.062971462348766503e-05 2.938563974261803577e-05
3.175392934622700791e-05 3.056705612387638024e-05 3.125398250287629830e-05
3.088963848355086935e-05 3.091295694786838421e-05 2.939941567674639845e-05
3.042263683606817102e-05 3.061191546567447415e-05 2.872375412122661866e-05
3.055890028530917365e-05 2.794365060440714732e-05 3.036573379131470994e-05
3.113700223886339515e-05 2.842951050885253938e-05 2.803025722911181483e-05
2.885022361528069077e-05 2.837678032030155952e-05 2.717513384915517510e-05
2.908314328889387870e-05 2.750699473229509714e-05 2.717252107172322148e-05
2.889809903452732038e-05 2.815482421187207721e-05 2.924932172570617601e-05
2.853898744454080050e-05 2.753039524327503126e-05 2.505441151864740661e-05
2.724718036498195440e-05 2.680391299824387864e-05 2.783900166918086504e-05
2.692621016668875938e-05 2.584136511250437689e-05 2.594983648806044039e-05
2.688679560548667364e-05 2.600878486205778400e-05 2.466785803650681835e-05
2.634770296010574095e-05 2.574485767625736332e-05 2.639507656449834340e-05
2.619962670924367196e-05 2.432849560721925695e-05 2.465764216993593499e-05
2.602561431621690328e-05 2.494556417987665734e-05 2.409589718038259411e-05
2.556841337409832134e-05 2.491951632541232277e-05 2.375773355477804374e-05
2.495259814313105834e-05 2.341205658198430883e-05 2.390084549626921058e-05
2.488770321037361624e-05 2.361502674692013559e-05 2.385870441934267818e-05
2.513983858198854201e-05 2.373365044599664946e-05 2.477212397812564369e-05
2.400951072157165881e-05 2.287160181459881473e-05 2.189027594618126851e-05
2.333866302857465593e-05 2.251339610260190663e-05 2.297945535102708165e-05
2.285420569508304193e-05 2.255111994224138204e-05 2.258912929919678687e-05
2.333193279367706141e-05 2.182002306055381692e-05 2.002702769042509040e-05
2.302407070997068353e-05 2.091923794584447265e-05 2.018277219403343139e-05
2.217515124329801684e-05 2.157292546268462877e-05 2.327887864560531213e-05
2.225190392851758223e-05 2.086970848945028699e-05 2.043072816100977295e-05
2.178064105823398095e-05 2.048396861745222397e-05 1.807296358729559984e-05
2.115129691298405838e-05 1.962920536081281536e-05 1.883440060427391829e-05
2.142587366134932590e-05 1.989341194929751696e-05 1.753953403370533159e-05
2.032845955126705824e-05 1.883272833618844408e-05 1.995995634945832472e-05
2.006743692977134796e-05 1.954350891967198428e-05 1.995855363857882374e-05
1.983897510341502764e-05 1.816439969627942500e-05 1.766526418313068815e-05
1.923641565431381427e-05 1.852071108101001134e-05 1.867232017828928384e-05
1.909788304904019125e-05 1.941182930700530149e-05 1.916181169415022249e-05
1.960276244654079507e-05 1.887277498152106645e-05 1.769530881931852560e-05
1.951172165781411724e-05 1.762567056649208869e-05 1.634105176840555310e-05
1.883942554571306136e-05 1.683794905302893902e-05 1.620681190983901270e-05
1.829249045138135114e-05 1.695401333659420621e-05 1.637309960907247611e-05
1.747748015004680974e-05 1.724045037833952609e-05 1.780312870452352544e-05
1.796287810134702143e-05 1.652186485828782301e-05 1.575702727267441262e-05
1.771478358173539977e-05 1.758262312888738226e-05 1.615138014232707608e-05
1.741760315535425079e-05 1.690058787225948904e-05 1.657013837918878624e-05
1.657793464359531393e-05 1.651142949347901169e-05 1.663816273735870324e-05
1.716443833677987137e-05 1.553932909371849146e-05 1.365057944037760662e-05
1.627033911785089818e-05 1.443085806474859893e-05 1.404101146938457319e-05
1.621874068154290652e-05 1.486760944313364932e-05 1.613069047092533854e-05
1.557707648913072350e-05 1.495170406584972244e-05 1.534507302049913175e-05
1.496527912278663438e-05 1.485976281081286533e-05 1.229357519299466499e-05
1.524007204685882833e-05 1.445316388959013859e-05 1.468469481776008536e-05
1.540919823660190220e-05 1.404391013539136600e-05 1.447457630113683794e-05
1.467854568660367029e-05 1.386732860675817071e-05 1.407693885407227518e-05
1.378767962917925234e-05 1.408200448405525596e-05 1.304308793581476826e-05
1.484053813976890010e-05 1.436945997402498333e-05 1.370798572449877130e-05
1.394340011654169216e-05 1.293518900802710356e-05 1.283102854998327456e-05
1.355655595757415720e-05 1.183158014169084367e-05 1.230527595696082947e-05
1.354653492038969472e-05 1.373182804962179500e-05 1.224087684547734854e-05
1.380022841454721502e-05 1.241894303251878740e-05 1.188371748747916638e-05
1.284916897139829854e-05 1.255123209116532966e-05 1.066098077297764987e-05
1.275248878784243988e-05 1.219210751574875676e-05 1.056844238400932066e-05
1.273815765082456685e-05 1.143089060457925991e-05 1.163847218963244589e-05
1.311794624975152973e-05 1.225441763347293306e-05 1.125394222571184661e-05
1.277382724376686491e-05 1.129288691156168064e-05 1.016954406799941214e-05
1.265382110705332103e-05 1.183811609243232279e-05 1.106493254287322683e-05
1.165465860131862039e-05 1.142784502337095431e-05 1.085816388447435066e-05
1.220834675107037779e-05 1.126892163962646308e-05 9.130950115927042728e-06
1.176765125152335740e-05 1.146508137364827562e-05 1.125928969254221736e-05
1.126822205547420549e-05 1.044643523744617574e-05 1.053660689458941705e-05
1.090953624770221847e-05 9.522723245227224893e-06 1.094459947527016719e-05
1.105015393916823894e-05 1.034173270905755036e-05 9.569237379103296480e-06
1.073603325754169286e-05 1.039368968628463713e-05 1.018032600010196333e-05
1.180248646549988115e-05 1.024981864322548236e-05 9.632647529903418915e-06
9.901955731744368160e-06 1.016051518509344286e-05 1.133894195352428037e-05
9.931006382973841341e-06 9.506894549890977872e-06 8.276667566742643094e-06
9.768245604141781210e-06 9.671865489412796588e-06 7.580915606658384932e-06
9.911276906581186741e-06 9.368723725275647561e-06 7.866400293175302661e-06
9.876871318676682521e-06 9.632684763916646357e-06 8.605554169610423092e-06
9.270678593031865148e-06 8.593950620960415324e-06 7.662954514069909978e-06
9.667287603987592763e-06 8.898251999697359731e-06 7.272592128425936313e-06
9.308015558680543934e-06 9.585529787506059531e-06 9.289842793440783336e-06
8.738079621740293997e-06 7.922019015405765808e-06 8.559666275162732953e-06
8.842166190359604643e-06 8.568321719488142011e-06 7.463845100347580104e-06
8.239858228601262279e-06 7.773760542109284426e-06 8.350557072325112698e-06
8.691988452642165319e-06 7.993088208097829942e-06 7.110861195220293704e-06
8.667516759303705293e-06 8.166810915545386927e-06 7.297637924612517633e-06
7.659865578906953321e-06 7.392764165051276939e-06 7.591223014627837018e-06
7.561626397791151313e-06 7.297551502236909885e-06 5.710637828913775342e-06
8.572988987036163103e-06 7.514497302661843979e-06 6.372724511402648616e-06
7.999533289754132251e-06 7.758222804793831474e-06 8.027133793165253437e-06
7.434409852747082295e-06 7.065103150668387888e-06 5.854631884681643690e-06
7.544845408841211850e-06 6.311591352023882756e-06 7.910735824859870427e-06
7.553278934637208686e-06 7.065192351559090472e-06 6.455512242411774486e-06
8.331328564569572936e-06 6.745095299637514274e-06 6.124374865242698610e-06
7.126591904425157120e-06 6.846731849930114004e-06 6.047209805839676662e-06
7.668722811050513447e-06 7.308605645740523465e-06 5.441058430877015017e-06
6.420785624823188916e-06 6.786596733261675864e-06 4.836559517891324294e-06
7.156721471750423843e-06 6.575245392191336775e-06 7.902753118382518745e-06
6.894038571407686091e-06 6.039534622388244289e-06 6.106594299977509771e-06
7.021338471707806477e-06 6.825118631793170568e-06 4.016221072322988033e-06
7.219900214329720532e-06 5.588403059366508528e-06 5.662183587036172163e-06
6.169446600889559315e-06 6.208987981882885836e-06 5.841958540917336774e-06
6.364159607303681319e-06 6.079732605958076432e-06 5.751736223463332239e-06
6.284384663847117945e-06 6.124983995488031880e-06 4.832622525968343715e-06
6.686513355171704284e-06 5.712437620434362122e-06 5.005360380799634920e-06
6.307331566760223183e-06 5.757158855208981715e-06 6.165212782724686511e-06
6.204232280037753134e-06 6.347550739443968229e-06 5.790636853620662382e-06
5.320612155859823652e-06 4.640291254266464811e-06 3.844099908290155638e-06
5.648185506138406161e-06 5.466525048393314989e-06 6.164286813334802396e-06
5.672017496542554262e-06 5.719774847099642188e-06 4.770686218582092580e-06
5.131615251939188094e-06 5.038984950296180519e-06 5.099066408056458271e-06
5.700817132973557232e-06 5.566030288244565005e-06 4.104887504172316847e-06
5.603088854691170620e-06 4.627610171095708062e-06 4.432597537003423270e-06
5.704425582323274163e-06 5.044894915587527517e-06 4.464975357056039589e-06
5.928855212691230397e-06 5.330901709387505949e-06 4.498978151737197847e-06
5.428091639275780817e-06 4.508779945828281673e-06 4.229808328312503772e-06
4.836304303622337778e-06 4.456875506204026024e-06 4.717432200211770787e-06
4.749877474794370648e-06 4.546527424761038736e-06 3.831262401421522073e-06
4.701113571342715430e-06 4.665229749302637304e-06 3.245181710982911228e-06
5.046930866875391466e-06 4.269139730308421045e-06 3.577221404645747807e-06
4.791835274789852574e-06 3.608887572844638066e-06 3.448617787513524463e-06
4.573673490898778309e-06 3.838442286183619630e-06 3.628403001588708273e-06
3.990630857880816836e-06 4.157800017078397753e-06 5.405139695847759520e-06
4.489678846360344017e-06 3.420907819070907909e-06 4.320741918628450800e-06
4.780993164771772192e-06 4.427558011668286986e-06 4.353657234426957976e-06
4.250933732938498318e-06 3.351144978709358629e-06 4.220577086115354005e-06
4.148930050267768024e-06 4.007604977039296526e-06 2.456376485844908203e-06
4.508781039984827706e-06 3.731611389502902629e-06 3.458545610945693300e-06
3.854534557536474246e-06 3.636057390856205068e-06 5.140319909317855732e-06
3.323945616269694378e-06 3.046942197616612107e-06 3.006946205243857570e-06
3.886570159206289840e-06 3.098499683534629276e-06 3.364460291081662224e-06
3.800957806859951628e-06 4.056327210380872438e-06 3.047718431899233579e-06
3.392864547092731459e-06 2.889913586387725526e-06 3.239337759661714332e-06
3.762041710369329280e-06 3.606618741997254688e-06 2.919822545106720139e-06
3.648496736339870175e-06 3.281391310362184582e-06 2.076502639300179460e-06
3.139406962078873183e-06 2.405309957925889689e-06 3.656775055585344356e-06
3.746776060956686701e-06 3.680616514415069801e-06 3.682726609104409282e-06
3.583348185629242403e-06 2.862051210002552035e-06 3.001658757924417656e-06
3.084907864726731016e-06 3.143075435371958811e-06 3.379253870483123602e-06
2.939855589728290524e-06 3.593148304346493491e-06 2.686428319132426552e-06
3.248017789494323468e-06 2.355825568371151583e-06 3.606328374560110600e-06
3.100610314652920468e-06 2.673301341109231235e-06 2.356799620179170264e-06
3.095928805429615179e-06 3.062220298416039531e-06 1.644949520640577747e-06
3.092877304182975534e-06 2.946341256071956092e-06 2.206850715743674220e-06
3.360648979142526808e-06 2.760674894926165176e-06 2.221958054371164922e-06
3.060246924143112896e-06 1.990057868838164793e-06 3.353373088685983763e-06
2.654232660482592607e-06 2.798419976037484814e-06 1.126360868644589169e-06
2.117984522630216080e-06 2.678088958621937541e-06 2.642769474796452736e-06
2.994706609159588248e-06 2.239796048081555922e-06 1.901282781869233276e-06
2.784390515462227549e-06 2.324904222488210980e-06 1.722780652945949410e-06
2.185006548105994607e-06 2.340901977828863431e-06 2.697294245093125106e-06
2.769601596784146247e-06 2.533562057933565073e-06 1.356450744684744292e-06
2.839770920388135774e-06 2.766254825983980404e-06 3.119787113855538345e-06
2.490732183678347706e-06 2.025440074237531769e-06 2.945426482071534819e-06
2.585466644853130081e-06 2.802186793418791606e-06 2.568481530586152913e-06
2.176278510215292903e-06 2.161686592475135563e-06 2.583472677764544016e-06
2.539061190370410898e-06 1.991422568761122021e-06 2.200202224822436529e-06
2.635881052183262269e-06 1.893638895830061289e-06 2.819155399341677565e-06
2.083842861504380809e-06 2.016555934969020853e-06 2.229603775141077191e-06
2.425512203874021762e-06 2.103760667415828191e-06 2.652505562492922004e-06
2.467688456460898315e-06 2.343805302797864670e-06 1.437547970964260348e-06
2.344937868131254877e-06 1.560464915398017420e-06 1.859082226650441494e-06
2.304556211305879271e-06 1.761379433875937333e-06 1.662144897314269614e-06
2.012289706725887245e-06 2.273305512044770341e-06 2.303012307887937523e-06
1.714078205975648819e-06 1.628478896327095590e-06 2.314978344447135216e-06
1.895559655541002253e-06 1.834066177335435172e-06 1.058630126525674078e-06
1.764354541436992928e-06 1.609641947017445942e-06 1.492832773005263788e-06
1.632617462332781109e-06 2.291590961819743597e-06 1.071954398909789227e-06
1.614028711194160059e-06 1.988035276551147315e-06 8.619495152473676078e-07
2.146234014458878641e-06 1.479367428714331239e-06 2.823380555767559891e-06
2.158453916367573626e-06 1.569183537323974901e-06 1.966425403166963178e-06
1.820487538359466894e-06 1.538595778002621260e-06 1.980639350488650717e-06
1.920028028368191949e-06 1.589651722321992160e-06 1.770631311357352200e-06
1.961860339577167858e-06 1.885255204671459430e-06 2.225174251263648509e-06
1.973162859811072656e-06 1.566457165414831738e-06 1.568458130882027740e-06
1.774359277372369540e-06 1.327561015817099584e-06 2.477641410375323557e-06
1.845545184567692657e-06 1.586442234401506601e-06 9.063209248098748778e-07
1.430252153317446628e-06 1.511432128234156454e-06 9.114528258823070548e-07
1.470169723365124659e-06 9.717238934638999428e-07 1.375311028084804907e-06
1.231628683433305169e-06 1.615147047801473681e-06 6.919123022397153458e-07
1.239949438412636926e-06 1.409698178906007813e-06 2.088739295036890335e-06
1.590490987196662922e-06 1.633868859392521363e-06 9.327909986200975184e-07
1.379746267259413701e-06 1.428127740226315529e-06 1.643119027240763904e-06
1.577470838567909782e-06 1.436013042175350619e-06 1.180985898880656647e-06
1.459748538733570418e-06 1.575524668245410123e-06 1.426561484443708965e-06
1.914839743958363285e-06 1.100765236790294240e-06 1.195728144510884817e-06
1.123950673559208249e-06 1.151457898172985794e-06 7.217117237266048454e-07
1.130778656828508879e-06 9.796306942473167536e-07 1.209378358461371296e-06
1.265891989926112026e-06 8.512359386654995194e-07 7.304457040461041223e-07
1.372013203359981472e-06 1.262042158094569941e-06 1.957286981612519573e-06
1.380263622360377906e-06 1.722717219594544423e-06 9.848856413070231757e-07
1.453488291068488671e-06 9.121065630453121391e-07 9.904072755869100828e-07
1.462577805281804516e-06 1.513268268608593240e-06 9.981731600229805055e-07
1.102885733254691244e-06 1.383931070727585257e-06 1.253201861198760939e-06
1.075692238899308576e-06 1.206007989092707804e-06 1.257908607121530641e-06
1.015150195987710191e-06 1.444835788394664553e-06 1.014144063887147603e-06
1.121912243572011357e-06 9.382633996720261800e-07 1.020266762506312803e-06
9.917340074325813977e-07 1.226933680716651334e-06 5.122469992619748670e-07
7.910816893953385457e-07 1.044368571438679560e-06 2.576619727548590327e-07
1.106957004154322036e-06 7.635000679276275026e-07 1.295880450271755459e-06
1.147999827239903200e-06 8.151816007788434118e-07 5.209794740095253569e-07
1.084593527596931099e-06 1.158577794857790617e-06 1.310617231233429078e-06
1.090268795509636806e-06 8.248334851358287714e-07 1.054742415023078318e-06
1.167173968486882621e-06 8.292139587307128337e-07 1.058804713829679335e-06
8.184195436570766261e-07 6.381595973619881712e-07 5.326782895884616511e-07
7.871126216604359204e-07 8.389373735628754889e-07 5.346898321152414843e-07
8.273973670300913634e-07 2.975169051914979261e-07 1.076142227647707174e-06
7.953279059553086785e-07 9.478962675953063712e-07 2.703739595325144399e-07
7.997026778040170314e-07 6.516594148198314289e-07 1.362971242309668456e-06
9.873389893116373287e-07 7.567432052748832791e-07 1.368419520138445391e-06
9.556577232447987367e-07 6.089619189850623037e-07 5.504398334773321037e-07
7.758397434055497518e-07 7.648136964892822203e-07 8.298113796248850738e-07
4.827925932823644482e-07 5.129552921221413339e-07 8.353631220636315831e-07
9.342049790186689732e-07 7.217604386246292795e-07 2.796846099895881858e-07
7.514391988749496840e-07 9.843535053343788081e-07 5.630711196304723594e-07
5.664611725480271085e-07 6.776011507331659065e-07 0.000000000000000000e+00
8.360313072721055018e-07 2.625305511732183395e-07 5.695924733649359177e-07
6.106595236547000945e-07 5.793419956712561231e-07 2.863877836776140926e-07
1.037019818973597754e-06 3.707693955585496784e-07 8.629066719533482710e-07
8.100040700207497867e-07 5.860737352692101547e-07 5.772593147836005244e-07
5.433314409354244000e-07 7.490129636537238918e-07 8.714052483904114743e-07
7.799615949500403751e-07 6.459285110279531588e-07 2.924265638812366190e-07
3.920831247499466174e-07 3.786283625531211274e-07 8.811873199935215585e-07
8.280146234483501583e-07 3.805056241454819506e-07 5.903795182064679024e-07
8.317421596808845281e-07 5.462907403416545917e-07 5.933075341954832515e-07
7.169053254568253170e-07 4.393958794028626973e-07 2.985909363383264885e-07
1.000638604816916966e-06 4.969867365556186970e-07 0.000000000000000000e+00
6.439806909123491815e-07 8.329112767468632890e-07 9.031740104679345055e-07
5.663606686161835788e-07 5.580268238995030296e-07 3.027362384088933844e-07
4.064673430878750190e-07 5.050709042330293046e-07 0.000000000000000000e+00
5.313507235731619752e-07 3.381360583335956443e-07 3.054523394059394679e-07
5.754887803789468656e-07 3.970715181737511228e-07 6.153443119981222085e-07
4.955140627543248066e-07 3.989353371042833845e-07 9.271510965794694725e-07
4.978897361638186754e-07 5.153471138705057938e-07 6.221619780366215579e-07
5.843906432245881492e-07 3.452567561046248686e-07 6.251685002544360355e-07
5.453529026808349599e-07 4.049901425306992430e-07 3.139300838442101464e-07
7.590717027853715032e-07 4.069316456802126041e-07 0.000000000000000000e+00
4.664319363012794650e-07 3.504649064287510165e-07 6.348753293413589641e-07
4.259170692525427677e-07 5.876143267825705386e-07 3.194737112829545354e-07
5.564588273632476718e-07 7.080524396393273369e-07 6.420589182457547637e-07
4.301426883070880584e-07 5.341608165762049178e-07 6.455682850938495058e-07
4.327159925738830255e-07 3.577735676641966792e-07 6.486957614850978937e-07
2.604870447497293452e-07 6.598354639456947270e-07 0.000000000000000000e+00
5.675716348147382189e-07 2.410875282149061054e-07 3.276833884717639878e-07
2.632938932484398033e-07 4.842289375981728650e-07 9.856093523581352457e-07
5.739914023463679421e-07 5.480218387379878347e-07 0.000000000000000000e+00
4.435352391507268669e-07 3.672344847854921921e-07 0.000000000000000000e+00
4.011198374910931581e-07 2.457319657621859201e-07 3.342069136411512115e-07
5.371615136294346925e-07 3.708065590722067345e-07 0.000000000000000000e+00
3.603516691245795810e-07 1.862290595759018253e-07 0.000000000000000000e+00
4.071774568899946769e-07 4.364759817360376250e-07 6.781169137600894211e-07
1.363348314744182356e-07 1.253272169988247029e-07 3.407947355890510573e-07
5.026432052721264724e-07 4.409185129312853118e-07 0.000000000000000000e+00
2.752721795690154711e-07 2.530350381223191754e-07 3.441463552341957499e-07
1.382688247691252678e-07 3.179931336751828664e-07 3.461651992929094827e-07
3.707925639817070367e-07 1.279992709121471032e-07 3.475819031352225771e-07
3.261985359870361930e-07 3.212991500691889190e-07 0.000000000000000000e+00
3.745596209551633054e-07 3.228837221829024104e-07 0.000000000000000000e+00
2.353409504042111833e-07 4.543562963501245733e-07 0.000000000000000000e+00
4.251497591839239314e-07 1.959174344374537450e-07 0.000000000000000000e+00
4.273631541011111065e-07 2.618769173738613902e-07 7.115342246395633864e-07
5.247657695836695040e-07 1.315807884709411774e-07 7.155022300326402135e-07
4.791279185938042364e-07 3.305867540586078261e-07 0.000000000000000000e+00
1.926749683891498186e-07 1.326420041877529182e-07 7.216815696461607397e-07
5.806734907064106335e-07 3.337798414604354839e-07 0.000000000000000000e+00
3.890146276708848919e-07 3.353437991969562836e-07 0.000000000000000000e+00
9.756306073031437879e-08 2.024022310508046977e-07 0.000000000000000000e+00
1.472241162264953057e-07 3.384190127417875137e-07 0.000000000000000000e+00
1.478831562558610039e-07 3.399298347794271521e-07 3.685535166651599888e-07
2.477031420455895270e-07 1.369554994829523071e-07 7.422620920017878706e-07
2.990276545674229888e-07 2.060061192142839105e-07 0.000000000000000000e+00
1.999439958747452600e-07 1.379478139306578057e-07 3.751892676268148113e-07
1.004967009067248415e-07 2.079817663986075514e-07 3.761721732212417838e-07
1.008347308811513575e-07 6.956905905373683697e-08 1.134919376029525147e-06
2.535598840888969596e-07 3.497020325003286247e-07 3.794813318012990094e-07
2.037612717491534174e-07 1.408288039390818408e-07 3.823798792535244765e-07
2.559500360136432495e-07 2.820360377483453241e-07 3.830176218183576500e-07
1.028844169723715196e-07 3.548822698630389425e-07 0.000000000000000000e+00
2.585798454671714899e-07 4.272086550151285543e-07 0.000000000000000000e+00
4.154771930592530721e-07 4.293628483696982593e-07 0.000000000000000000e+00
1.565272463487367009e-07 4.318120251127154555e-07 0.000000000000000000e+00
1.049163145477865025e-07 7.238467474733778276e-08 3.926475256910332290e-07
2.103698284337761157e-07 2.176569722725841549e-07 0.000000000000000000e+00
1.057423747175120027e-07 2.190228780538399513e-07 7.919126928388662524e-07
1.063012699312626081e-07 7.319369510877947060e-08 0.000000000000000000e+00
2.133269618186619551e-07 1.471731186647434052e-07 3.987721366161809824e-07
1.605780769657791659e-07 2.221955202369537272e-07 0.000000000000000000e+00
2.690878153527023465e-07 3.713211905164264534e-07 4.024696540362713196e-07
1.621213715117163688e-07 1.491265027808434396e-07 0.000000000000000000e+00
1.629787501201207725e-07 0.000000000000000000e+00 4.074993369417415965e-07
1.090495535802866353e-07 0.000000000000000000e+00 0.000000000000000000e+00
3.833074943241718681e-07 1.513496106955426962e-07 0.000000000000000000e+00
1.651615062917831981e-07 7.606745117568468877e-08 0.000000000000000000e+00
2.210508432913160693e-07 2.288672810714212300e-07 4.150655248074302258e-07
5.561499935381803178e-08 2.301452927112250323e-07 4.155822574369055245e-07
0.000000000000000000e+00 1.538343814031885087e-07 4.183188985026714668e-07
5.607987750105852208e-08 3.865313518335278918e-07 4.204701115286780341e-07
2.816596739383351321e-07 1.550091000427317541e-07 0.000000000000000000e+00
2.260773913867532144e-07 0.000000000000000000e+00 0.000000000000000000e+00
1.704273922149697761e-07 3.136142556072364808e-07 0.000000000000000000e+00
2.279618796334987185e-07 1.575926574895900995e-07 0.000000000000000000e+00
0.000000000000000000e+00 0.000000000000000000e+00 4.296555469452998735e-07
0.000000000000000000e+00 7.937003063188379102e-08 0.000000000000000000e+00
1.732219028815057351e-07 1.593778092695520176e-07 0.000000000000000000e+00
1.158973289711782195e-07 7.991107013119539381e-08 0.000000000000000000e+00
4.079513317784450972e-07 8.028671251130124482e-08 0.000000000000000000e+00
1.755934122945381464e-07 1.613544393854650085e-07 0.000000000000000000e+00
1.173831430232597652e-07 8.097068367555782967e-08 4.400793005291696551e-07
0.000000000000000000e+00 1.628519275060125142e-07 0.000000000000000000e+00
0.000000000000000000e+00 8.192467466575160045e-08 0.000000000000000000e+00
5.960258872716729866e-08 0.000000000000000000e+00 0.000000000000000000e+00
2.392387664137967050e-07 1.650476456423053678e-07 0.000000000000000000e+00
6.001201626313515269e-08 1.658959174163425632e-07 4.502436070010097116e-07
1.205886845483388624e-07 8.311084775085994936e-08 0.000000000000000000e+00
1.817730769056736274e-07 0.000000000000000000e+00 4.539404257569931929e-07
1.217321206919519941e-07 0.000000000000000000e+00 0.000000000000000000e+00
1.832596744442581100e-07 0.000000000000000000e+00 0.000000000000000000e+00
1.842333489016711494e-07 1.692969398575597148e-07 0.000000000000000000e+00
3.084331428874961665e-07 8.490609285476999331e-08 0.000000000000000000e+00
1.238060948647625782e-07 8.535072047908409599e-08 0.000000000000000000e+00
1.242229604861219763e-07 0.000000000000000000e+00 4.655122484741351023e-07
6.234115872016300867e-08 8.598379850257854811e-08 4.667635198083224683e-07
6.258174688551216107e-08 8.650351134667423147e-08 0.000000000000000000e+00
6.303278504367205954e-08 0.000000000000000000e+00 0.000000000000000000e+00
1.265599360563925378e-07 0.000000000000000000e+00 0.000000000000000000e+00
1.267389927216524089e-07 8.744584792181543660e-08 0.000000000000000000e+00
0.000000000000000000e+00 0.000000000000000000e+00 0.000000000000000000e+00
0.000000000000000000e+00 0.000000000000000000e+00 0.000000000000000000e+00
0.000000000000000000e+00 8.848100296255429563e-08 4.813533156183828752e-07
0.000000000000000000e+00 0.000000000000000000e+00 0.000000000000000000e+00
1.293867084986265565e-07 0.000000000000000000e+00 0.000000000000000000e+00
0.000000000000000000e+00 1.795891561160935857e-07 0.000000000000000000e+00
0.000000000000000000e+00 0.000000000000000000e+00 0.000000000000000000e+00
6.566572712937212265e-08 0.000000000000000000e+00 0.000000000000000000e+00
0.000000000000000000e+00 0.000000000000000000e+00 4.931868093642891801e-07
1.320617915598753227e-07 1.821614186096668067e-07 0.000000000000000000e+00
1.993530298300228294e-07 0.000000000000000000e+00 0.000000000000000000e+00
2.669813893353606546e-07 9.189104759206625999e-08 0.000000000000000000e+00
0.000000000000000000e+00 1.848715500965692451e-07 0.000000000000000000e+00
0.000000000000000000e+00 2.783469915818088176e-07 0.000000000000000000e+00
0.000000000000000000e+00 0.000000000000000000e+00 0.000000000000000000e+00
6.778471257987790403e-08 9.353753956281057412e-08 0.000000000000000000e+00
6.789372625249162543e-08 1.877974534935294637e-07 0.000000000000000000e+00
0.000000000000000000e+00 0.000000000000000000e+00 0.000000000000000000e+00
1.371760143788738749e-07 9.465340555102629292e-08 1.028071719650557894e-06
0.000000000000000000e+00 0.000000000000000000e+00 0.000000000000000000e+00
6.907665510844322904e-08 9.528967825322055075e-08 0.000000000000000000e+00
1.386047031118084523e-07 9.569983621265265462e-08 0.000000000000000000e+00
2.088502999370584081e-07 9.624808367557381100e-08 5.214949634761063640e-07
0.000000000000000000e+00 0.000000000000000000e+00 0.000000000000000000e+00
0.000000000000000000e+00 0.000000000000000000e+00 0.000000000000000000e+00
0.000000000000000000e+00 1.945912271304874387e-07 0.000000000000000000e+00
7.085906237756731786e-08 0.000000000000000000e+00 0.000000000000000000e+00
7.110438430793045289e-08 9.791760355252092117e-08 0.000000000000000000e+00
0.000000000000000000e+00 0.000000000000000000e+00 0.000000000000000000e+00
1.432374036222789819e-07 0.000000000000000000e+00 0.000000000000000000e+00
0.000000000000000000e+00 0.000000000000000000e+00 5.379176865299589340e-07
7.221357915712379987e-08 0.000000000000000000e+00 0.000000000000000000e+00
7.238238787147910577e-08 0.000000000000000000e+00 0.000000000000000000e+00
0.000000000000000000e+00 1.003942770062685909e-07 0.000000000000000000e+00
1.460852500558603218e-07 0.000000000000000000e+00 0.000000000000000000e+00
7.329736040191372558e-08 0.000000000000000000e+00 0.000000000000000000e+00
0.000000000000000000e+00 0.000000000000000000e+00 0.000000000000000000e+00
7.394467484847948104e-08 0.000000000000000000e+00 0.000000000000000000e+00
7.406992276434451476e-08 0.000000000000000000e+00 0.000000000000000000e+00
0.000000000000000000e+00 0.000000000000000000e+00 0.000000000000000000e+00
0.000000000000000000e+00 1.030122962642223967e-07 0.000000000000000000e+00
0.000000000000000000e+00 0.000000000000000000e+00 0.000000000000000000e+00
0.000000000000000000e+00 0.000000000000000000e+00 0.000000000000000000e+00
7.547764042338746027e-08 0.000000000000000000e+00 0.000000000000000000e+00
0.000000000000000000e+00 0.000000000000000000e+00 0.000000000000000000e+00
0.000000000000000000e+00 0.000000000000000000e+00 0.000000000000000000e+00
0.000000000000000000e+00 1.055042791644397430e-07 0.000000000000000000e+00
1.535536290910262143e-07 0.000000000000000000e+00 0.000000000000000000e+00
0.000000000000000000e+00 0.000000000000000000e+00 0.000000000000000000e+00
0.000000000000000000e+00 0.000000000000000000e+00 0.000000000000000000e+00
0.000000000000000000e+00 2.140854302309404351e-07 0.000000000000000000e+00
0.000000000000000000e+00 1.076063698951238047e-07 0.000000000000000000e+00
7.814551488327345144e-08 0.000000000000000000e+00 0.000000000000000000e+00
0.000000000000000000e+00 0.000000000000000000e+00 0.000000000000000000e+00
7.874336325912684608e-08 0.000000000000000000e+00 0.000000000000000000e+00
0.000000000000000000e+00 0.000000000000000000e+00 0.000000000000000000e+00
0.000000000000000000e+00 0.000000000000000000e+00 0.000000000000000000e+00
0.000000000000000000e+00 0.000000000000000000e+00 0.000000000000000000e+00
0.000000000000000000e+00 0.000000000000000000e+00 0.000000000000000000e+00
0.000000000000000000e+00 0.000000000000000000e+00 0.000000000000000000e+00
0.000000000000000000e+00 0.000000000000000000e+00 0.000000000000000000e+00
0.000000000000000000e+00 0.000000000000000000e+00 0.000000000000000000e+00
0.000000000000000000e+00 0.000000000000000000e+00 0.000000000000000000e+00
0.000000000000000000e+00 1.124160076128090453e-07 6.091010396986519176e-07
0.000000000000000000e+00 0.000000000000000000e+00 0.000000000000000000e+00
0.000000000000000000e+00 0.000000000000000000e+00 0.000000000000000000e+00
0.000000000000000000e+00 0.000000000000000000e+00 0.000000000000000000e+00
0.000000000000000000e+00 0.000000000000000000e+00 0.000000000000000000e+00
8.305239012331626445e-08 1.146021682950491803e-07 0.000000000000000000e+00
8.329380381804384484e-08 0.000000000000000000e+00 0.000000000000000000e+00
0.000000000000000000e+00 0.000000000000000000e+00 0.000000000000000000e+00
0.000000000000000000e+00 0.000000000000000000e+00 6.288361260031365505e-07
0.000000000000000000e+00 0.000000000000000000e+00 0.000000000000000000e+00
8.434803023519300301e-08 0.000000000000000000e+00 0.000000000000000000e+00
0.000000000000000000e+00 0.000000000000000000e+00 0.000000000000000000e+00
0.000000000000000000e+00 0.000000000000000000e+00 0.000000000000000000e+00
0.000000000000000000e+00 0.000000000000000000e+00 6.398749303288750620e-07
0.000000000000000000e+00 0.000000000000000000e+00 0.000000000000000000e+00
8.610752457511301712e-08 0.000000000000000000e+00 0.000000000000000000e+00
0.000000000000000000e+00 0.000000000000000000e+00 0.000000000000000000e+00
0.000000000000000000e+00 0.000000000000000000e+00 0.000000000000000000e+00
0.000000000000000000e+00 1.198701662848407365e-07 0.000000000000000000e+00
0.000000000000000000e+00 0.000000000000000000e+00 0.000000000000000000e+00
0.000000000000000000e+00 0.000000000000000000e+00 0.000000000000000000e+00
0.000000000000000000e+00 0.000000000000000000e+00 0.000000000000000000e+00
0.000000000000000000e+00 0.000000000000000000e+00 0.000000000000000000e+00
0.000000000000000000e+00 0.000000000000000000e+00 0.000000000000000000e+00
0.000000000000000000e+00 0.000000000000000000e+00 0.000000000000000000e+00
0.000000000000000000e+00 2.459411133053860871e-07 0.000000000000000000e+00
0.000000000000000000e+00 0.000000000000000000e+00 6.705627343887449326e-07
0.000000000000000000e+00 2.474431264152417109e-07 0.000000000000000000e+00
0.000000000000000000e+00 0.000000000000000000e+00 0.000000000000000000e+00
0.000000000000000000e+00 0.000000000000000000e+00 0.000000000000000000e+00
0.000000000000000000e+00 0.000000000000000000e+00 0.000000000000000000e+00
0.000000000000000000e+00 0.000000000000000000e+00 0.000000000000000000e+00
0.000000000000000000e+00 0.000000000000000000e+00 0.000000000000000000e+00
0.000000000000000000e+00 0.000000000000000000e+00 0.000000000000000000e+00
0.000000000000000000e+00 0.000000000000000000e+00 0.000000000000000000e+00
0.000000000000000000e+00 0.000000000000000000e+00 0.000000000000000000e+00
9.262520602227642726e-08 0.000000000000000000e+00 0.000000000000000000e+00
0.000000000000000000e+00 0.000000000000000000e+00 0.000000000000000000e+00
0.000000000000000000e+00 0.000000000000000000e+00 0.000000000000000000e+00
0.000000000000000000e+00 0.000000000000000000e+00 0.000000000000000000e+00
0.000000000000000000e+00 0.000000000000000000e+00 0.000000000000000000e+00
0.000000000000000000e+00 0.000000000000000000e+00 0.000000000000000000e+00
0.000000000000000000e+00 0.000000000000000000e+00 0.000000000000000000e+00
0.000000000000000000e+00 0.000000000000000000e+00 0.000000000000000000e+00
0.000000000000000000e+00 0.000000000000000000e+00 0.000000000000000000e+00
0.000000000000000000e+00 0.000000000000000000e+00 0.000000000000000000e+00
0.000000000000000000e+00 1.322587412181766887e-07 0.000000000000000000e+00
0.000000000000000000e+00 0.000000000000000000e+00 0.000000000000000000e+00
0.000000000000000000e+00 0.000000000000000000e+00 0.000000000000000000e+00
0.000000000000000000e+00 0.000000000000000000e+00 0.000000000000000000e+00
0.000000000000000000e+00 0.000000000000000000e+00 0.000000000000000000e+00
0.000000000000000000e+00 0.000000000000000000e+00 0.000000000000000000e+00
0.000000000000000000e+00 0.000000000000000000e+00 0.000000000000000000e+00
0.000000000000000000e+00 0.000000000000000000e+00 0.000000000000000000e+00
0.000000000000000000e+00 0.000000000000000000e+00 0.000000000000000000e+00
0.000000000000000000e+00 0.000000000000000000e+00 0.000000000000000000e+00
0.000000000000000000e+00 0.000000000000000000e+00 0.000000000000000000e+00
0.000000000000000000e+00 0.000000000000000000e+00 0.000000000000000000e+00
0.000000000000000000e+00 0.000000000000000000e+00 0.000000000000000000e+00
0.000000000000000000e+00 1.378771183734013348e-07 0.000000000000000000e+00
0.000000000000000000e+00 0.000000000000000000e+00 0.000000000000000000e+00
0.000000000000000000e+00 0.000000000000000000e+00 0.000000000000000000e+00
0.000000000000000000e+00 1.393596081782526634e-07 0.000000000000000000e+00
0.000000000000000000e+00 0.000000000000000000e+00 0.000000000000000000e+00
0.000000000000000000e+00 0.000000000000000000e+00 0.000000000000000000e+00
0.000000000000000000e+00 0.000000000000000000e+00 0.000000000000000000e+00
0.000000000000000000e+00 1.411268986352645635e-07 0.000000000000000000e+00
0.000000000000000000e+00 0.000000000000000000e+00 0.000000000000000000e+00
0.000000000000000000e+00 0.000000000000000000e+00 0.000000000000000000e+00
0.000000000000000000e+00 0.000000000000000000e+00 0.000000000000000000e+00
0.000000000000000000e+00 0.000000000000000000e+00 0.000000000000000000e+00
0.000000000000000000e+00 0.000000000000000000e+00 0.000000000000000000e+00
0.000000000000000000e+00 0.000000000000000000e+00 0.000000000000000000e+00
0.000000000000000000e+00 0.000000000000000000e+00 0.000000000000000000e+00
0.000000000000000000e+00 0.000000000000000000e+00 0.000000000000000000e+00
0.000000000000000000e+00 0.000000000000000000e+00 0.000000000000000000e+00
0.000000000000000000e+00 0.000000000000000000e+00 0.000000000000000000e+00
0.000000000000000000e+00 0.000000000000000000e+00 0.000000000000000000e+00
0.000000000000000000e+00 0.000000000000000000e+00 0.000000000000000000e+00
0.000000000000000000e+00 0.000000000000000000e+00 0.000000000000000000e+00
0.000000000000000000e+00 0.000000000000000000e+00 0.000000000000000000e+00
0.000000000000000000e+00 0.000000000000000000e+00 0.000000000000000000e+00
0.000000000000000000e+00 0.000000000000000000e+00 0.000000000000000000e+00
0.000000000000000000e+00 0.000000000000000000e+00 0.000000000000000000e+00
0.000000000000000000e+00 0.000000000000000000e+00 0.000000000000000000e+00
0.000000000000000000e+00 0.000000000000000000e+00 0.000000000000000000e+00
0.000000000000000000e+00 0.000000000000000000e+00 0.000000000000000000e+00
0.000000000000000000e+00 0.000000000000000000e+00 0.000000000000000000e+00
0.000000000000000000e+00 0.000000000000000000e+00 0.000000000000000000e+00
0.000000000000000000e+00 0.000000000000000000e+00 0.000000000000000000e+00
0.000000000000000000e+00 0.000000000000000000e+00 0.000000000000000000e+00
0.000000000000000000e+00 0.000000000000000000e+00 0.000000000000000000e+00
0.000000000000000000e+00 0.000000000000000000e+00 0.000000000000000000e+00
0.000000000000000000e+00 0.000000000000000000e+00 0.000000000000000000e+00
0.000000000000000000e+00 0.000000000000000000e+00 0.000000000000000000e+00
0.000000000000000000e+00 0.000000000000000000e+00 0.000000000000000000e+00
0.000000000000000000e+00 0.000000000000000000e+00 0.000000000000000000e+00
1.129427023927444005e-07 0.000000000000000000e+00 0.000000000000000000e+00
0.000000000000000000e+00 0.000000000000000000e+00 0.000000000000000000e+00
0.000000000000000000e+00 0.000000000000000000e+00 0.000000000000000000e+00
0.000000000000000000e+00 0.000000000000000000e+00 0.000000000000000000e+00
0.000000000000000000e+00 0.000000000000000000e+00 0.000000000000000000e+00
0.000000000000000000e+00 0.000000000000000000e+00 0.000000000000000000e+00
0.000000000000000000e+00 0.000000000000000000e+00 0.000000000000000000e+00
0.000000000000000000e+00 0.000000000000000000e+00 0.000000000000000000e+00
0.000000000000000000e+00 0.000000000000000000e+00 0.000000000000000000e+00
0.000000000000000000e+00 0.000000000000000000e+00 0.000000000000000000e+00
0.000000000000000000e+00 0.000000000000000000e+00 0.000000000000000000e+00
0.000000000000000000e+00 0.000000000000000000e+00 0.000000000000000000e+00
0.000000000000000000e+00 0.000000000000000000e+00 0.000000000000000000e+00
0.000000000000000000e+00 0.000000000000000000e+00 0.000000000000000000e+00
0.000000000000000000e+00 0.000000000000000000e+00 0.000000000000000000e+00
0.000000000000000000e+00 0.000000000000000000e+00 0.000000000000000000e+00
0.000000000000000000e+00 0.000000000000000000e+00 0.000000000000000000e+00
0.000000000000000000e+00 0.000000000000000000e+00 0.000000000000000000e+00
0.000000000000000000e+00 0.000000000000000000e+00 0.000000000000000000e+00
0.000000000000000000e+00 0.000000000000000000e+00 0.000000000000000000e+00
0.000000000000000000e+00 0.000000000000000000e+00 0.000000000000000000e+00
0.000000000000000000e+00 0.000000000000000000e+00 0.000000000000000000e+00
0.000000000000000000e+00 0.000000000000000000e+00 0.000000000000000000e+00
0.000000000000000000e+00 0.000000000000000000e+00 0.000000000000000000e+00
0.000000000000000000e+00 0.000000000000000000e+00 0.000000000000000000e+00
