2.673351509062403579e-08 7.811600350012155811e-08 5.190010359922404979e-09
2.046472982798006732e-07 5.111649668203382215e-07 8.359423443231775719e-08
5.352871998104213524e-07 1.310659598534560993e-06 3.147320471642133516e-07
1.022514840916347556e-06 2.512033349371306634e-06 4.006617862584962006e-07
1.561077608862587495e-06 3.994271996535690403e-06 9.289697732610299945e-07
2.434170140682954642e-06 5.654289589977916102e-06 3.236595663360313100e-06
3.018108159876417377e-06 7.663795813984402376e-06 4.907884202168027753e-06
3.823930568811616659e-06 1.007108555274455818e-05 4.271602959096567832e-06
5.068248681388803274e-06 1.173905103130286161e-05 8.026042426409410260e-06
5.633588828276819122e-06 1.492091106001759673e-05 7.747717600567298468e-06
7.243371535534602885e-06 1.717073834512013750e-05 7.407652692024654746e-06
8.958678450879719793e-06 1.888745063662580073e-05 1.035438627678329975e-05
9.498960321266324502e-06 2.065837996208640944e-05 1.346919904840078431e-05
1.008090123333723435e-05 2.420116277201068077e-05 8.738553700024107235e-06
1.195309852880144957e-05 2.883415309660251920e-05 1.198762642883077495e-05
1.436064090833628472e-05 2.994529909438140849e-05 2.117810378770888189e-05
1.563045353242771616e-05 2.848480775334627984e-05 2.372495408776302322e-05
1.537521599161095710e-05 3.404600972859498341e-05 2.255537122609947522e-05
1.807169176189291947e-05 3.374193876130613203e-05 2.551992618426970072e-05
1.841768761657487178e-05 3.850843755003792050e-05 2.151913656304837755e-05
2.082173090259541474e-05 3.987382525040017737e-05 1.286402279985129205e-05
2.178872672632112801e-05 4.388492335488457892e-05 2.644888894400321434e-05
2.288898453509547677e-05 4.353262164433679884e-05 3.992862932425664854e-05
2.473633325931926818e-05 4.221025867978356420e-05 4.599488175759427458e-05
2.525514107063080824e-05 5.002445791437833893e-05 2.911492713062022088e-05
2.619707721581421075e-05 4.617755853237519130e-05 2.841703906187097531e-05
2.512005342803307525e-05 5.232007093754548394e-05 1.831368096184760169e-05
2.757398513497214505e-05 5.631370564391861009e-05 4.318350925384441941e-05
2.647375476614120731e-05 5.278038362124148924e-05 4.277732080790535386e-05
3.077184134812382049e-05 5.570091937636946705e-05 3.043764335201152335e-05
3.384050229601587816e-05 5.679682748979036965e-05 7.740431948186370006e-05
3.158239324161271118e-05 6.163043181458757735e-05 6.072065946293493812e-05
3.249183388417148269e-05 5.787884026502680560e-05 6.463000671243642966e-05
3.351791010927657476e-05 5.751961957227085074e-05 3.907412918613300173e-05
3.408646473537529676e-05 6.038352947785711490e-05 2.619185718769181302e-05
3.577763631771721986e-05 6.616585466294730769e-05 4.945471098817887199e-05
3.814907414104790528e-05 6.152440038355095535e-05 3.475952628985171599e-05
3.302269283793109330e-05 6.020351413152123717e-05 3.075095165309051380e-05
3.686792381303718785e-05 6.744919346156242766e-05 7.153537160453330324e-05
3.338485342307466556e-05 7.382667174858182984e-05 5.474498673743297594e-05
3.898201642748866944e-05 7.110352117452534365e-05 7.941274127471346423e-05
4.051682920350582935e-05 6.553329268732031409e-05 6.019341753211443079e-05
4.247454778947415475e-05 7.233485933198080661e-05 2.376145248494280300e-05
4.442639482842636659e-05 7.259558427035929940e-05 4.187886689285516995e-05
4.931871321392261083e-05 6.688095071644243076e-05 3.464514968316305177e-05
4.743396524886523010e-05 6.803387776327266077e-05 6.327901194811105432e-05
3.922454526867319273e-05 7.474311765763625066e-05 2.836248784487168783e-05
4.091290315521152422e-05 7.339811412151810740e-05 7.924043994429154825e-05
4.530945086378816055e-05 7.596336590705502607e-05 0.000000000000000000e+00
4.414621117438055430e-05 7.062556855804699241e-05 3.211086061088542847e-05
5.083898622488635370e-05 6.970234224650117692e-05 6.682830573565668548e-05
5.011549566368928905e-05 6.433475614287212266e-05 4.659542907798492462e-05
5.001492967311464070e-05 6.729105899925695361e-05 2.422045980658534266e-05
5.011092260684222178e-05 6.938832914076202942e-05 7.561950998672396199e-05
4.273298358588543136e-05 6.391564665140416347e-05 1.037604334839195591e-04
4.657380474176403356e-05 7.131132660878123481e-05 1.355083650865686199e-05
5.513158481818600227e-05 5.990952417662391181e-05 2.832413086290085335e-05
4.925883525156017184e-05 7.045132089363946701e-05 4.316720280237574511e-05
5.567858366625407922e-05 5.650501155936727554e-05 6.039772860210753215e-05
5.320968677499288472e-05 6.626897503725797430e-05 4.652579877683180748e-05
4.730657400966648999e-05 7.729358231067528530e-05 6.413608605083213356e-05
5.389126973268245453e-05 6.678937894608880977e-05 4.955658948883865408e-05
5.857288500464963001e-05 7.039966714310848576e-05 1.023896816125889197e-04
5.347012148115073564e-05 7.038940488845466588e-05 7.067940563915933901e-05
4.470747418631854483e-05 5.730105876317992224e-05 1.797708073589657961e-05
5.576452877369443697e-05 6.618435255423103661e-05 7.504231771295296932e-05
5.579649690864744782e-05 7.233445565603295396e-05 1.958345907756769703e-05
5.244450853041875799e-05 6.605876931992439875e-05 8.010170112293814705e-05
4.581697605135878526e-05 6.215221063428160667e-05 4.147368839487803509e-05
4.418952021791778829e-05 7.011709309694042793e-05 4.205440847298827685e-05
5.537445896201609937e-05 5.659308205874464469e-05 8.707449406854891763e-05
4.475813473119227479e-05 6.479762151791185329e-05 0.000000000000000000e+00
5.264136669030833245e-05 6.177833109088879944e-05 1.150644163183808192e-04
4.661776393169778489e-05 5.957267189781493096e-05 7.100417404419523404e-05
6.035967137025808932e-05 5.213059480396246929e-05 9.765724781469631180e-05
5.351906532708280073e-05 7.021774404542723480e-05 9.944609008815627786e-05
4.904312544996145869e-05 6.344716423735542287e-05 5.117299717485394433e-05
4.742991114744435474e-05 5.187490139793396075e-05 1.056943505739943624e-04
5.315802116708225554e-05 7.021064029026330801e-05 2.710837794961654500e-05
5.141119456958197611e-05 5.104905778966455218e-05 2.788603788030329507e-05
5.605769132068391490e-05 6.055928298300885268e-05 0.000000000000000000e+00
5.147481517999295451e-05 5.254983493108702434e-05 2.924475453842092707e-05
5.448872182386197782e-05 5.011563924888444823e-05 5.935264988086202584e-05
4.889250679939090451e-05 4.484729152214920019e-05 9.117600495839028863e-05
5.090797785371058728e-05 6.561075168761959628e-05 1.883881673035582138e-04
4.574943052758168266e-05 6.711808709207238118e-05 0.000000000000000000e+00
4.962565982591805175e-05 5.635266360935505382e-05 0.000000000000000000e+00
4.685254589601076618e-05 5.623460869609623019e-05 3.351481452146454269e-05
5.874387931539244787e-05 6.190961404127546077e-05 3.440994402447338158e-05
4.917472641712148306e-05 5.453411552749523421e-05 0.000000000000000000e+00
6.560004460765018347e-05 5.865442533511559592e-05 0.000000000000000000e+00
5.653697199365209219e-05 4.925879232745705038e-05 3.700483698799436817e-05
5.996319483252127966e-05 4.869530013033557638e-05 3.784730191290501436e-05
4.817261147165586015e-05 4.971643521847755908e-05 1.528603020610850443e-04
5.137323771705153944e-05 7.060427788826687163e-05 7.888841697133855478e-05
4.911943072501777472e-05 5.027201042405039219e-05 8.049314012051649785e-05
4.773872127209331009e-05 5.124567622181467003e-05 0.000000000000000000e+00
4.876902685373235233e-05 5.768009635543700614e-05 4.168731342940895526e-05
4.736143266559113545e-05 3.930945332216787534e-05 0.000000000000000000e+00
5.338599882659456536e-05 5.277991403901642896e-05 1.732066295398136929e-04
5.177673928088566814e-05 4.817587363513356100e-05 8.851308779151675693e-05
5.554067912318781409e-05 4.174009124229946570e-05 2.256376571718027833e-04
5.514627319957526402e-05 5.405259279151891909e-05 0.000000000000000000e+00
5.094518902077142775e-05 4.332392735801206246e-05 4.654019754881682814e-05
5.599544511094238898e-05 5.616959862657644058e-05 0.000000000000000000e+00
4.595897375269967166e-05 5.124120195057635808e-05 0.000000000000000000e+00
5.104879844156646053e-05 3.538634804180559060e-05 9.921269391956506344e-05
4.770553736738461032e-05 6.796357194784516365e-05 5.067514893784214676e-05
6.470528613744240564e-05 3.024357236884782845e-05 0.000000000000000000e+00
5.410095055810064326e-05 4.858680721753533309e-05 1.055402493474697509e-04
4.741105630107027551e-05 4.259603224663981012e-05 0.000000000000000000e+00
4.830860222888759342e-05 5.945562676287462493e-05 1.092274220724014869e-04
5.389259666425270576e-05 4.418456800952077525e-05 0.000000000000000000e+00
4.032798530971741735e-05 4.257229921968544494e-05 1.695062222884641788e-04
3.281562081005289086e-05 5.786065130941744168e-05 5.708737166988871078e-05
5.845199082300192600e-05 3.432033460380833469e-05 5.837516753779075187e-05
5.102302011691485040e-05 4.733398037724370383e-05 0.000000000000000000e+00
6.226149318915781311e-05 4.310592645805288802e-05 0.000000000000000000e+00
3.512493360003449085e-05 3.097647164969604062e-05 0.000000000000000000e+00
5.895093712257003769e-05 2.885534726076243004e-05 1.884834250342452984e-04
5.264838951319851843e-05 4.008315300196962347e-05 1.267489741963021737e-04
5.176413793752839134e-05 4.075463998989447054e-05 1.296758665117253768e-04
4.888830968979776938e-05 4.407475196936084193e-05 6.554316098115472262e-05
4.960896372195365632e-05 5.891155337957099992e-05 0.000000000000000000e+00
6.791840216379768863e-05 4.560577214795789890e-05 6.840383858332383640e-05
3.942060646845437318e-05 3.185498879044633484e-05 0.000000000000000000e+00
5.205799008835131108e-05 4.115646791396237482e-05 7.007861284530572817e-05
3.054734155122068026e-05 2.693159569547332957e-05 0.000000000000000000e+00
3.106818051921959612e-05 2.728364143074805091e-05 0.000000000000000000e+00
3.990513057411347733e-05 3.084849990128978340e-05 7.362520642475870250e-05
4.264962304070656909e-05 2.192300108375229973e-05 0.000000000000000000e+00
6.923732868135372821e-05 5.080095625716546739e-05 0.000000000000000000e+00
5.497346885402486937e-05 2.577094231453922965e-05 0.000000000000000000e+00
5.354354656360626249e-05 4.570433263171477632e-05 0.000000000000000000e+00
4.980212630231076149e-05 2.326368834716272425e-05 0.000000000000000000e+00
5.286215688726995633e-05 3.379878351383997344e-05 0.000000000000000000e+00
3.738189037710579828e-05 4.458109901078320008e-05 8.164969184806012781e-05
3.553756265044789566e-05 3.824664840181734487e-05 0.000000000000000000e+00
3.358750281306568806e-05 5.294118552242686179e-05 8.357532596214160869e-05
3.414717510945184466e-05 3.210354166325444554e-05 0.000000000000000000e+00
5.194392064124314569e-05 3.267154902881301277e-05 8.591571203925602745e-05
4.255777894630669353e-05 4.049379853863309246e-05 0.000000000000000000e+00
5.081980430239844152e-05 1.489885540666285665e-05 0.000000000000000000e+00
3.352495536482124960e-05 2.652499015475732433e-05 0.000000000000000000e+00
4.704340332082946236e-05 3.076855087945504290e-05 0.000000000000000000e+00
3.178288669327585929e-05 3.501258677664238756e-05 9.226385918394009312e-05
4.566878753825869068e-05 3.940246885190640898e-05 0.000000000000000000e+00
3.811576144886755837e-05 2.000495541325666437e-05 0.000000000000000000e+00
4.144780499406477254e-05 2.837881457148840142e-05 9.674316776034625582e-05
2.793820591907896761e-05 3.702420023617255580e-05 0.000000000000000000e+00
3.690337561905455266e-05 1.666288252070903208e-05 9.962969021140229175e-05
6.317150806761272967e-05 3.796523036352034635e-05 0.000000000000000000e+00
2.903644959594834906e-05 2.994862647870664781e-05 0.000000000000000000e+00
2.362589443037176927e-05 2.167680494880298668e-05 0.000000000000000000e+00
3.878781393336361294e-05 2.633262444283331231e-05 1.052581512438254343e-04
6.344986205827828573e-05 2.225437931663581072e-05 0.000000000000000000e+00
2.141895365994127634e-05 3.149624444707781190e-05 1.078826693475630613e-04
1.856879497854639405e-05 1.364901259076124231e-05 0.000000000000000000e+00
2.827760597247189832e-05 2.306725674753949318e-05 0.000000000000000000e+00
3.510891508241003732e-05 4.214043156753915131e-05 0.000000000000000000e+00
2.902827028960357585e-05 3.315125757681962294e-05 0.000000000000000000e+00
1.628881208311883672e-05 2.394456374311959568e-05 0.000000000000000000e+00
2.649363150004303206e-05 2.911369368867267334e-05 0.000000000000000000e+00
2.342247752313136855e-05 3.440474495100550272e-05 0.000000000000000000e+00
4.402149803360079391e-05 2.481655851622271248e-05 0.000000000000000000e+00
2.401886846963780097e-05 1.513354354062948440e-05 0.000000000000000000e+00
3.125219438209230258e-05 3.051374809084210187e-05 0.000000000000000000e+00
3.861776039206768398e-05 1.032840601999142157e-05 0.000000000000000000e+00
2.485504205978011590e-05 1.571403779192182617e-05 0.000000000000000000e+00
2.160292245721348695e-05 2.113292016337295042e-05 0.000000000000000000e+00
2.908538743313367436e-05 5.334465139401786378e-05 0.000000000000000000e+00
2.204163447573786970e-05 2.709741971382622283e-05 0.000000000000000000e+00
2.237393599603177381e-05 2.188757175216610857e-05 0.000000000000000000e+00
1.134393879519543437e-05 0.000000000000000000e+00 0.000000000000000000e+00
1.903913724016583121e-05 3.926474503404572369e-05 1.341819387091227299e-04
4.247638606539139123e-05 1.702130527675175536e-05 2.705771783768168791e-04
4.294905611549526471e-05 2.295595958148926986e-05 0.000000000000000000e+00
3.544210930217693919e-05 1.741115091002070600e-05 0.000000000000000000e+00
1.594365905531199245e-05 1.174197120898683080e-05 0.000000000000000000e+00
2.016254895331028648e-05 0.000000000000000000e+00 0.000000000000000000e+00
2.451245516741145731e-05 2.391173005964705270e-05 0.000000000000000000e+00
4.125791698038570865e-05 2.419108175961916154e-05 1.441781792034338178e-04
3.330923294485439409e-05 1.836205226772589166e-05 0.000000000000000000e+00
2.103640159159240154e-05 1.851801417667939343e-05 0.000000000000000000e+00
5.117003672411041953e-05 1.253564490414693156e-05 0.000000000000000000e+00
1.723397572646418667e-05 1.898454882485730848e-05 0.000000000000000000e+00
1.306517233773505159e-05 2.554886758282064174e-05 0.000000000000000000e+00
2.637751367117353377e-05 3.881701927239709834e-05 1.533506107560199101e-04
2.667487773417043668e-05 1.954532121114647047e-05 0.000000000000000000e+00
1.795476976241895840e-05 1.984277889543255112e-05 1.574441823327161105e-04
2.276698193996704619e-05 2.672458319611498677e-05 0.000000000000000000e+00
2.752898803418599635e-05 6.711311528728610024e-06 1.604490931281984934e-04
1.387688111526164029e-05 1.367108972250095906e-05 1.617937266230691962e-04
3.270227261284427208e-05 2.066865898753398098e-05 0.000000000000000000e+00
1.894663799208047550e-05 1.389894890694164926e-05 0.000000000000000000e+00
2.395288001243082272e-05 3.508854582068647295e-05 0.000000000000000000e+00
1.448993131208583497e-05 0.000000000000000000e+00 1.694963121740877051e-04
2.928354107881892015e-05 2.153461186151968624e-05 0.000000000000000000e+00
1.481430749573022410e-05 3.625624881948534691e-05 0.000000000000000000e+00
2.494043416222946477e-05 7.329154926155042005e-06 0.000000000000000000e+00
2.009533270885415667e-05 3.687232304528319341e-05 0.000000000000000000e+00
2.034285922498821637e-05 2.985954796635745286e-05 0.000000000000000000e+00
1.022801578310455386e-05 1.507832526086511017e-05 0.000000000000000000e+00
3.115137922881977463e-05 3.822488785558774793e-05 0.000000000000000000e+00
1.570446466798128851e-05 1.534159082738475251e-05 0.000000000000000000e+00
1.586051702822266501e-05 0.000000000000000000e+00 0.000000000000000000e+00
3.205318455690467046e-05 0.000000000000000000e+00 0.000000000000000000e+00
3.775105716094026559e-05 2.367511210750116536e-05 0.000000000000000000e+00
1.631649437931863221e-05 1.599749951326092339e-05 0.000000000000000000e+00
2.745361271283242881e-05 1.611733801514647336e-05 0.000000000000000000e+00
2.769322110281305076e-05 1.622839362292177796e-05 0.000000000000000000e+00
1.679590063509352627e-05 0.000000000000000000e+00 0.000000000000000000e+00
4.522853507736347451e-05 1.658259867144815434e-05 0.000000000000000000e+00
4.561456360628061079e-05 0.000000000000000000e+00 0.000000000000000000e+00
2.306447459014404085e-05 0.000000000000000000e+00 0.000000000000000000e+00
3.485728499284033012e-05 8.525650435581185989e-06 0.000000000000000000e+00
2.347898517945116249e-05 8.633689654276786626e-06 0.000000000000000000e+00
2.367242496332422447e-05 1.733119306145240485e-05 0.000000000000000000e+00
5.977575157759638354e-06 8.774514892083738350e-06 0.000000000000000000e+00
3.011153496203335109e-05 8.874416745116311359e-06 0.000000000000000000e+00
1.215954444527005144e-05 0.000000000000000000e+00 0.000000000000000000e+00
1.843294542686289489e-05 8.981385281031864921e-06 0.000000000000000000e+00
6.200645273523391596e-06 2.726050450253300454e-05 0.000000000000000000e+00
1.875381009891640994e-05 9.167658487232752148e-06 0.000000000000000000e+00
6.326088677322798104e-06 5.562532693599229994e-05 0.000000000000000000e+00
0.000000000000000000e+00 1.870506590077970424e-05 0.000000000000000000e+00
0.000000000000000000e+00 9.469004641873623529e-06 0.000000000000000000e+00
1.297616597412569459e-05 4.752225136747221677e-05 0.000000000000000000e+00
1.309727847357137634e-05 0.000000000000000000e+00 0.000000000000000000e+00
0.000000000000000000e+00 2.908878817727794354e-05 0.000000000000000000e+00
6.675222700131937903e-06 0.000000000000000000e+00 0.000000000000000000e+00
6.682162201734096084e-06 1.971363142611695819e-05 0.000000000000000000e+00
2.037172324137887026e-05 3.981986213214713213e-05 0.000000000000000000e+00
0.000000000000000000e+00 0.000000000000000000e+00 0.000000000000000000e+00
2.064085841251481597e-05 2.020712880305648907e-05 0.000000000000000000e+00
6.941458250386005102e-06 1.021073036205094580e-05 0.000000000000000000e+00
1.400345897044427119e-05 3.083707693117367413e-05 0.000000000000000000e+00
1.415781906731402733e-05 0.000000000000000000e+00 2.465468202334824741e-04
7.131398740453214410e-06 4.192467177522922836e-05 0.000000000000000000e+00
2.873394925624391948e-05 0.000000000000000000e+00 0.000000000000000000e+00
7.249003333556062400e-06 0.000000000000000000e+00 0.000000000000000000e+00
1.462601400314258222e-05 0.000000000000000000e+00 0.000000000000000000e+00
2.211001281181219539e-05 2.163136874938712131e-05 2.571371345622893725e-04
0.000000000000000000e+00 2.187465176803930691e-05 0.000000000000000000e+00
0.000000000000000000e+00 0.000000000000000000e+00 0.000000000000000000e+00
7.543534673051382457e-06 1.112468566112098505e-05 0.000000000000000000e+00
4.566281524458901055e-05 1.116452335766827715e-05 0.000000000000000000e+00
1.536366557805731050e-05 2.250342589807401809e-05 0.000000000000000000e+00
2.322695350530812087e-05 0.000000000000000000e+00 0.000000000000000000e+00
2.339414467995192459e-05 1.146373903305377014e-05 0.000000000000000000e+00
7.848945449381810634e-06 2.310413101540840283e-05 0.000000000000000000e+00
0.000000000000000000e+00 2.324818418967589307e-05 0.000000000000000000e+00
7.962195303435559783e-06 0.000000000000000000e+00 0.000000000000000000e+00
8.020391818170500187e-06 1.180042742884310493e-05 2.811131308538673368e-04
8.091525765496665099e-06 0.000000000000000000e+00 0.000000000000000000e+00
2.448384271721736809e-05 1.197622977525385398e-05 0.000000000000000000e+00
2.469136740401613720e-05 1.210044221783964719e-05 0.000000000000000000e+00
3.322728665836496533e-05 2.439375180029359748e-05 0.000000000000000000e+00
1.672995984727729450e-05 1.230888700182927551e-05 0.000000000000000000e+00
8.415514985851436439e-06 0.000000000000000000e+00 0.000000000000000000e+00
3.399791623826701277e-05 1.244246048957307371e-05 0.000000000000000000e+00
1.708122497226113813e-05 0.000000000000000000e+00 0.000000000000000000e+00
8.624523232218627426e-06 0.000000000000000000e+00 0.000000000000000000e+00
8.690364074547527774e-06 0.000000000000000000e+00 0.000000000000000000e+00
8.759104137175191608e-06 0.000000000000000000e+00 0.000000000000000000e+00
1.766687107785928803e-05 2.590542083669671844e-05 0.000000000000000000e+00
1.776010659771102456e-05 0.000000000000000000e+00 0.000000000000000000e+00
8.948196793078348697e-06 1.317621360978036539e-05 0.000000000000000000e+00
3.605568386229938922e-05 0.000000000000000000e+00 0.000000000000000000e+00
1.814357099410555623e-05 0.000000000000000000e+00 0.000000000000000000e+00
0.000000000000000000e+00 0.000000000000000000e+00 0.000000000000000000e+00
3.687184151590722296e-05 2.711393659187609972e-05 0.000000000000000000e+00
9.316041051756844459e-06 0.000000000000000000e+00 0.000000000000000000e+00
0.000000000000000000e+00 0.000000000000000000e+00 0.000000000000000000e+00
9.461398443687823068e-06 1.384204854598641816e-05 0.000000000000000000e+00
0.000000000000000000e+00 0.000000000000000000e+00 0.000000000000000000e+00
1.914924331792877912e-05 0.000000000000000000e+00 0.000000000000000000e+00
1.930186608582641226e-05 0.000000000000000000e+00 0.000000000000000000e+00
9.688508239880298892e-06 0.000000000000000000e+00 0.000000000000000000e+00
9.794667572497328729e-06 0.000000000000000000e+00 0.000000000000000000e+00
9.878886166709683573e-06 2.890406788773358139e-05 0.000000000000000000e+00
0.000000000000000000e+00 0.000000000000000000e+00 0.000000000000000000e+00
0.000000000000000000e+00 0.000000000000000000e+00 0.000000000000000000e+00
2.012519317574473291e-05 1.476508214051629739e-05 0.000000000000000000e+00
2.025034335270355958e-05 0.000000000000000000e+00 0.000000000000000000e+00
0.000000000000000000e+00 0.000000000000000000e+00 0.000000000000000000e+00
0.000000000000000000e+00 0.000000000000000000e+00 0.000000000000000000e+00
0.000000000000000000e+00 0.000000000000000000e+00 0.000000000000000000e+00
0.000000000000000000e+00 0.000000000000000000e+00 0.000000000000000000e+00
0.000000000000000000e+00 1.541827954806926376e-05 0.000000000000000000e+00
2.113705050287198299e-05 0.000000000000000000e+00 0.000000000000000000e+00
0.000000000000000000e+00 0.000000000000000000e+00 0.000000000000000000e+00
1.074090097305274811e-05 1.568781356653419344e-05 0.000000000000000000e+00
2.153169998101878705e-05 0.000000000000000000e+00 0.000000000000000000e+00
1.083203102804917123e-05 1.598569728782645439e-05 0.000000000000000000e+00
0.000000000000000000e+00 1.603344491453554226e-05 0.000000000000000000e+00
0.000000000000000000e+00 1.611173097976879599e-05 0.000000000000000000e+00
1.108089889674563324e-05 0.000000000000000000e+00 0.000000000000000000e+00
2.231704458108728568e-05 0.000000000000000000e+00 0.000000000000000000e+00
1.121838142549965445e-05 1.652365580434862866e-05 0.000000000000000000e+00
0.000000000000000000e+00 0.000000000000000000e+00 0.000000000000000000e+00
2.279192705173831905e-05 0.000000000000000000e+00 0.000000000000000000e+00
1.143224654185128055e-05 0.000000000000000000e+00 0.000000000000000000e+00
2.308595926467167019e-05 0.000000000000000000e+00 0.000000000000000000e+00
0.000000000000000000e+00 0.000000000000000000e+00 0.000000000000000000e+00
2.338189064215582299e-05 1.716027896008361799e-05 0.000000000000000000e+00
0.000000000000000000e+00 1.725928901880282952e-05 0.000000000000000000e+00
0.000000000000000000e+00 0.000000000000000000e+00 0.000000000000000000e+00
0.000000000000000000e+00 0.000000000000000000e+00 0.000000000000000000e+00
0.000000000000000000e+00 1.758531324933720053e-05 0.000000000000000000e+00
2.413770705902808976e-05 0.000000000000000000e+00 0.000000000000000000e+00
1.216075480715367355e-05 0.000000000000000000e+00 0.000000000000000000e+00
0.000000000000000000e+00 0.000000000000000000e+00 0.000000000000000000e+00
2.459382461421449716e-05 0.000000000000000000e+00 0.000000000000000000e+00
0.000000000000000000e+00 0.000000000000000000e+00 0.000000000000000000e+00
1.244645569244990067e-05 1.826505411580798763e-05 0.000000000000000000e+00
0.000000000000000000e+00 0.000000000000000000e+00 0.000000000000000000e+00
0.000000000000000000e+00 0.000000000000000000e+00 0.000000000000000000e+00
0.000000000000000000e+00 0.000000000000000000e+00 0.000000000000000000e+00
1.276104062329256006e-05 0.000000000000000000e+00 0.000000000000000000e+00
1.288925926691646830e-05 0.000000000000000000e+00 0.000000000000000000e+00
0.000000000000000000e+00 0.000000000000000000e+00 0.000000000000000000e+00
0.000000000000000000e+00 1.914234757706330956e-05 0.000000000000000000e+00
0.000000000000000000e+00 0.000000000000000000e+00 0.000000000000000000e+00
0.000000000000000000e+00 0.000000000000000000e+00 0.000000000000000000e+00
1.326145806435250666e-05 0.000000000000000000e+00 0.000000000000000000e+00
0.000000000000000000e+00 0.000000000000000000e+00 0.000000000000000000e+00
2.678104527874133428e-05 0.000000000000000000e+00 0.000000000000000000e+00
0.000000000000000000e+00 0.000000000000000000e+00 0.000000000000000000e+00
1.361912811277081193e-05 0.000000000000000000e+00 0.000000000000000000e+00
0.000000000000000000e+00 0.000000000000000000e+00 0.000000000000000000e+00
0.000000000000000000e+00 0.000000000000000000e+00 0.000000000000000000e+00
2.760947219230367277e-05 0.000000000000000000e+00 0.000000000000000000e+00
1.392471855062856326e-05 2.044042731493733150e-05 0.000000000000000000e+00
0.000000000000000000e+00 0.000000000000000000e+00 0.000000000000000000e+00
0.000000000000000000e+00 0.000000000000000000e+00 0.000000000000000000e+00
0.000000000000000000e+00 0.000000000000000000e+00 0.000000000000000000e+00
0.000000000000000000e+00 0.000000000000000000e+00 0.000000000000000000e+00
1.433179852343386932e-05 0.000000000000000000e+00 0.000000000000000000e+00
0.000000000000000000e+00 0.000000000000000000e+00 0.000000000000000000e+00
0.000000000000000000e+00 0.000000000000000000e+00 0.000000000000000000e+00
0.000000000000000000e+00 0.000000000000000000e+00 0.000000000000000000e+00
0.000000000000000000e+00 0.000000000000000000e+00 0.000000000000000000e+00
1.475849465082433934e-05 0.000000000000000000e+00 0.000000000000000000e+00
0.000000000000000000e+00 0.000000000000000000e+00 0.000000000000000000e+00
1.489981416495061595e-05 2.196882212875110081e-05 0.000000000000000000e+00
3.005933097041541951e-05 0.000000000000000000e+00 0.000000000000000000e+00
0.000000000000000000e+00 0.000000000000000000e+00 0.000000000000000000e+00
0.000000000000000000e+00 0.000000000000000000e+00 0.000000000000000000e+00
0.000000000000000000e+00 0.000000000000000000e+00 0.000000000000000000e+00
0.000000000000000000e+00 0.000000000000000000e+00 0.000000000000000000e+00
0.000000000000000000e+00 0.000000000000000000e+00 0.000000000000000000e+00
0.000000000000000000e+00 0.000000000000000000e+00 0.000000000000000000e+00
0.000000000000000000e+00 0.000000000000000000e+00 0.000000000000000000e+00
1.572280716855057163e-05 0.000000000000000000e+00 0.000000000000000000e+00
3.164113835492439095e-05 0.000000000000000000e+00 0.000000000000000000e+00
0.000000000000000000e+00 0.000000000000000000e+00 0.000000000000000000e+00
0.000000000000000000e+00 2.347866667932870058e-05 0.000000000000000000e+00
0.000000000000000000e+00 0.000000000000000000e+00 0.000000000000000000e+00
0.000000000000000000e+00 0.000000000000000000e+00 0.000000000000000000e+00
0.000000000000000000e+00 0.000000000000000000e+00 0.000000000000000000e+00
3.277976321333948427e-05 0.000000000000000000e+00 0.000000000000000000e+00
0.000000000000000000e+00 0.000000000000000000e+00 0.000000000000000000e+00
0.000000000000000000e+00 0.000000000000000000e+00 0.000000000000000000e+00
0.000000000000000000e+00 0.000000000000000000e+00 0.000000000000000000e+00
0.000000000000000000e+00 0.000000000000000000e+00 0.000000000000000000e+00
0.000000000000000000e+00 0.000000000000000000e+00 0.000000000000000000e+00
0.000000000000000000e+00 0.000000000000000000e+00 0.000000000000000000e+00
0.000000000000000000e+00 2.494106812550480733e-05 0.000000000000000000e+00
0.000000000000000000e+00 0.000000000000000000e+00 0.000000000000000000e+00
0.000000000000000000e+00 0.000000000000000000e+00 0.000000000000000000e+00
1.723392204832670718e-05 0.000000000000000000e+00 0.000000000000000000e+00
1.737168117972201053e-05 5.103187684702699373e-05 0.000000000000000000e+00
0.000000000000000000e+00 0.000000000000000000e+00 0.000000000000000000e+00
0.000000000000000000e+00 0.000000000000000000e+00 0.000000000000000000e+00
0.000000000000000000e+00 0.000000000000000000e+00 0.000000000000000000e+00
0.000000000000000000e+00 0.000000000000000000e+00 0.000000000000000000e+00
0.000000000000000000e+00 0.000000000000000000e+00 0.000000000000000000e+00
0.000000000000000000e+00 0.000000000000000000e+00 0.000000000000000000e+00
0.000000000000000000e+00 0.000000000000000000e+00 0.000000000000000000e+00
1.813725299720716778e-05 0.000000000000000000e+00 0.000000000000000000e+00
1.820975233208267042e-05 0.000000000000000000e+00 0.000000000000000000e+00
0.000000000000000000e+00 0.000000000000000000e+00 0.000000000000000000e+00
0.000000000000000000e+00 0.000000000000000000e+00 0.000000000000000000e+00
0.000000000000000000e+00 0.000000000000000000e+00 0.000000000000000000e+00
0.000000000000000000e+00 0.000000000000000000e+00 0.000000000000000000e+00
0.000000000000000000e+00 0.000000000000000000e+00 0.000000000000000000e+00
0.000000000000000000e+00 0.000000000000000000e+00 0.000000000000000000e+00
0.000000000000000000e+00 0.000000000000000000e+00 0.000000000000000000e+00
0.000000000000000000e+00 0.000000000000000000e+00 0.000000000000000000e+00
0.000000000000000000e+00 0.000000000000000000e+00 0.000000000000000000e+00
0.000000000000000000e+00 0.000000000000000000e+00 0.000000000000000000e+00
0.000000000000000000e+00 0.000000000000000000e+00 0.000000000000000000e+00
0.000000000000000000e+00 0.000000000000000000e+00 0.000000000000000000e+00
0.000000000000000000e+00 0.000000000000000000e+00 0.000000000000000000e+00
0.000000000000000000e+00 0.000000000000000000e+00 0.000000000000000000e+00
0.000000000000000000e+00 0.000000000000000000e+00 0.000000000000000000e+00
0.000000000000000000e+00 0.000000000000000000e+00 0.000000000000000000e+00
1.989318905504651753e-05 0.000000000000000000e+00 0.000000000000000000e+00
1.993313119749759224e-05 0.000000000000000000e+00 0.000000000000000000e+00
0.000000000000000000e+00 0.000000000000000000e+00 0.000000000000000000e+00
0.000000000000000000e+00 0.000000000000000000e+00 0.000000000000000000e+00
0.000000000000000000e+00 0.000000000000000000e+00 0.000000000000000000e+00
0.000000000000000000e+00 0.000000000000000000e+00 0.000000000000000000e+00
0.000000000000000000e+00 0.000000000000000000e+00 0.000000000000000000e+00
0.000000000000000000e+00 0.000000000000000000e+00 7.209858661932280885e-04
0.000000000000000000e+00 0.000000000000000000e+00 0.000000000000000000e+00
0.000000000000000000e+00 0.000000000000000000e+00 0.000000000000000000e+00
0.000000000000000000e+00 0.000000000000000000e+00 0.000000000000000000e+00
0.000000000000000000e+00 0.000000000000000000e+00 0.000000000000000000e+00
0.000000000000000000e+00 0.000000000000000000e+00 0.000000000000000000e+00
0.000000000000000000e+00 0.000000000000000000e+00 0.000000000000000000e+00
0.000000000000000000e+00 0.000000000000000000e+00 0.000000000000000000e+00
0.000000000000000000e+00 0.000000000000000000e+00 0.000000000000000000e+00
0.000000000000000000e+00 0.000000000000000000e+00 0.000000000000000000e+00
0.000000000000000000e+00 0.000000000000000000e+00 0.000000000000000000e+00
0.000000000000000000e+00 0.000000000000000000e+00 0.000000000000000000e+00
0.000000000000000000e+00 0.000000000000000000e+00 0.000000000000000000e+00
0.000000000000000000e+00 0.000000000000000000e+00 0.000000000000000000e+00
0.000000000000000000e+00 0.000000000000000000e+00 0.000000000000000000e+00
0.000000000000000000e+00 0.000000000000000000e+00 0.000000000000000000e+00
0.000000000000000000e+00 0.000000000000000000e+00 0.000000000000000000e+00
0.000000000000000000e+00 0.000000000000000000e+00 0.000000000000000000e+00
0.000000000000000000e+00 0.000000000000000000e+00 0.000000000000000000e+00
0.000000000000000000e+00 0.000000000000000000e+00 0.000000000000000000e+00
0.000000000000000000e+00 0.000000000000000000e+00 0.000000000000000000e+00
0.000000000000000000e+00 0.000000000000000000e+00 0.000000000000000000e+00
0.000000000000000000e+00 0.000000000000000000e+00 0.000000000000000000e+00
4.596140228783767454e-05 0.000000000000000000e+00 0.000000000000000000e+00
0.000000000000000000e+00 0.000000000000000000e+00 0.000000000000000000e+00
0.000000000000000000e+00 0.000000000000000000e+00 0.000000000000000000e+00
2.327987994857494159e-05 0.000000000000000000e+00 0.000000000000000000e+00
0.000000000000000000e+00 0.000000000000000000e+00 0.000000000000000000e+00
0.000000000000000000e+00 0.000000000000000000e+00 0.000000000000000000e+00
0.000000000000000000e+00 0.000000000000000000e+00 0.000000000000000000e+00
0.000000000000000000e+00 0.000000000000000000e+00 0.000000000000000000e+00
0.000000000000000000e+00 0.000000000000000000e+00 0.000000000000000000e+00
0.000000000000000000e+00 0.000000000000000000e+00 0.000000000000000000e+00
0.000000000000000000e+00 0.000000000000000000e+00 0.000000000000000000e+00
0.000000000000000000e+00 0.000000000000000000e+00 0.000000000000000000e+00
0.000000000000000000e+00 0.000000000000000000e+00 0.000000000000000000e+00
0.000000000000000000e+00 0.000000000000000000e+00 0.000000000000000000e+00
0.000000000000000000e+00 0.000000000000000000e+00 0.000000000000000000e+00
0.000000000000000000e+00 0.000000000000000000e+00 0.000000000000000000e+00
0.000000000000000000e+00 0.000000000000000000e+00 0.000000000000000000e+00
2.480703898329491601e-05 0.000000000000000000e+00 0.000000000000000000e+00
0.000000000000000000e+00 0.000000000000000000e+00 0.000000000000000000e+00
0.000000000000000000e+00 0.000000000000000000e+00 0.000000000000000000e+00
0.000000000000000000e+00 0.000000000000000000e+00 0.000000000000000000e+00
0.000000000000000000e+00 0.000000000000000000e+00 0.000000000000000000e+00
0.000000000000000000e+00 0.000000000000000000e+00 0.000000000000000000e+00
0.000000000000000000e+00 0.000000000000000000e+00 0.000000000000000000e+00
0.000000000000000000e+00 0.000000000000000000e+00 0.000000000000000000e+00
0.000000000000000000e+00 0.000000000000000000e+00 0.000000000000000000e+00
0.000000000000000000e+00 0.000000000000000000e+00 0.000000000000000000e+00
0.000000000000000000e+00 0.000000000000000000e+00 0.000000000000000000e+00
0.000000000000000000e+00 0.000000000000000000e+00 0.000000000000000000e+00
0.000000000000000000e+00 0.000000000000000000e+00 0.000000000000000000e+00
0.000000000000000000e+00 0.000000000000000000e+00 0.000000000000000000e+00
0.000000000000000000e+00 0.000000000000000000e+00 0.000000000000000000e+00
0.000000000000000000e+00 0.000000000000000000e+00 0.000000000000000000e+00
0.000000000000000000e+00 0.000000000000000000e+00 0.000000000000000000e+00
0.000000000000000000e+00 0.000000000000000000e+00 0.000000000000000000e+00
0.000000000000000000e+00 0.000000000000000000e+00 0.000000000000000000e+00
0.000000000000000000e+00 0.000000000000000000e+00 0.000000000000000000e+00
0.000000000000000000e+00 0.000000000000000000e+00 0.000000000000000000e+00
0.000000000000000000e+00 0.000000000000000000e+00 0.000000000000000000e+00
0.000000000000000000e+00 0.000000000000000000e+00 0.000000000000000000e+00
0.000000000000000000e+00 0.000000000000000000e+00 0.000000000000000000e+00
0.000000000000000000e+00 0.000000000000000000e+00 0.000000000000000000e+00
0.000000000000000000e+00 0.000000000000000000e+00 0.000000000000000000e+00
0.000000000000000000e+00 0.000000000000000000e+00 0.000000000000000000e+00
0.000000000000000000e+00 0.000000000000000000e+00 0.000000000000000000e+00
0.000000000000000000e+00 0.000000000000000000e+00 0.000000000000000000e+00
0.000000000000000000e+00 0.000000000000000000e+00 0.000000000000000000e+00
0.000000000000000000e+00 0.000000000000000000e+00 0.000000000000000000e+00
0.000000000000000000e+00 0.000000000000000000e+00 0.000000000000000000e+00
0.000000000000000000e+00 0.000000000000000000e+00 0.000000000000000000e+00
0.000000000000000000e+00 0.000000000000000000e+00 0.000000000000000000e+00
0.000000000000000000e+00 0.000000000000000000e+00 0.000000000000000000e+00
