2.334019862242635169e-08 1.618012650459441151e-08 1.349379351317284657e-09
1.677550560776240054e-07 1.196390474577799773e-07 1.838621506564602192e-08
4.557493096881348300e-07 3.325662632211629654e-07 7.797169289079552593e-08
8.796239137968341131e-07 6.637056449143340889e-07 1.958917394419924304e-07
1.435527993196658038e-06 1.106804423113850957e-06 3.923148278122453410e-07
2.113505837980157374e-06 1.667028010307068555e-06 6.700523483393146111e-07
2.925631518479182394e-06 2.347860061544241821e-06 1.064022327769287067e-06
3.850670699378583862e-06 3.134632225358705248e-06 1.546348642071824553e-06
4.837882321662117624e-06 4.019582859033437678e-06 2.159515400804181332e-06
5.956033694997193105e-06 5.041003511285192843e-06 2.870619567684343782e-06
7.173093429905250126e-06 6.126601800946520031e-06 3.708570492730815851e-06
8.437037249987251400e-06 7.406939803536872184e-06 4.681213020582679441e-06
9.822153099277396482e-06 8.571782872925354219e-06 5.669203001027872522e-06
1.120798223638812281e-05 9.968119877651591433e-06 6.798068936584629919e-06
1.267609097581417785e-05 1.139948838644197913e-05 7.880388423973321333e-06
1.421063436005413310e-05 1.292318535199617523e-05 9.368205067140293434e-06
1.582603455236757646e-05 1.448685573707245520e-05 1.084198573626866916e-05
1.748760431108499228e-05 1.611222743673800930e-05 1.213797719633307406e-05
1.901524030354844944e-05 1.767482600959264477e-05 1.396431573047481063e-05
2.080477321113891740e-05 1.933895988207413126e-05 1.565356082859123337e-05
2.233247321297005588e-05 2.113345901679202637e-05 1.687683446229561429e-05
2.400281053225625675e-05 2.283674521042164678e-05 1.901865864613835842e-05
2.596189132985678968e-05 2.449163172778135979e-05 2.086755202594078577e-05
2.756916459359939697e-05 2.640545814852181473e-05 2.291066651332824544e-05
2.933269295209135782e-05 2.813512900021292073e-05 2.427884608960131818e-05
3.104092964125702180e-05 3.015448881655178348e-05 2.584181559879983342e-05
3.269942608322551884e-05 3.196035440229083829e-05 2.768410679041682243e-05
3.453441445753391059e-05 3.369100590367156049e-05 3.043634394794758141e-05
3.604284641488185269e-05 3.525632682047297661e-05 3.195207605231964248e-05
3.761054867335189729e-05 3.692094234151129298e-05 3.337150860486273019e-05
3.917776213532564173e-05 3.887037250332730923e-05 3.581924814449649109e-05
4.107476514313250775e-05 4.056717768954104568e-05 3.726891223315911822e-05
4.265032754819795597e-05 4.225378006522414971e-05 3.913468258631506834e-05
4.412489687984593031e-05 4.401435184699108611e-05 4.143070870410992521e-05
4.547009719042597838e-05 4.553129665123046454e-05 4.298338204569263321e-05
4.696412790890026797e-05 4.729151962427082895e-05 4.481833967147844783e-05
4.842166115803708733e-05 4.878523083325392735e-05 4.581746016591264995e-05
4.948473663765233450e-05 5.040420581960913208e-05 4.873575513582893497e-05
5.075463210762319762e-05 5.183199223836569574e-05 4.961819713023699806e-05
5.237153770280548228e-05 5.318302140316771967e-05 5.140240656874300065e-05
5.320991174016370526e-05 5.470504841605360871e-05 5.326489170304944958e-05
5.480003542681036069e-05 5.611388272233914913e-05 5.531381932386425780e-05
5.638945968083089412e-05 5.778633901350311398e-05 5.592865758280948400e-05
5.724678512549354981e-05 5.851981859805387121e-05 5.718839573286946970e-05
5.834258726969074067e-05 5.941358787522822200e-05 5.767458867272881893e-05
5.922176514757751395e-05 6.059936055968197856e-05 6.079329396010612691e-05
6.035790580888937372e-05 6.202414770243107041e-05 6.153687352737257559e-05
6.111682108893064117e-05 6.309437462491500868e-05 6.223060136403007093e-05
6.223376505435577587e-05 6.417174594350387147e-05 6.519971058156378803e-05
6.348073138038261677e-05 6.579936069517134712e-05 6.641435525178871152e-05
6.377401137621477897e-05 6.574916264414585590e-05 6.595571788205615627e-05
6.443877332412719619e-05 6.656532516904324571e-05 6.734559509961689618e-05
6.511563285052365607e-05 6.789267151575892605e-05 6.851317772067339583e-05
6.590130525090127499e-05 6.871653864829766151e-05 6.863755796942839224e-05
6.661958059693491628e-05 6.842928768800737339e-05 7.047567867621671201e-05
6.702516273216376603e-05 6.952911218217151584e-05 7.016830151183799471e-05
6.736766521807007531e-05 6.950959234088543569e-05 7.177417163455871894e-05
6.782532442287235073e-05 7.031532424902387803e-05 7.494039902997281198e-05
6.926547904364040327e-05 7.206276194468988017e-05 7.394020197663280663e-05
6.847317126938028999e-05 7.112410824105762906e-05 7.231481034513162617e-05
6.983605224771072891e-05 7.177345549290322063e-05 7.167397402007808329e-05
6.983397134181441640e-05 7.247300029285350543e-05 7.420717672209712333e-05
6.934162892661415605e-05 7.304568392325678941e-05 7.618987611227617698e-05
7.044717539672585519e-05 7.227077429176123884e-05 7.731233175324136835e-05
7.142229357174576529e-05 7.337618652764457737e-05 7.522223620882699936e-05
7.045204125106753956e-05 7.284288448393224009e-05 7.588285366148534838e-05
7.050023118941563997e-05 7.367681794612140141e-05 7.580882972340176416e-05
7.061774507203867114e-05 7.309366299855738088e-05 7.711910113939409220e-05
7.066224453033858655e-05 7.349330232506980033e-05 7.634297413737640406e-05
7.028331207390582484e-05 7.301375634252166714e-05 7.666644433255103254e-05
7.107221776272365174e-05 7.435070346379584578e-05 7.473744034260302433e-05
7.078235323846990181e-05 7.358301169946266404e-05 7.541545386262583580e-05
7.019359926891539892e-05 7.368219843503174280e-05 7.698028150326378558e-05
7.007614393178787280e-05 7.259351849045690946e-05 7.568954325030200208e-05
7.058102531112901397e-05 7.315598130045907670e-05 7.665638158291608183e-05
7.079123383070232590e-05 7.345586098262386703e-05 7.681595354721856372e-05
7.191781385110137528e-05 7.311631620273175943e-05 7.417666063293403456e-05
7.131804042095774292e-05 7.300247249955508328e-05 7.577208645174720171e-05
7.004813898210984194e-05 7.261831098454871538e-05 7.411007718597803441e-05
7.058494365533784457e-05 7.229822260435577028e-05 7.583775665599477671e-05
7.041868553891371093e-05 7.236431755909429598e-05 7.342342537907567792e-05
7.019575098158002408e-05 7.180224154703122516e-05 7.156761194712886259e-05
6.961940757955413072e-05 7.220633917700342486e-05 7.469845512620535452e-05
6.949988857595883185e-05 7.093335097445980196e-05 7.522507285983350825e-05
6.894927770776766382e-05 7.048248153353246998e-05 7.288194591065973193e-05
6.819624803156990121e-05 6.965459860751736288e-05 7.483501594667801697e-05
6.807491387826257424e-05 6.993251783536319293e-05 7.479082923932062275e-05
6.837635040945301080e-05 7.057786223941978163e-05 7.267268910330414796e-05
6.648459131526104741e-05 6.932351047791394114e-05 7.325206825837743472e-05
6.665928291662566007e-05 6.906309503994250863e-05 7.185761308814749687e-05
6.605610099028342967e-05 6.894002484622316980e-05 6.743906752623823864e-05
6.693261064072963398e-05 6.832686451732327142e-05 7.027987475171252143e-05
6.663397094927119002e-05 6.737683173417232567e-05 6.919505214032731103e-05
6.584452643954205305e-05 6.940634231778652257e-05 6.889771349649550245e-05
6.557116118901695388e-05 6.596774423682261494e-05 6.694223703737617456e-05
6.534364787611896517e-05 6.455874390758371416e-05 6.699836527047956468e-05
6.375596709531148167e-05 6.582178900451012905e-05 6.635715283633245888e-05
6.379215213321393302e-05 6.654696803959299399e-05 6.814471028952973812e-05
6.351817513504081215e-05 6.464702342272340258e-05 6.557033865844645744e-05
6.240421895291768033e-05 6.386087764251820501e-05 6.836845070512113974e-05
6.185197663141385742e-05 6.367448887606090406e-05 6.949484102985220200e-05
6.092037794046300977e-05 6.204381176137628703e-05 6.352430832338365333e-05
6.176011051457667522e-05 6.092076667553339517e-05 6.397916149607910173e-05
6.044968777841280518e-05 5.989167437926318655e-05 6.363219016277955583e-05
6.075619077537731293e-05 6.111323806137471332e-05 6.495417222631483581e-05
5.947634649898578539e-05 6.023682347675745653e-05 6.035254801886425711e-05
5.826351382583156791e-05 5.937925483164270080e-05 6.226862346275204095e-05
5.857977693712683296e-05 5.863364388130473865e-05 6.117588503005940749e-05
5.769604567578692848e-05 5.981735009563416425e-05 6.123277694625925405e-05
5.776973824888494532e-05 5.818502523639448940e-05 5.985675274080384291e-05
5.683689690752261286e-05 5.710726763002357809e-05 5.906575360331463705e-05
5.584555751656144552e-05 5.783932364846412804e-05 5.903268284376589261e-05
5.439125999935194464e-05 5.605050310201365610e-05 5.814099038463327421e-05
5.513036146229098215e-05 5.698127996030118668e-05 5.385948461002485258e-05
5.419767012052717335e-05 5.458698428973964126e-05 5.507458130845836161e-05
5.389053271031395826e-05 5.467480305105267669e-05 5.440527839695571472e-05
5.276273479175620242e-05 5.492885205950459029e-05 5.690293228022842411e-05
5.224966696866921884e-05 5.407090618159390350e-05 5.405192051500729206e-05
5.163253881196734992e-05 5.308369467592133291e-05 5.556709144601718628e-05
5.151915511345326319e-05 5.211622060859194837e-05 5.312313552886926141e-05
5.180868898751974955e-05 5.100968031898890046e-05 5.207875635152401262e-05
5.101354195136481519e-05 5.120561696045742184e-05 5.021603976446322858e-05
5.062434590477060816e-05 4.982876617851195650e-05 5.141808928505804704e-05
5.084762172791481395e-05 5.164344639282670820e-05 4.739916372220748117e-05
4.911481938442980428e-05 4.795509209648647419e-05 4.963598179012707003e-05
4.807502065430907664e-05 4.913357987576467332e-05 4.830693255014931967e-05
4.719245117070785416e-05 4.797707401358288550e-05 5.234491456823338676e-05
4.746459155558512732e-05 4.764938001551291053e-05 4.648905018972274757e-05
4.656393993763376294e-05 4.661639434536745888e-05 4.809058685092500098e-05
4.637217565843955848e-05 4.463324962036209118e-05 4.227413101557329754e-05
4.587706064286449037e-05 4.596470034818003910e-05 4.683089283684860657e-05
4.558784053814523256e-05 4.478374830773791936e-05 4.127026293220862848e-05
4.443804269250083773e-05 4.423029821800222172e-05 4.362031103039740008e-05
4.460596908287936990e-05 4.459513452568216808e-05 4.340713249279537365e-05
4.274107892201246936e-05 4.457215160326805184e-05 4.412482516309444892e-05
4.374027575568876879e-05 4.208652894920586376e-05 4.104669183948695765e-05
4.244874904287478817e-05 4.120805760553889895e-05 4.409112408163284879e-05
4.191165618633636592e-05 4.013599567106329878e-05 4.196357017775239538e-05
4.170623373997896113e-05 4.084643947827632269e-05 4.029411400938579858e-05
4.054004073753077506e-05 4.054027332978981307e-05 4.198958696900882600e-05
4.131732445198528888e-05 3.932896502247566685e-05 3.613841782997355390e-05
3.945157360587717805e-05 3.901971551975819634e-05 3.804973173247565857e-05
3.989778483329030421e-05 4.017080973726828167e-05 3.760935578266217326e-05
3.916571987679383143e-05 3.875951322250746715e-05 3.604838254530864694e-05
3.773401159316494010e-05 3.654756022907559447e-05 3.646284995454743554e-05
3.757380991075714738e-05 3.726645846263028486e-05 3.810329879231767438e-05
3.709215850483415274e-05 3.659861151957519604e-05 3.685215725458345861e-05
3.708480556812454869e-05 3.520792469834375146e-05 3.354346176373860199e-05
3.603321323563016780e-05 3.574554691476603620e-05 3.624581344883153053e-05
3.634992229603777373e-05 3.502557377669023389e-05 3.656139336411412706e-05
3.454367692726214651e-05 3.509233377360553100e-05 3.623148103245559372e-05
3.440299643267440903e-05 3.418824225729108306e-05 3.464342233849075875e-05
3.414457285251404502e-05 3.333307433044553348e-05 3.274270889378973106e-05
3.362157013694271822e-05 3.281219391137870452e-05 3.478867233280396589e-05
3.263952563509379761e-05 3.167636718679933043e-05 2.882483865905415704e-05
3.206923541348511352e-05 3.272771964922781680e-05 3.423532456781246607e-05
3.264409158668037954e-05 3.235253011790479184e-05 2.927000507368635355e-05
3.167455790722509967e-05 3.142349282038075711e-05 3.248992973009412786e-05
3.136393867515778900e-05 3.021485436269723984e-05 3.166702613948134707e-05
3.095560605368241587e-05 2.948965511671169078e-05 2.937282290962895436e-05
3.152234417359214694e-05 3.094812021797730593e-05 3.037114191810495783e-05
2.916152747360730764e-05 2.851892889588237298e-05 3.213146693403065357e-05
3.045013843382305771e-05 2.805423741182165682e-05 2.876775291667887739e-05
2.921387260344974292e-05 2.723791254602642500e-05 3.086592706322071559e-05
2.883682062998099455e-05 2.720459176618900815e-05 2.958754398680055810e-05
2.812306481629260371e-05 2.835970193637341697e-05 2.827026339139865612e-05
2.846172180669656037e-05 2.780542103115893763e-05 2.871384933954872551e-05
2.737386081064899210e-05 2.674709704229650406e-05 2.712348683211574546e-05
2.759620878904104697e-05 2.574074977364537549e-05 3.161334426732100088e-05
2.765264015529403418e-05 2.468331413946425219e-05 2.754233194984947270e-05
2.661376450043496711e-05 2.376650926827103652e-05 2.586185616894622042e-05
2.526985032241341146e-05 2.564383593728073238e-05 2.423743011002165988e-05
2.565831308439681129e-05 2.527367032041749647e-05 2.573896088711233993e-05
2.606956823132224255e-05 2.493322125519520564e-05 2.332313098462155288e-05
2.445423846526999481e-05 2.434489056295604430e-05 2.236281397863120227e-05
2.429716193450365960e-05 2.320980583466893230e-05 2.174664843444246420e-05
2.377548065799474117e-05 2.307637301859755463e-05 2.084251539302831564e-05
2.394229800857402730e-05 2.378925360603236245e-05 2.698685250172597276e-05
2.442038012860446973e-05 2.293349264031064116e-05 2.041252338659449149e-05
2.301760090272037077e-05 2.333420914594511064e-05 2.273241005044712758e-05
2.243442264287313136e-05 2.248682119731923584e-05 1.953861035762961970e-05
2.187154468727920212e-05 2.187177015161966410e-05 2.123377626530387273e-05
2.211329793383106523e-05 2.087843797825436081e-05 1.957188331352110536e-05
2.267269737640490335e-05 2.131634012549081506e-05 1.964742311371438040e-05
2.131627798890844679e-05 2.059767515431216683e-05 1.985528677135856753e-05
2.139895176067847248e-05 2.053441504822535885e-05 1.838277875287151939e-05
2.080815693053593673e-05 1.963141430919071361e-05 2.086699095704248758e-05
2.109105213240688325e-05 2.002990996490627994e-05 2.136591140225086610e-05
1.942972841364182579e-05 2.032383502283445229e-05 1.841487613769867324e-05
1.967411283114821116e-05 1.929583801686456804e-05 1.992901145310945534e-05
1.972470454374065606e-05 1.909107329700613005e-05 1.851079269887688012e-05
1.956968050445581682e-05 1.909691191538910596e-05 1.779395047544445114e-05
1.938968649483197902e-05 1.842954061719867133e-05 1.647279854708275849e-05
1.860692101297428872e-05 1.774635058148596675e-05 2.092244522192381249e-05
1.885899012645939611e-05 1.781646394199442427e-05 1.480680911006280205e-05
1.865543123488179491e-05 1.707925894343009023e-05 1.715059111949879169e-05
1.861554849693961667e-05 1.783747138435179169e-05 1.670410311290378938e-05
1.747950966161905011e-05 1.848696206992719502e-05 1.638868044838531668e-05
1.744024411503194961e-05 1.594210277973123277e-05 1.415842931862519638e-05
1.619972987154422685e-05 1.487636121591533261e-05 1.575198063781682530e-05
1.682830845701306036e-05 1.620740030247252799e-05 1.639584963379347733e-05
1.541762635814037082e-05 1.465659290266423590e-05 1.358176585845891711e-05
1.592842073520918175e-05 1.542459446257925292e-05 1.472429539354393863e-05
1.683779979740471146e-05 1.526034023459926932e-05 1.148520078191166488e-05
1.530381110052258793e-05 1.531819207052837107e-05 1.280340243522500725e-05
1.578016973711618914e-05 1.412753036895790436e-05 1.395152095039572886e-05
1.471830050284756117e-05 1.442972125914162161e-05 1.374430487731831971e-05
1.528596169451197214e-05 1.537865399655666859e-05 1.388127680880884036e-05
1.524115595426343653e-05 1.353021268983516966e-05 1.472272070521942528e-05
1.466793205589048459e-05 1.336225288125219349e-05 1.199499799184817766e-05
1.616413305121899158e-05 1.408721580874356888e-05 9.937638746326818442e-06
1.338030951470931219e-05 1.375590121644600440e-05 1.460727044563335209e-05
1.315895632051741481e-05 1.300014308440461097e-05 1.362568573245614181e-05
1.428472833399607091e-05 1.205569077172736087e-05 1.301199617124560216e-05
1.466822192342723709e-05 1.324683783406128429e-05 1.163928077388653869e-05
1.295029240744645794e-05 1.312346909595423092e-05 1.212257431912954469e-05
1.278942474635514703e-05 1.271531383842154506e-05 1.243105317250296588e-05
1.236143831892232508e-05 1.044381040076224357e-05 1.428496942311122238e-05
1.268621541696790603e-05 1.280459234478371168e-05 1.051983134837023329e-05
1.116401753528844092e-05 1.190783182144975318e-05 1.041998991650060285e-05
1.198739203626345531e-05 1.095659027001520330e-05 9.516271838209387779e-06
1.204145175058531959e-05 1.223960434422251235e-05 1.040377963807244108e-05
1.234226586063930639e-05 1.089477185810149789e-05 1.090925971549861058e-05
1.176664391944689447e-05 1.046303836347154489e-05 1.120571777463826264e-05
1.151580122344751527e-05 1.120479118901249032e-05 1.090084678982419280e-05
1.067174484495373567e-05 9.544116835001990529e-06 9.548056817314596993e-06
1.163693574026241925e-05 1.040175106243360953e-05 1.067731115605621382e-05
1.094511677188875312e-05 1.072512259510201658e-05 7.810276024380149079e-06
1.098434875055644055e-05 9.876357104250489070e-06 1.193367220476708167e-05
1.079415771497255185e-05 1.015992408661641493e-05 9.664587278983836801e-06
1.071042298670582761e-05 9.648647556116374247e-06 9.968578606222572568e-06
9.632078680365710100e-06 9.167454450126371856e-06 1.093026340984971711e-05
1.033545079163986339e-05 9.285024996479978500e-06 8.822575242776980575e-06
9.232360211077710705e-06 8.959265786507306781e-06 8.675728929589888162e-06
1.117669356967565101e-05 9.489104788891111191e-06 8.520949029709071499e-06
1.023782425956301397e-05 9.740551195577441479e-06 1.040591712547803569e-05
9.132111034387305171e-06 8.388207608122663997e-06 1.163765860673467441e-05
9.702432810909866555e-06 7.950232864211434161e-06 1.058818047624378669e-05
8.848565406404810123e-06 8.746766668489163699e-06 1.137523460110228643e-05
8.612287568227753091e-06 9.120854206313575303e-06 7.957609759439614530e-06
8.335436993253979968e-06 7.715120091853706059e-06 9.910513952540736540e-06
8.114227544841561251e-06 8.044940934662418185e-06 8.327367906944523404e-06
8.277257996265178938e-06 6.602892695687146369e-06 5.046061758098814268e-06
9.029623862845482314e-06 6.882117504669602949e-06 6.290289335237849079e-06
8.024898018384746330e-06 6.670341420297656922e-06 7.314632003469505671e-06
8.685438852378476134e-06 8.177732862020904408e-06 7.128060366977115187e-06
7.523682337906456805e-06 7.464195622864616546e-06 6.942223568496049753e-06
8.425669869096344422e-06 6.972532568575012689e-06 6.000182085046739151e-06
7.781367227449018480e-06 6.934394325066706071e-06 5.796328005231755559e-06
7.061293832606251252e-06 6.615932025241864399e-06 7.617174945727396061e-06
7.045033891734002866e-06 6.146591764617060886e-06 5.628418871145082905e-06
7.762834780428784156e-06 7.340808432268551978e-06 8.772577171348981773e-06
6.358620760299908441e-06 6.196277754248116974e-06 5.985324979314046973e-06
7.254020687912035631e-06 6.583727447319609562e-06 6.555465336970866410e-06
5.925869476869803002e-06 7.370771480217710020e-06 5.288220831315409981e-06
6.511787450403015801e-06 5.265083142463608068e-06 5.059091053029332779e-06
6.343248852962289003e-06 6.095500687897825250e-06 7.784262458445600455e-06
6.903502490237267888e-06 6.498272330451440929e-06 7.577750883155271644e-06
5.896661697642002783e-06 5.440467835839007462e-06 4.905057005568772935e-06
5.461042445069546929e-06 5.482060675948521221e-06 5.221311124117153551e-06
5.353742271102292577e-06 5.269475004902476835e-06 5.537309586939106439e-06
6.443376141992126052e-06 5.461653698086599921e-06 4.739752188320374665e-06
5.549622302313036264e-06 4.570996429567180473e-06 5.620613161282012645e-06
5.706503591707476138e-06 6.280118529184491400e-06 4.530307208896145985e-06
6.132331355644686152e-06 5.745874746413458795e-06 2.284197164923032517e-06
5.290034845487461792e-06 4.673573512100374332e-06 4.310979562484928983e-06
6.069433198585667598e-06 4.817209562024185306e-06 4.640002586718446889e-06
5.449488173798793851e-06 5.177895447832697879e-06 3.213989600590144822e-06
6.004058556370373462e-06 4.620826517458887117e-06 3.234374176778105460e-06
5.172912567841266781e-06 4.816270912852871857e-06 4.444201430506743440e-06
4.408674107708394849e-06 4.963650503647118063e-06 5.374974096336720421e-06
4.522346459467995827e-06 5.165575585649010185e-06 3.906706559997928458e-06
5.045775262380146144e-06 3.972680643252959903e-06 3.938574274485451875e-06
4.714842138272141857e-06 4.849831490624384636e-06 4.579178872567006969e-06
5.243010019137683993e-06 4.486127891997979066e-06 4.613081908798631736e-06
4.574113392046914876e-06 4.462503864988910633e-06 5.260616215403250503e-06
4.439640413853550632e-06 4.435088390588569871e-06 3.433913670389496342e-06
5.232233462385614402e-06 4.295246917742892593e-06 9.434710584051859298e-07
3.995260157008222033e-06 3.974901342416231827e-06 3.164659614762739821e-06
4.751744546994660822e-06 4.355092420887856607e-06 5.417561703469767130e-06
4.051200649757010694e-06 3.319783378553326407e-06 3.856071010882236374e-06
3.950783856162675459e-06 4.062871912235830342e-06 4.206178937065124760e-06
4.023212265290920873e-06 3.911018016176285808e-06 5.205108497667214789e-06
3.831209645715185488e-06 3.573511851592390775e-06 2.295179934359761059e-06
4.212496298094632876e-06 2.684572202259154234e-06 2.641362833155437735e-06
4.332670075577827254e-06 3.439870585109441536e-06 4.984393231600530042e-06
3.597357477455782791e-06 4.020937581681005773e-06 5.689185038764032008e-06
3.079318432864504958e-06 3.488031721350218136e-06 3.373641146771971588e-06
3.740284200403204485e-06 3.763174584080127993e-06 1.697962033229504538e-06
3.718459719549517864e-06 3.600634756352131253e-06 1.712305849224867807e-06
3.469248495274423441e-06 3.751166039507091861e-06 4.471099903325923481e-06
3.025788522136039821e-06 4.482518137703156677e-06 2.773251200333651565e-06
4.359471987040865595e-06 2.321816310202266839e-06 2.442668138832909695e-06
3.209096536812281770e-06 2.856008761284566404e-06 4.921772980516966935e-06
3.609760713646308841e-06 3.462758525446911857e-06 2.480518929871715235e-06
3.300582795296416380e-06 2.500150273339887364e-06 3.204912519768110866e-06
2.551792986583745502e-06 3.113098562638184661e-06 4.303389877368912257e-06
3.005766418579454423e-06 3.134963446330550600e-06 1.804589300761976218e-06
2.538336244471884686e-06 3.089353400465909584e-06 2.543638178729863608e-06
3.537588029867708497e-06 2.637882355330563316e-06 4.025434823897717109e-06
3.165614468694566372e-06 2.585309520828245187e-06 2.578928769327041598e-06
2.988587339028671626e-06 2.672569245292759756e-06 1.484734502074066632e-06
3.359461219650874320e-06 2.757450291961052961e-06 3.734518213784476058e-06
2.826072679943458785e-06 2.707428518889789915e-06 3.381145968054393495e-06
2.640683361328875863e-06 2.516317258777792320e-06 2.646159278530510341e-06
3.220640049550397388e-06 2.742402103847225539e-06 1.902084350137845453e-06
2.986265561589252456e-06 2.405675214407592872e-06 1.535473000330252694e-06
2.486634750354295351e-06 2.423795846868999851e-06 3.088293825305580351e-06
2.450352979469767518e-06 1.864056418012334448e-06 3.108912139394967321e-06
2.624244697829212688e-06 2.453838796507697819e-06 1.955479436339534537e-06
2.746318402717512204e-06 2.398166601144733412e-06 1.969452248912813895e-06
2.498207777821666227e-06 1.974699546617019630e-06 1.189432805705287160e-06
2.942428552199200768e-06 1.840025801865160784e-06 1.591952989388320350e-06
1.884365296801612090e-06 2.740912984365258364e-06 4.808743475168644747e-06
2.710523542451715668e-06 2.236257614568450443e-06 2.420255011465198438e-06
2.454377615806717106e-06 2.099849839975631022e-06 2.034072539069547917e-06
2.195514028231963411e-06 1.132338832692919311e-06 4.087132064901322744e-07
2.154151040345941295e-06 2.658471870520459251e-06 2.876719023511963651e-06
1.889367759345226178e-06 2.064603296875893679e-06 1.240750360231793291e-06
1.565339225814815792e-06 1.692328530366663651e-06 1.666829319978098612e-06
2.533927477405578896e-06 1.702747232606725083e-06 1.677591402967729192e-06
2.094930920576133157e-06 1.324925632219802539e-06 1.266133885000150805e-06
1.995090269156040333e-06 1.097800988188104505e-06 2.122104494049472627e-06
2.694950293353479163e-06 2.446545708316581524e-06 0.000000000000000000e+00
1.442231677755688239e-06 1.667138562425103188e-06 8.599103266677687935e-07
2.263848909065062823e-06 7.973549098879485523e-07 8.644734193519231040e-07
1.459293430471164871e-06 1.846805104017422124e-06 1.740546317105796836e-06
1.469268588326700012e-06 2.021314992627467808e-06 1.749940517581745915e-06
2.601112050072458852e-06 1.545111430019836872e-06 2.200729445200803069e-06
1.724878913466444155e-06 1.964170250047347499e-06 8.874669283752612899e-07
1.675402754008660401e-06 1.481918595918980730e-06 1.335617549225463224e-06
1.565428936949608228e-06 2.236320246899151780e-06 4.479416408851507993e-07
2.059230491837901805e-06 1.833368819212329735e-06 1.351949515000185362e-06
1.280091980405102354e-06 1.593394845960557705e-06 1.814987993133798119e-06
1.533042792945309083e-06 1.433859176310319922e-06 1.370019021738391103e-06
1.541779832282062718e-06 1.273117499013557174e-06 9.183036824347222694e-07
1.364526697154009634e-06 1.708238277253238551e-06 2.309577301144718983e-06
1.248452675482653933e-06 1.029934465456943632e-06 0.000000000000000000e+00
1.945815591738005391e-06 9.492596998418792660e-07 1.402645117781165758e-06
1.453311606541142335e-06 1.130217281285839846e-06 1.881223980211658331e-06
1.334239033390951764e-06 1.222623148050157330e-06 1.417825016861525585e-06
1.534663088806539727e-06 1.582621161249392012e-06 2.857243681231557095e-06
1.670208715762212414e-06 1.060682747618874940e-06 1.915401573600566689e-06
1.293083971617278160e-06 1.778076131246234693e-06 9.629630234983587654e-07
1.560618762902165492e-06 8.053873712233806735e-07 2.423976288609679451e-06
1.570419755448567275e-06 1.529190552543644103e-06 1.950337274327077634e-06
1.053323380483379723e-06 4.525332403538910438e-07 1.470520730534585961e-06
1.456310356164250928e-06 1.274789587587620510e-06 1.971495823302374120e-06
1.397653590372365396e-06 7.325531091980144193e-07 0.000000000000000000e+00
1.337626221189495720e-06 1.197375956889872049e-06 9.967836899712019926e-07
1.278952283478432132e-06 1.111391797513168196e-06 5.021636826414960686e-07
1.420833290380039617e-06 9.314161887902312893e-07 1.005816660925581751e-06
1.089348964850618488e-06 1.310541490089560962e-06 5.068699169388028243e-07
8.901054635354787452e-07 6.595172844842641017e-07 5.099811316315705736e-07
8.948848594647378884e-07 1.135875498246594854e-06 3.075720384572758893e-06
9.002686673202034773e-07 6.671497778688269728e-07 1.031999856592448232e-06
1.531987512492962716e-06 7.662661925701124086e-07 2.592786469248364375e-06
8.400410391562628686e-07 5.778316493091634585e-07 1.041657508410867451e-06
7.746444178313042223e-07 8.725768866049755236e-07 1.569433204412852244e-06
7.793345120654862745e-07 9.745320949312834014e-07 1.054760907396726315e-06
7.829798608100933729e-07 6.856745210457949025e-07 5.303772119028362814e-07
1.216876203336668193e-06 8.862986446816870800e-07 1.065585427133600584e-06
1.007831489412239389e-06 3.959862969096890842e-07 1.609545912380309433e-06
7.965150215866651630e-07 7.970943293858296811e-07 5.398343257424204635e-07
7.275172192783789821e-07 6.008173600993984775e-07 0.000000000000000000e+00
4.397779545520719090e-07 4.027017293290440283e-07 0.000000000000000000e+00
5.155250680836348296e-07 9.114088978706859741e-07 1.095398833569274992e-06
8.880747363612357937e-07 5.088685023918743887e-07 1.102466395222247466e-06
9.669598975701752732e-07 6.137215474838854308e-07 1.663013117823874264e-06
8.222157786911418247e-07 1.336929601057980441e-06 5.569471197457208708e-07
8.283797927733607182e-07 9.308737845087657195e-07 5.606921036589186082e-07
3.774378901268006131e-07 5.201421506597616005e-07 1.689830990241011661e-06
6.846377166628013701e-07 9.409977920568786923e-07 1.696264247296238097e-06
4.589003305549362748e-07 5.250145882753864329e-07 1.140585136078776614e-06
3.841549993987098275e-07 4.223512071897907593e-07 5.710249837948082946e-07
8.491636619881273089e-07 6.381507434240941786e-07 5.764108273629895044e-07
1.010629859063525892e-06 4.270131694442308938e-07 5.787443477431755895e-07
5.460819082115525828e-07 6.448275052154814626e-07 0.000000000000000000e+00
3.918918152119755704e-07 4.317011485021426938e-07 0.000000000000000000e+00
7.107209185168225482e-07 7.600645920193241295e-07 0.000000000000000000e+00
3.171049254863142511e-07 6.553440490649647942e-07 0.000000000000000000e+00
8.763121689919254167e-07 1.095686137567233350e-06 5.927200396017765812e-07
4.811757746231765861e-07 3.312511675952751177e-07 0.000000000000000000e+00
4.029442975086184597e-07 4.432545521821431563e-07 5.993324521881516483e-07
7.289593404775512716e-07 7.796426973410084778e-07 6.032170912329554019e-07
6.512804737129355759e-07 1.122866532081651000e-07 0.000000000000000000e+00
7.366140105849326480e-07 4.506841851738654208e-07 6.095090804956357780e-07
7.399384892279981532e-07 3.396586980818512295e-07 1.224702412123270150e-06
3.303119356744222729e-07 7.962808701011256357e-07 1.229639367927855797e-06
7.477356259445293072e-07 6.859241639255012894e-07 0.000000000000000000e+00
5.851811118045850654e-07 4.594458780209225386e-07 6.228285172865300633e-07
6.721265155155028040e-07 5.770882925981012264e-07 6.262767846447502572e-07
5.905183689070254643e-07 6.972192472317763920e-07 6.287090494948012983e-07
6.786824230235131461e-07 1.167285689280312740e-07 6.302476455534151726e-07
3.413102974054095519e-07 7.032696772738328510e-07 0.000000000000000000e+00
8.554824986407424043e-08 8.252839773599379319e-07 0.000000000000000000e+00
2.584146040494425516e-07 1.186586232985800531e-07 1.282917728816648995e-06
4.331976568868261400e-07 2.387069554051163937e-07 0.000000000000000000e+00
3.477932632720476041e-07 5.985205908516556409e-07 1.293032873609671311e-06
8.748167943274789102e-08 2.402451380051085509e-07 0.000000000000000000e+00
3.513645104422141363e-07 3.624650989206231118e-07 0.000000000000000000e+00
1.766491492997087848e-07 1.213776072038878652e-07 6.580017100846707353e-07
4.439133175911930225e-07 7.327982921231852146e-07 6.608888301966944191e-07
2.675316148393047170e-07 7.362244839517537685e-07 6.629925235414590648e-07
3.589878044916144702e-07 7.392445099640234890e-07 0.000000000000000000e+00
1.800797666406029514e-07 4.957760549957275058e-07 6.711759094560896434e-07
9.057376026898409097e-08 6.219347045165247429e-07 0.000000000000000000e+00
4.553854203607021639e-07 3.761602395834359448e-07 6.766150752991575926e-07
5.480865145347762499e-07 6.288374152268820147e-07 0.000000000000000000e+00
1.839744291018023997e-07 3.791421991963001255e-07 6.843469944984868948e-07
7.385765875268866746e-07 6.357035043797842817e-07 1.373779159441231510e-06
6.490759722576380270e-07 2.550795244855483481e-07 0.000000000000000000e+00
9.332112092109937844e-08 7.689140463514097040e-07 0.000000000000000000e+00
9.362891700759056748e-08 2.573416850649977858e-07 0.000000000000000000e+00
9.431876418531356704e-08 0.000000000000000000e+00 7.026492728473527699e-07
2.839575848310615922e-07 2.601148010956080660e-07 0.000000000000000000e+00
1.900040864621580169e-07 3.916386106943681413e-07 0.000000000000000000e+00
1.914121110649436830e-07 2.629779471819555484e-07 0.000000000000000000e+00
1.917420265402298439e-07 3.961688390618432026e-07 7.157139418546846691e-07
2.893760240971021541e-07 2.653508021927533334e-07 7.180400191843783788e-07
1.935247630054391109e-07 4.001160218422997050e-07 7.211930716557029589e-07
0.000000000000000000e+00 1.336765650090024218e-07 0.000000000000000000e+00
1.956675372591783872e-07 4.040573902796477041e-07 0.000000000000000000e+00
5.895432465806199023e-07 5.410228557747371931e-07 7.333206997800008236e-07
1.978593425763355589e-07 1.355623611449414117e-07 7.356751912813986450e-07
1.980456613187192147e-07 1.364845514196784946e-07 0.000000000000000000e+00
2.991314048839148430e-07 1.369982301205259666e-07 7.408127177097774357e-07
1.001909503299223415e-07 2.755926994368869862e-07 0.000000000000000000e+00
3.017738595410690338e-07 5.541028133685127533e-07 0.000000000000000000e+00
2.018842971715645929e-07 1.388813452183545510e-07 0.000000000000000000e+00
6.098559988533674015e-07 0.000000000000000000e+00 7.577386389137872336e-07
2.040161340367741223e-07 2.807734250780375446e-07 0.000000000000000000e+00
0.000000000000000000e+00 1.407512553291067234e-07 0.000000000000000000e+00
3.092574390825295753e-07 0.000000000000000000e+00 0.000000000000000000e+00
3.098470559440913783e-07 1.424238950657505834e-07 7.715873614715774921e-07
1.038986119414614784e-07 4.288197778692876621e-07 0.000000000000000000e+00
3.127657430064173636e-07 0.000000000000000000e+00 0.000000000000000000e+00
1.047785373422908607e-07 2.885560155912519545e-07 7.806991177683177214e-07
2.110357087881796265e-07 0.000000000000000000e+00 0.000000000000000000e+00
0.000000000000000000e+00 0.000000000000000000e+00 0.000000000000000000e+00
0.000000000000000000e+00 2.927125810560925044e-07 0.000000000000000000e+00
1.065688506340872411e-07 0.000000000000000000e+00 0.000000000000000000e+00
2.142798285307975326e-07 1.476345004726165624e-07 0.000000000000000000e+00
1.077902601548240483e-07 1.479282074136822186e-07 8.022643772210864858e-07
2.163785060395674132e-07 0.000000000000000000e+00 0.000000000000000000e+00
2.177245272662549376e-07 2.990977609577639751e-07 0.000000000000000000e+00
4.369550395597610019e-07 1.505308031490365719e-07 0.000000000000000000e+00
4.390125074434355652e-07 1.508004024559191924e-07 8.160743371553917781e-07
1.101163555612569569e-07 1.516917915465349751e-07 8.214848407250725400e-07
3.327508909025691497e-07 3.049817748758149133e-07 0.000000000000000000e+00
0.000000000000000000e+00 1.529387166829253886e-07 8.273541430676886270e-07
1.117930550310078396e-07 4.612370526876802877e-07 0.000000000000000000e+00
0.000000000000000000e+00 0.000000000000000000e+00 0.000000000000000000e+00
1.129046268685687044e-07 0.000000000000000000e+00 0.000000000000000000e+00
1.133826981485292588e-07 0.000000000000000000e+00 0.000000000000000000e+00
1.135023737825422634e-07 0.000000000000000000e+00 0.000000000000000000e+00
0.000000000000000000e+00 1.570127114805635752e-07 0.000000000000000000e+00
0.000000000000000000e+00 0.000000000000000000e+00 0.000000000000000000e+00
1.154257690095948185e-07 0.000000000000000000e+00 0.000000000000000000e+00
2.313145196483297175e-07 1.590282406747563820e-07 0.000000000000000000e+00
2.322419470700442669e-07 0.000000000000000000e+00 8.652620888994850497e-07
3.503737022786795726e-07 1.606944642518197835e-07 0.000000000000000000e+00
1.170004268088997479e-07 3.225036059778804102e-07 0.000000000000000000e+00
1.179137360127790552e-07 0.000000000000000000e+00 0.000000000000000000e+00
1.181375294483833832e-07 0.000000000000000000e+00 0.000000000000000000e+00
0.000000000000000000e+00 0.000000000000000000e+00 0.000000000000000000e+00
1.192596792091996918e-07 0.000000000000000000e+00 0.000000000000000000e+00
0.000000000000000000e+00 0.000000000000000000e+00 0.000000000000000000e+00
1.204076815371965102e-07 0.000000000000000000e+00 0.000000000000000000e+00
0.000000000000000000e+00 1.660847329813438666e-07 0.000000000000000000e+00
1.211898148485181158e-07 1.668782430751417504e-07 0.000000000000000000e+00
1.219537986704646047e-07 0.000000000000000000e+00 0.000000000000000000e+00
0.000000000000000000e+00 0.000000000000000000e+00 0.000000000000000000e+00
3.682228566636083678e-07 0.000000000000000000e+00 0.000000000000000000e+00
0.000000000000000000e+00 0.000000000000000000e+00 0.000000000000000000e+00
0.000000000000000000e+00 0.000000000000000000e+00 0.000000000000000000e+00
2.489171939551213560e-07 1.710751965760782359e-07 0.000000000000000000e+00
1.247407487237070719e-07 0.000000000000000000e+00 0.000000000000000000e+00
0.000000000000000000e+00 1.725146113240625220e-07 0.000000000000000000e+00
0.000000000000000000e+00 0.000000000000000000e+00 9.367306514663095079e-07
1.265881126615170660e-07 0.000000000000000000e+00 0.000000000000000000e+00
0.000000000000000000e+00 1.746850401182319475e-07 0.000000000000000000e+00
0.000000000000000000e+00 1.755861137504701137e-07 0.000000000000000000e+00
0.000000000000000000e+00 0.000000000000000000e+00 0.000000000000000000e+00
0.000000000000000000e+00 0.000000000000000000e+00 0.000000000000000000e+00
0.000000000000000000e+00 0.000000000000000000e+00 0.000000000000000000e+00
0.000000000000000000e+00 0.000000000000000000e+00 0.000000000000000000e+00
1.304304922136828498e-07 1.790959942499873045e-07 0.000000000000000000e+00
0.000000000000000000e+00 1.801262521899888502e-07 0.000000000000000000e+00
1.310514614611223854e-07 0.000000000000000000e+00 0.000000000000000000e+00
0.000000000000000000e+00 1.810116822120920383e-07 0.000000000000000000e+00
1.324055452308896060e-07 1.818696614431781344e-07 0.000000000000000000e+00
0.000000000000000000e+00 0.000000000000000000e+00 9.914687055495060973e-07
0.000000000000000000e+00 1.832942225405246633e-07 0.000000000000000000e+00
0.000000000000000000e+00 0.000000000000000000e+00 0.000000000000000000e+00
1.347430234120946132e-07 0.000000000000000000e+00 0.000000000000000000e+00
0.000000000000000000e+00 0.000000000000000000e+00 0.000000000000000000e+00
1.355921391319360906e-07 1.869099660549843032e-07 0.000000000000000000e+00
1.358976004476332968e-07 1.872404211882335309e-07 0.000000000000000000e+00
1.367722408321855441e-07 0.000000000000000000e+00 0.000000000000000000e+00
1.370132587916420419e-07 0.000000000000000000e+00 0.000000000000000000e+00
0.000000000000000000e+00 1.893501557660709090e-07 0.000000000000000000e+00
0.000000000000000000e+00 1.902579458631029567e-07 0.000000000000000000e+00
0.000000000000000000e+00 0.000000000000000000e+00 0.000000000000000000e+00
0.000000000000000000e+00 0.000000000000000000e+00 1.038188674728918506e-06
0.000000000000000000e+00 0.000000000000000000e+00 1.042804306208960219e-06
0.000000000000000000e+00 0.000000000000000000e+00 0.000000000000000000e+00
1.412542897167568629e-07 0.000000000000000000e+00 0.000000000000000000e+00
0.000000000000000000e+00 0.000000000000000000e+00 0.000000000000000000e+00
0.000000000000000000e+00 0.000000000000000000e+00 0.000000000000000000e+00
1.425481472716724151e-07 0.000000000000000000e+00 0.000000000000000000e+00
0.000000000000000000e+00 0.000000000000000000e+00 0.000000000000000000e+00
0.000000000000000000e+00 0.000000000000000000e+00 0.000000000000000000e+00
0.000000000000000000e+00 0.000000000000000000e+00 0.000000000000000000e+00
0.000000000000000000e+00 0.000000000000000000e+00 0.000000000000000000e+00
0.000000000000000000e+00 0.000000000000000000e+00 0.000000000000000000e+00
0.000000000000000000e+00 2.011338139458123840e-07 0.000000000000000000e+00
0.000000000000000000e+00 0.000000000000000000e+00 0.000000000000000000e+00
1.471003874498953705e-07 0.000000000000000000e+00 0.000000000000000000e+00
0.000000000000000000e+00 0.000000000000000000e+00 0.000000000000000000e+00
0.000000000000000000e+00 0.000000000000000000e+00 0.000000000000000000e+00
1.491973991439793757e-07 0.000000000000000000e+00 0.000000000000000000e+00
0.000000000000000000e+00 0.000000000000000000e+00 0.000000000000000000e+00
0.000000000000000000e+00 0.000000000000000000e+00 0.000000000000000000e+00
3.010771097533344157e-07 2.077284440703897497e-07 0.000000000000000000e+00
0.000000000000000000e+00 0.000000000000000000e+00 0.000000000000000000e+00
0.000000000000000000e+00 0.000000000000000000e+00 0.000000000000000000e+00
1.525557306484405469e-07 0.000000000000000000e+00 0.000000000000000000e+00
0.000000000000000000e+00 0.000000000000000000e+00 0.000000000000000000e+00
0.000000000000000000e+00 0.000000000000000000e+00 0.000000000000000000e+00
0.000000000000000000e+00 0.000000000000000000e+00 0.000000000000000000e+00
0.000000000000000000e+00 2.125680615825065010e-07 0.000000000000000000e+00
0.000000000000000000e+00 0.000000000000000000e+00 0.000000000000000000e+00
0.000000000000000000e+00 2.143651265732098614e-07 0.000000000000000000e+00
0.000000000000000000e+00 0.000000000000000000e+00 0.000000000000000000e+00
0.000000000000000000e+00 0.000000000000000000e+00 0.000000000000000000e+00
1.579691444145971335e-07 0.000000000000000000e+00 0.000000000000000000e+00
0.000000000000000000e+00 0.000000000000000000e+00 0.000000000000000000e+00
0.000000000000000000e+00 0.000000000000000000e+00 0.000000000000000000e+00
0.000000000000000000e+00 0.000000000000000000e+00 0.000000000000000000e+00
0.000000000000000000e+00 0.000000000000000000e+00 0.000000000000000000e+00
0.000000000000000000e+00 0.000000000000000000e+00 0.000000000000000000e+00
0.000000000000000000e+00 4.433890165550650637e-07 0.000000000000000000e+00
0.000000000000000000e+00 0.000000000000000000e+00 0.000000000000000000e+00
0.000000000000000000e+00 0.000000000000000000e+00 0.000000000000000000e+00
0.000000000000000000e+00 0.000000000000000000e+00 0.000000000000000000e+00
0.000000000000000000e+00 0.000000000000000000e+00 0.000000000000000000e+00
0.000000000000000000e+00 0.000000000000000000e+00 0.000000000000000000e+00
0.000000000000000000e+00 0.000000000000000000e+00 0.000000000000000000e+00
0.000000000000000000e+00 0.000000000000000000e+00 0.000000000000000000e+00
1.657595205537373362e-07 0.000000000000000000e+00 0.000000000000000000e+00
0.000000000000000000e+00 2.296459306229553851e-07 0.000000000000000000e+00
0.000000000000000000e+00 0.000000000000000000e+00 0.000000000000000000e+00
0.000000000000000000e+00 0.000000000000000000e+00 0.000000000000000000e+00
0.000000000000000000e+00 0.000000000000000000e+00 0.000000000000000000e+00
0.000000000000000000e+00 0.000000000000000000e+00 0.000000000000000000e+00
1.696884269044113700e-07 0.000000000000000000e+00 0.000000000000000000e+00
0.000000000000000000e+00 0.000000000000000000e+00 0.000000000000000000e+00
0.000000000000000000e+00 0.000000000000000000e+00 0.000000000000000000e+00
0.000000000000000000e+00 0.000000000000000000e+00 0.000000000000000000e+00
0.000000000000000000e+00 0.000000000000000000e+00 0.000000000000000000e+00
0.000000000000000000e+00 0.000000000000000000e+00 0.000000000000000000e+00
3.465128085113969549e-07 0.000000000000000000e+00 0.000000000000000000e+00
1.742067055049117951e-07 0.000000000000000000e+00 0.000000000000000000e+00
0.000000000000000000e+00 2.402161531248083304e-07 0.000000000000000000e+00
0.000000000000000000e+00 0.000000000000000000e+00 0.000000000000000000e+00
0.000000000000000000e+00 0.000000000000000000e+00 0.000000000000000000e+00
0.000000000000000000e+00 0.000000000000000000e+00 0.000000000000000000e+00
0.000000000000000000e+00 0.000000000000000000e+00 0.000000000000000000e+00
0.000000000000000000e+00 0.000000000000000000e+00 0.000000000000000000e+00
0.000000000000000000e+00 0.000000000000000000e+00 0.000000000000000000e+00
0.000000000000000000e+00 0.000000000000000000e+00 0.000000000000000000e+00
0.000000000000000000e+00 2.472799492401212426e-07 0.000000000000000000e+00
0.000000000000000000e+00 2.481095731464148354e-07 0.000000000000000000e+00
0.000000000000000000e+00 0.000000000000000000e+00 0.000000000000000000e+00
0.000000000000000000e+00 0.000000000000000000e+00 0.000000000000000000e+00
0.000000000000000000e+00 0.000000000000000000e+00 0.000000000000000000e+00
0.000000000000000000e+00 0.000000000000000000e+00 0.000000000000000000e+00
0.000000000000000000e+00 0.000000000000000000e+00 0.000000000000000000e+00
0.000000000000000000e+00 0.000000000000000000e+00 0.000000000000000000e+00
0.000000000000000000e+00 0.000000000000000000e+00 0.000000000000000000e+00
0.000000000000000000e+00 0.000000000000000000e+00 0.000000000000000000e+00
0.000000000000000000e+00 0.000000000000000000e+00 0.000000000000000000e+00
0.000000000000000000e+00 0.000000000000000000e+00 0.000000000000000000e+00
0.000000000000000000e+00 2.574328451849316909e-07 0.000000000000000000e+00
0.000000000000000000e+00 0.000000000000000000e+00 0.000000000000000000e+00
0.000000000000000000e+00 0.000000000000000000e+00 0.000000000000000000e+00
0.000000000000000000e+00 0.000000000000000000e+00 0.000000000000000000e+00
0.000000000000000000e+00 0.000000000000000000e+00 0.000000000000000000e+00
0.000000000000000000e+00 0.000000000000000000e+00 0.000000000000000000e+00
0.000000000000000000e+00 0.000000000000000000e+00 0.000000000000000000e+00
0.000000000000000000e+00 0.000000000000000000e+00 0.000000000000000000e+00
0.000000000000000000e+00 0.000000000000000000e+00 0.000000000000000000e+00
0.000000000000000000e+00 0.000000000000000000e+00 0.000000000000000000e+00
0.000000000000000000e+00 0.000000000000000000e+00 0.000000000000000000e+00
0.000000000000000000e+00 0.000000000000000000e+00 0.000000000000000000e+00
0.000000000000000000e+00 0.000000000000000000e+00 0.000000000000000000e+00
0.000000000000000000e+00 0.000000000000000000e+00 0.000000000000000000e+00
0.000000000000000000e+00 0.000000000000000000e+00 0.000000000000000000e+00
0.000000000000000000e+00 0.000000000000000000e+00 0.000000000000000000e+00
0.000000000000000000e+00 0.000000000000000000e+00 0.000000000000000000e+00
0.000000000000000000e+00 0.000000000000000000e+00 0.000000000000000000e+00
0.000000000000000000e+00 0.000000000000000000e+00 0.000000000000000000e+00
0.000000000000000000e+00 0.000000000000000000e+00 0.000000000000000000e+00
0.000000000000000000e+00 0.000000000000000000e+00 0.000000000000000000e+00
0.000000000000000000e+00 0.000000000000000000e+00 0.000000000000000000e+00
0.000000000000000000e+00 0.000000000000000000e+00 0.000000000000000000e+00
0.000000000000000000e+00 0.000000000000000000e+00 0.000000000000000000e+00
0.000000000000000000e+00 0.000000000000000000e+00 0.000000000000000000e+00
0.000000000000000000e+00 0.000000000000000000e+00 0.000000000000000000e+00
2.045134095298293268e-07 0.000000000000000000e+00 0.000000000000000000e+00
0.000000000000000000e+00 0.000000000000000000e+00 0.000000000000000000e+00
0.000000000000000000e+00 0.000000000000000000e+00 0.000000000000000000e+00
0.000000000000000000e+00 0.000000000000000000e+00 0.000000000000000000e+00
0.000000000000000000e+00 0.000000000000000000e+00 0.000000000000000000e+00
0.000000000000000000e+00 0.000000000000000000e+00 0.000000000000000000e+00
0.000000000000000000e+00 0.000000000000000000e+00 0.000000000000000000e+00
0.000000000000000000e+00 0.000000000000000000e+00 0.000000000000000000e+00
0.000000000000000000e+00 0.000000000000000000e+00 0.000000000000000000e+00
0.000000000000000000e+00 0.000000000000000000e+00 0.000000000000000000e+00
0.000000000000000000e+00 0.000000000000000000e+00 0.000000000000000000e+00
0.000000000000000000e+00 0.000000000000000000e+00 0.000000000000000000e+00
0.000000000000000000e+00 0.000000000000000000e+00 0.000000000000000000e+00
0.000000000000000000e+00 0.000000000000000000e+00 0.000000000000000000e+00
0.000000000000000000e+00 0.000000000000000000e+00 0.000000000000000000e+00
0.000000000000000000e+00 0.000000000000000000e+00 0.000000000000000000e+00
0.000000000000000000e+00 0.000000000000000000e+00 0.000000000000000000e+00
0.000000000000000000e+00 0.000000000000000000e+00 0.000000000000000000e+00
0.000000000000000000e+00 0.000000000000000000e+00 0.000000000000000000e+00
0.000000000000000000e+00 0.000000000000000000e+00 0.000000000000000000e+00
0.000000000000000000e+00 2.993265271979331460e-07 0.000000000000000000e+00
0.000000000000000000e+00 0.000000000000000000e+00 0.000000000000000000e+00
0.000000000000000000e+00 0.000000000000000000e+00 0.000000000000000000e+00
0.000000000000000000e+00 0.000000000000000000e+00 0.000000000000000000e+00
0.000000000000000000e+00 0.000000000000000000e+00 0.000000000000000000e+00
0.000000000000000000e+00 0.000000000000000000e+00 0.000000000000000000e+00
0.000000000000000000e+00 0.000000000000000000e+00 0.000000000000000000e+00
0.000000000000000000e+00 0.000000000000000000e+00 0.000000000000000000e+00
0.000000000000000000e+00 0.000000000000000000e+00 0.000000000000000000e+00
0.000000000000000000e+00 0.000000000000000000e+00 0.000000000000000000e+00
0.000000000000000000e+00 0.000000000000000000e+00 0.000000000000000000e+00
0.000000000000000000e+00 0.000000000000000000e+00 0.000000000000000000e+00
0.000000000000000000e+00 0.000000000000000000e+00 0.000000000000000000e+00
