2.295237750018309367e-08 1.919573313491238984e-08 1.840711738134766492e-09
1.612523707662060847e-07 1.319136636838808964e-07 1.545614547429700156e-08
4.340082608952224461e-07 3.871038541315950616e-07 8.243288509748729906e-08
8.685053926712710693e-07 7.398430960676281102e-07 1.797648193625546395e-07
1.357852708263551472e-06 1.231598619316672118e-06 3.195014498282219180e-07
2.045183371671372131e-06 1.824119673933509224e-06 6.725899082846987320e-07
2.841359791217869536e-06 2.556604184954009973e-06 9.237292510564092806e-07
3.798388991766071745e-06 3.330277990135965412e-06 1.567030312571029634e-06
4.659556164269574215e-06 4.453830532613660795e-06 2.051680504747666865e-06
5.942256073732299002e-06 5.361094432645781659e-06 2.703121726414551307e-06
6.902763290517952000e-06 6.475032804232517148e-06 3.495667741535656885e-06
8.127132559392553741e-06 7.867372416411290553e-06 4.353579996397975873e-06
9.439620252763052588e-06 9.046153844750721659e-06 4.976359268491692844e-06
1.053467341152141010e-05 1.056270855081850021e-05 6.242992274406664665e-06
1.201672964980792284e-05 1.151842483544214876e-05 6.845152265225802968e-06
1.342866893049536902e-05 1.317487807950724870e-05 8.114165055481584963e-06
1.509869903598897529e-05 1.493620279469727160e-05 9.805194355557237258e-06
1.615970601779929307e-05 1.663295984825246057e-05 1.096705245669754678e-05
1.853251872277020024e-05 1.848025906956773525e-05 1.151485656087031496e-05
1.979884243393902342e-05 1.959374627018591319e-05 1.397895890236949240e-05
2.182184457332624641e-05 2.119436448415329540e-05 1.611411340690078157e-05
2.257327075921543844e-05 2.351274430040326685e-05 1.750276410369072685e-05
2.436725908918800635e-05 2.449501161544435305e-05 1.841651494063455745e-05
2.635189405357309358e-05 2.701581963572120360e-05 2.001433809615194763e-05
2.858166661073981306e-05 2.822339584436938558e-05 1.950633606531628779e-05
2.845063002995553740e-05 3.023187602122693232e-05 2.206111205710413296e-05
3.084057278247494293e-05 3.227517494023672019e-05 2.470151866679003473e-05
3.241807108588459519e-05 3.413089600966870272e-05 2.853204536481153758e-05
3.371655227623358896e-05 3.509157654982979663e-05 2.758291842083561676e-05
3.483385644533896797e-05 3.738002240522809522e-05 2.981860799954374534e-05
3.693025988623857428e-05 3.882175437389569358e-05 3.031724966546358376e-05
3.862906153710032485e-05 4.089144435863107990e-05 3.010133027890622619e-05
4.081405030856673959e-05 4.164144007176380280e-05 3.371680076194207953e-05
4.137096940144863210e-05 4.320799011034687464e-05 3.658097116573947374e-05
4.337578584542206469e-05 4.526632687605388342e-05 4.044025484741000623e-05
4.396854180964571569e-05 4.712956186246566073e-05 4.085182170518256037e-05
4.515379406522888731e-05 4.575111003692925121e-05 4.131474415828611044e-05
4.661626548154181564e-05 5.017178504772103523e-05 4.060216653251268274e-05
4.733700432375173562e-05 5.074629303790481908e-05 4.395487893774469533e-05
4.910958799949806391e-05 5.275662787265840057e-05 4.123246562163594817e-05
4.924665017491959540e-05 5.152638291569123494e-05 5.096845304997273118e-05
5.084119711813773378e-05 5.561427272564102066e-05 5.140837184960894517e-05
5.046358905631284322e-05 5.667971405881529505e-05 4.435316347260212738e-05
5.398582489156927524e-05 5.590933441442352397e-05 5.187674335999960929e-05
5.301690668056542014e-05 5.933746378094658064e-05 5.732876259709237111e-05
5.504989784251588457e-05 5.997214790581997118e-05 6.146605142707417145e-05
5.781553911905038825e-05 6.013257778648520730e-05 5.304023064013336212e-05
5.469131119998423430e-05 6.084063889911186558e-05 5.307759574483228405e-05
5.862753368216417515e-05 6.445654825295770243e-05 5.747860724848784329e-05
5.973906303746225212e-05 6.242736968510212816e-05 5.763818420850982081e-05
6.100194761116829311e-05 6.658467768545801434e-05 5.476695375598778545e-05
6.085337534479004067e-05 6.388649787378747639e-05 5.537388740674806692e-05
6.013538121249636329e-05 6.224536059141542164e-05 6.212622054549689853e-05
6.508846960022481964e-05 6.855383763243680655e-05 5.766152310287230698e-05
6.180536023654309181e-05 6.872142261540959492e-05 6.106493028890443316e-05
6.363796140783646691e-05 6.582304005767684429e-05 6.722285264646055819e-05
6.856981372921317581e-05 6.820687009113362708e-05 6.009835672712067494e-05
6.493873190437568217e-05 6.684670257060922386e-05 5.949777135262728216e-05
6.413372372125198523e-05 7.455402875859460450e-05 7.499195028333943214e-05
6.249305948431704838e-05 7.147770891395806086e-05 6.915404550895449696e-05
6.535179327041692944e-05 6.805642021989233065e-05 6.029534532576837172e-05
6.356294277476357013e-05 7.010831987130148430e-05 6.694390911857619564e-05
6.679337534604451075e-05 7.004276895883178116e-05 6.439336247086745364e-05
6.610225559375767774e-05 7.127382548554449671e-05 7.267763196804939317e-05
6.540312768398907060e-05 6.926838655071357233e-05 6.638488427552685970e-05
6.730528896781108519e-05 7.085736990378199186e-05 6.152131996855244971e-05
6.966520374539001673e-05 7.107309254260838480e-05 6.196085928729267041e-05
6.920850184608899603e-05 7.258048607196868540e-05 6.905653792550094767e-05
6.954059056635623611e-05 7.478616660826156867e-05 7.060432990023064509e-05
6.504454522219902258e-05 6.998750330978411487e-05 7.267678010225569487e-05
6.599459264793951804e-05 7.415666952980998379e-05 7.019277008808782949e-05
6.956368969425323102e-05 7.427825994144634765e-05 6.331874974765539096e-05
6.895617023689179839e-05 7.016577295979954979e-05 7.589223135084612526e-05
6.674918717807914190e-05 7.030751195852763058e-05 7.354065295989618519e-05
7.063125517731171695e-05 7.835158561179937804e-05 6.192311158851250173e-05
6.860326467042303627e-05 7.271187988029277345e-05 7.634356669232552261e-05
7.144733623495323250e-05 6.971553517839486531e-05 8.194327560121791127e-05
7.516343254892329990e-05 6.673333934153685763e-05 7.375275476208580582e-05
6.568104256680974717e-05 7.326334566198848650e-05 8.451663616194595883e-05
7.082342788851881592e-05 7.484380659123240529e-05 6.476075224692476838e-05
6.547459744043766100e-05 7.380389478001634100e-05 7.624253858791723171e-05
6.781395646655577405e-05 6.907000582401161639e-05 7.334941244817082338e-05
6.875157777326608584e-05 6.772551436506958644e-05 5.708464561711867647e-05
6.266271888078022540e-05 6.443575538356073097e-05 7.277988666744359802e-05
6.880240544700090674e-05 7.305007351366879899e-05 6.142051650503724497e-05
6.594317383431991979e-05 6.824383714833766128e-05 6.357598405172629500e-05
6.861306074221148771e-05 7.477067809870486322e-05 6.897989409028952134e-05
7.136955336768862691e-05 7.117312152504093000e-05 6.974051832318388627e-05
6.741381051486628232e-05 6.626253160117465753e-05 7.449316016763903243e-05
6.435250481543432406e-05 6.522350419863428206e-05 5.817173287360112322e-05
6.427871964968802333e-05 6.544275502731238751e-05 5.449185091558264848e-05
6.392037788825958157e-05 6.845131616577711101e-05 6.341977424732284064e-05
6.771356792623533019e-05 6.360574053142133838e-05 6.740646618204327017e-05
6.630757985693990332e-05 6.413431190459185514e-05 5.279888947443380284e-05
6.488520219824423158e-05 6.552487708033070447e-05 7.398162024755200396e-05
6.409610008159367868e-05 6.881707223562587587e-05 6.714081267811117791e-05
6.171821643416917859e-05 7.193777693216504593e-05 5.145520283981827337e-05
6.563650013935426789e-05 5.966488867017267025e-05 6.613138055048871182e-05
5.825378881657704587e-05 6.663046503795870686e-05 8.538924560049057947e-05
6.160066055917844802e-05 6.838712292075194046e-05 6.792057611847466354e-05
5.867365099710299787e-05 5.998301516335264086e-05 6.102049890911035633e-05
6.147407663797567067e-05 6.926034300474652450e-05 7.589606941669570543e-05
6.228512718114710125e-05 5.791475105223272969e-05 4.187679026568824647e-05
5.685086888106586430e-05 5.880261902415497786e-05 6.799678967871508226e-05
6.300435947083792476e-05 6.482439540086554740e-05 6.044334549683305115e-05
5.903855005012337531e-05 6.399398114510554511e-05 5.584340194767862593e-05
5.985733575047225114e-05 5.947256547040182217e-05 6.267777505477686493e-05
5.375253339828126254e-05 6.000598273958441083e-05 6.735084372055838192e-05
5.228339639431348534e-05 5.010848777832517265e-05 6.020668279314694545e-05
5.407004054072545572e-05 5.914372146242203692e-05 7.729900979760475060e-05
5.860863303749253462e-05 5.404220429374263031e-05 6.752764200208768747e-05
6.003037426847309906e-05 5.780247413047084621e-05 5.853892225883986834e-05
5.521117364241268793e-05 6.261121131899573646e-05 6.353249105150532644e-05
5.654195524237171376e-05 5.607113128782926701e-05 5.801145298912155915e-05
5.684054567506102240e-05 5.093812821385490356e-05 5.364568225086591515e-05
5.429993408852756511e-05 4.931041870008104940e-05 6.546452349090381895e-05
6.011308054257904739e-05 4.662392841586803974e-05 5.421072471713891830e-05
5.287393993979267939e-05 5.440569978632314534e-05 5.939413177735534537e-05
5.287511519506744482e-05 4.378943456649275274e-05 4.757712928283329477e-05
5.490918887198404410e-05 4.933329870221957858e-05 5.106749182901047199e-05
4.983650899132386958e-05 5.367121153222667308e-05 6.687550359077811327e-05
5.088989919248794523e-05 5.016532880461100518e-05 5.440689585888241857e-05
4.994143993922696358e-05 5.209441164841281885e-05 5.680739222111776018e-05
5.113424482123370889e-05 4.330777744208177163e-05 2.971604116236594342e-05
5.426198921087122370e-05 5.092049787510931786e-05 3.654117581032842113e-05
5.199667167028145431e-05 5.086745786335894774e-05 4.517084682004528196e-05
4.922434978088878444e-05 4.662857534234465004e-05 5.080926556580989671e-05
5.041297716826635136e-05 4.582071548047333487e-05 2.496995290055190595e-05
5.340306157887746483e-05 4.872104938626995206e-05 5.063900349862507621e-05
4.248748850368065758e-05 5.041345517305180382e-05 3.262168263449461732e-05
4.810404867793863194e-05 4.831785900809086023e-05 4.885855401495088461e-05
4.425153858549189264e-05 4.585814644126153580e-05 3.542364340453576133e-05
4.771989062490308636e-05 4.525305916181388433e-05 3.951467308728191623e-05
5.056539567447354029e-05 3.859113418625394285e-05 6.203938627187266248e-05
4.461586199071566195e-05 4.222423266083688635e-05 2.775626565459664814e-05
4.284874341434553901e-05 3.942781955408856839e-05 5.640367796349208363e-05
4.373834718478219195e-05 4.385240503208801444e-05 3.815062589347070391e-05
3.759790757574438833e-05 4.237374495128241246e-05 5.614548037436612479e-05
4.805915882448948454e-05 3.654933179790962114e-05 4.317736944349743827e-05
3.561101509578287473e-05 3.707364124183744987e-05 5.575958648062935292e-05
3.666932989222246406e-05 3.870278015610154851e-05 6.264583754277205528e-05
3.691092875251427119e-05 4.114252974509489751e-05 5.737390951793684322e-05
3.823187841543963041e-05 4.208742420311479946e-05 2.915065395179020443e-05
3.848887774835732956e-05 3.768955533931325633e-05 4.425029203482604791e-05
4.181799473026045187e-05 3.354729361428743359e-05 2.134873433059371426e-05
4.043145052615830390e-05 3.164342484637545482e-05 4.548928519903881464e-05
4.213618348213986619e-05 4.447432013683268735e-05 3.730251247108796173e-05
3.432391197408856889e-05 3.981494140125911362e-05 2.226557115337304832e-05
3.798808791277917790e-05 3.913695696835626251e-05 3.157511872721461882e-05
3.880486993435513263e-05 3.421098015674803463e-05 5.036063181371436254e-05
3.755050496926074682e-05 3.511203373846172998e-05 3.712902973184291990e-05
3.257182437343057290e-05 3.560763376440516582e-05 3.062403784986881161e-05
2.868132557981780426e-05 3.561288626723117080e-05 3.569996710511187947e-05
3.842898709693493020e-05 3.302851380185207385e-05 3.373367553677625449e-05
3.257524837957981491e-05 2.988230328514854768e-05 5.618361345270905501e-05
3.396705414248611676e-05 3.430363510163983752e-05 2.476497816249557043e-05
3.344627713630486952e-05 2.970953986371942932e-05 5.014595606273583096e-05
3.158094954419894478e-05 3.380317692528901635e-05 3.301880070799690341e-05
2.732110203029176895e-05 3.095962540401339354e-05 3.086738046597616909e-05
3.237596399346683951e-05 3.043165605042871808e-05 2.870053684885211573e-05
2.939105920336889898e-05 3.465471641355760490e-05 3.697611515209372487e-05
3.322406435359530731e-05 2.972141628564971519e-05 2.138539831320544654e-05
2.940787106889289023e-05 2.663339755837091876e-05 4.592951744727349244e-05
3.156078519079572660e-05 2.844017848838953683e-05 2.733171927213685936e-05
3.408738180671429041e-05 2.779942658473724990e-05 3.327029675625675967e-05
3.049729066773276855e-05 2.609400564381372231e-05 2.525760400756213515e-05
3.087324992571390735e-05 2.846810338596435306e-05 4.259345812531594599e-05
3.235681844646993234e-05 3.511322325169170415e-05 2.298263815611933244e-05
2.563025111007542146e-05 2.332096815477202001e-05 3.777304928374135290e-05
2.857280870161106181e-05 2.468397785812127929e-05 2.352234994488147245e-05
2.428039450517574784e-05 2.391397983353253393e-05 1.190666681738442514e-05
2.844508405339028171e-05 2.087347226361964780e-05 3.913193432486341042e-05
3.235562455824530858e-05 2.335060415448520009e-05 2.742469012543146233e-05
2.513812570230023187e-05 2.416227253297298567e-05 3.081567324456451732e-05
2.665502292532384167e-05 2.901498479837704247e-05 4.051624606068329293e-05
2.326798533384009647e-05 3.221206991540328987e-05 2.836823201508069462e-05
2.685698493848908010e-05 2.501804911291721415e-05 1.596197908968469535e-05
2.632113313308604170e-05 2.178535361980212011e-05 1.939379966202607207e-05
2.914839837104431889e-05 1.902412850105867360e-05 2.285011641438121694e-05
2.308562123664623875e-05 1.865312566702755759e-05 2.963975501575380378e-05
2.548955529720750424e-05 2.494369051821137141e-05 3.338535008789035152e-05
3.102378259912842316e-05 2.707178255986162361e-05 2.024268449894175712e-05
2.516827241454658545e-05 2.113196943713946594e-05 2.729398304298654945e-05
2.143689871577437976e-05 2.767530605891345443e-05 1.380219011417408909e-05
2.525541280017228767e-05 2.411943206365508067e-05 1.742310670516367574e-05
2.327784676950737428e-05 1.735937595282990360e-05 1.758212345569368508e-05
1.981873457225331804e-05 2.080763235664216332e-05 3.561659616814499439e-05
2.284611779800017287e-05 1.773428761018637555e-05 1.435500661044061281e-05
1.603056174252946654e-05 1.923343366250848815e-05 2.907932088290034661e-05
1.762948076524856853e-05 1.943868638509773825e-05 1.841923094898166016e-05
2.165019505897278633e-05 2.235557609850443713e-05 7.437484749490744625e-06
1.944029386374459734e-05 2.123317926505893138e-05 1.122970239227716064e-05
1.670101978171682400e-05 2.146071735272679878e-05 1.138530021000247904e-05
2.085604564121961929e-05 2.099624561295681234e-05 2.682396006975018495e-05
2.206769115197290061e-05 1.341154031169778368e-05 2.326214975838471801e-05
2.434128857702649154e-05 1.712896032392339889e-05 2.739111065398853805e-05
2.201234114670393616e-05 1.803873535877458740e-05 1.582156575105822443e-05
1.604804742900054583e-05 2.329460144839319935e-05 2.392841285499551669e-05
2.090494164255843064e-05 1.105163602863042293e-05 1.212396714737501942e-05
1.003343765846852141e-05 2.228172396898984203e-05 8.154952206170446228e-06
1.598284169679268154e-05 1.650528548801312483e-05 8.227037846629941398e-06
1.777578095773191903e-05 1.288662804118733401e-05 1.246157111398629784e-05
1.684571193789256936e-05 1.377803792190626582e-05 2.520110379169047065e-05
1.428332868319759931e-05 1.933473916437762583e-05 2.120880550190222695e-05
1.829226022521335002e-05 1.560859521824669004e-05 1.716770033238621982e-05
1.737624305989196401e-05 8.653921884849848943e-06 1.299345701045390028e-05
2.205056237774672778e-05 1.749295836626642999e-05 1.312352081051641365e-05
1.657139113463835419e-05 1.688049722861068629e-05 2.639457432275543175e-05
1.212058580756690509e-05 1.379063460339271496e-05 1.333944560418498053e-05
9.891357341025416085e-06 1.475712587891902459e-05 1.349523807791393917e-05
1.820743599165669464e-05 1.905230425507198295e-05 1.358121901107779502e-05
1.008923833494886435e-05 1.918597221016547506e-05 1.376270214484286270e-05
1.076881238569823007e-05 1.518630382444175402e-05 1.383909643367924616e-05
1.450481987415122620e-05 1.277264494893397273e-05 9.369183422660782489e-06
1.465105211366702705e-05 1.804602319710541311e-05 1.414858030880156896e-05
1.293397852102669983e-05 1.040163477640198533e-05 1.901627237170505348e-05
1.741299608663938829e-05 9.642088794566494136e-06 9.578862839027342516e-06
5.644259327572370503e-06 1.325476038772930226e-05 9.683708855507036216e-06
1.393298542322341130e-05 1.246696945938019549e-05 2.449685197022093169e-05
1.022462053135197898e-05 1.439723234167219888e-05 0.000000000000000000e+00
1.161081718212822865e-05 1.451686554704600272e-05 3.487979779732592613e-05
1.041037839329011912e-05 8.237490243991343414e-06 2.004113836094955240e-05
1.442791765782174601e-05 1.941202835288715622e-05 5.070718274701151439e-06
1.126570723442483379e-05 1.586711367257006390e-05 2.048942523866822529e-05
1.402715556668606376e-05 1.128763054572076351e-05 1.033375848337011308e-05
3.368628300671441730e-06 3.796260786513178961e-06 5.186218594194953000e-06
1.701384746465317915e-05 7.657681689840956687e-06 5.256514316991337117e-06
1.510096807513236017e-05 1.837203808365237779e-05 2.647043937010043794e-05
8.306995321008690252e-06 1.366209594961925779e-05 1.067513464738528445e-05
1.395753915208904299e-05 9.832551508131359095e-06 1.078201603160675647e-05
1.339422397022028356e-05 7.928631989089559852e-06 1.087808679814452823e-05
9.948268545562828657e-06 9.016224277548104898e-06 1.098597324964405949e-05
1.003046935315378734e-05 1.008582128539117176e-05 1.107725708424043918e-05
1.085959614968603366e-05 1.120231317407145911e-05 1.117079109636039107e-05
1.167603834275814537e-05 7.185997371660568164e-06 1.121867499858940871e-05
1.250455644877972102e-05 3.109306763912315574e-06 5.663152838671706090e-06
1.112697821642679291e-05 1.043535238641429307e-05 4.007678473542600754e-05
1.047424645796194216e-05 9.488776834580130463e-06 5.779336911956074509e-06
9.044832229154939386e-06 5.317409127382391201e-06 5.837871348606534329e-06
1.065114265447050680e-05 1.177900842437307679e-05 0.000000000000000000e+00
6.145610825623697318e-06 6.467822407702251941e-06 5.918345384778491925e-06
9.268285822016448828e-06 9.801610564762209467e-06 5.989459711442040307e-06
1.013103853546665564e-05 8.783176255086565899e-06 1.807756624184997827e-05
1.180215743764982920e-05 3.320465537151237353e-06 6.059005812002179672e-06
6.339153737751992052e-06 1.340289361037164284e-05 1.222385910302130495e-05
5.604608983229275475e-06 4.497276847279865289e-06 6.183187166621325531e-06
1.289448670531182619e-05 3.404287065576748697e-06 2.486785484353102205e-05
8.944876384979190835e-06 6.875037906407004731e-06 0.000000000000000000e+00
5.729397838298422980e-06 5.766885851061193290e-06 0.000000000000000000e+00
6.604073305245631137e-06 6.977568519030034682e-06 1.272117700980526680e-05
1.330972498562696799e-05 5.858971504569222350e-06 0.000000000000000000e+00
7.566568729938085674e-06 5.908102394106560371e-06 0.000000000000000000e+00
1.014565449299222604e-05 5.954805269491512560e-06 6.534284988892419115e-06
1.107141093992679928e-05 1.080349151770682996e-05 1.315983152852894899e-05
5.158103785361117539e-06 4.843943886899177636e-06 6.613160650219663424e-06
6.055485623937241030e-06 7.319858079425558750e-06 6.709274837498990035e-06
5.231027569783330067e-06 6.135388937894245450e-06 0.000000000000000000e+00
7.916487018589624352e-06 7.423720206820234935e-06 6.791306121700076292e-06
6.202979365092602037e-06 4.988849242041045626e-06 1.368619365126359780e-05
8.032206677913885360e-06 6.299640037902800826e-06 6.878081572508422120e-06
6.304596152118144339e-06 7.605595757486874788e-06 0.000000000000000000e+00
9.066471302019376527e-06 8.928424195299090434e-06 1.398429654039525843e-05
1.823739229977286186e-06 5.140186869500173852e-06 0.000000000000000000e+00
7.373629690917705915e-06 3.888527715405391632e-06 7.128738043863692466e-06
5.557243727533542491e-06 6.529919732687744957e-06 2.146195317685964957e-05
5.607552246538480964e-06 2.633583636150050202e-06 0.000000000000000000e+00
6.593464917486306348e-06 5.300152906358791870e-06 0.000000000000000000e+00
5.687832247417178731e-06 2.665421033368805229e-06 2.198258671104270231e-05
8.598681481775214287e-06 1.344912830807846648e-06 0.000000000000000000e+00
3.859700076674999215e-06 0.000000000000000000e+00 7.430150085057250654e-06
2.909103360909827876e-06 6.830847122281728599e-06 7.494283831145780171e-06
4.885206620121246118e-06 2.754772193286783867e-06 0.000000000000000000e+00
3.938519661746484763e-06 6.937547726293919351e-06 1.515747696856217114e-05
2.980111750239620661e-06 1.396728957243868848e-06 0.000000000000000000e+00
1.992745390870815203e-06 7.039342088869362309e-06 0.000000000000000000e+00
7.043422113372610896e-06 4.254595106672415123e-06 7.751320693731509731e-06
9.128323124471428833e-06 2.853438755960473261e-06 7.834941013221578479e-06
5.106825079640262874e-06 5.754058966275654283e-06 0.000000000000000000e+00
6.169067566092874009e-06 4.353572930986812840e-06 0.000000000000000000e+00
7.250083513539894631e-06 1.454524272147382002e-06 7.982927912286014093e-06
1.040474192595234204e-06 0.000000000000000000e+00 8.044806401443468618e-06
3.151516213713552909e-06 4.440645610263876551e-06 1.626921770283909632e-05
5.287122150276023310e-06 5.965395069581247873e-06 8.160027025820927287e-06
3.195862507088448259e-06 1.500333264116867488e-06 0.000000000000000000e+00
2.145034782195246991e-06 3.029110922503107878e-06 0.000000000000000000e+00
5.399466550473656305e-06 0.000000000000000000e+00 1.669920380303026243e-05
4.348805291251110124e-06 3.067103762260340788e-06 0.000000000000000000e+00
4.385339115561996916e-06 6.176239024415945212e-06 0.000000000000000000e+00
3.310241039684378465e-06 1.553740758282507602e-06 0.000000000000000000e+00
2.224510234369178576e-06 6.251222115061973415e-06 8.562642492907526727e-06
8.957756655635072289e-06 3.155506222760446299e-06 0.000000000000000000e+00
4.518424662949529553e-06 3.165068357304523883e-06 1.741313648364384550e-05
3.411072696170458072e-06 4.798850999946950368e-06 8.786773479025888211e-06
2.287011939308796113e-06 0.000000000000000000e+00 0.000000000000000000e+00
4.608985744086468723e-06 4.862912435500670970e-06 0.000000000000000000e+00
2.316393002847103452e-06 1.632288443300934849e-06 0.000000000000000000e+00
3.503654518599347372e-06 1.646898940378512160e-06 8.999222483296107140e-06
3.525096799499993665e-06 4.958909691989571410e-06 9.074666922929540508e-06
4.733031785361092515e-06 4.989630893128793678e-06 0.000000000000000000e+00
4.752704445352354025e-06 5.023580469877564934e-06 9.170028210935524097e-06
8.387093937123609269e-06 3.379544754017326832e-06 0.000000000000000000e+00
0.000000000000000000e+00 1.696070747640656787e-06 0.000000000000000000e+00
4.851346072344697391e-06 6.828033782118969627e-06 0.000000000000000000e+00
7.338269763671104428e-06 6.879641284947142500e-06 0.000000000000000000e+00
1.228044013409730194e-06 1.730011686535177432e-06 9.516456910748909300e-06
1.235157470966851619e-06 0.000000000000000000e+00 0.000000000000000000e+00
0.000000000000000000e+00 1.756489907911260022e-06 0.000000000000000000e+00
3.758119239782818192e-06 7.076458560029782052e-06 0.000000000000000000e+00
1.260870581022378588e-06 7.116073971391503776e-06 0.000000000000000000e+00
5.092676834623052020e-06 5.359208271987193513e-06 0.000000000000000000e+00
1.282555514712196311e-06 0.000000000000000000e+00 0.000000000000000000e+00
2.575352382026403500e-06 3.630341175862130213e-06 0.000000000000000000e+00
3.887699394503125907e-06 1.829172609448670866e-06 9.986647504432853925e-06
5.214044506074077110e-06 1.839006223681874134e-06 2.013223786220915323e-05
1.314761337696256352e-06 0.000000000000000000e+00 0.000000000000000000e+00
1.317100918895896375e-06 1.862525696033852936e-06 0.000000000000000000e+00
2.659004713390404180e-06 3.744896936930162275e-06 2.053751674119742214e-05
1.337913711688057154e-06 1.880026317521834196e-06 0.000000000000000000e+00
2.691014444737945726e-06 3.782368157890233314e-06 0.000000000000000000e+00
1.352444208064247261e-06 5.723353576295249708e-06 0.000000000000000000e+00
2.725599661466030052e-06 5.747737760624119932e-06 0.000000000000000000e+00
0.000000000000000000e+00 3.851150106069931602e-06 2.122546890784355109e-05
0.000000000000000000e+00 1.944573953681412007e-06 1.063912443367466717e-05
1.388942103463811208e-06 1.951330130588682061e-06 0.000000000000000000e+00
2.787507340323636827e-06 1.961002136247724172e-06 0.000000000000000000e+00
2.812327745326118177e-06 0.000000000000000000e+00 0.000000000000000000e+00
1.409966798311235371e-06 0.000000000000000000e+00 0.000000000000000000e+00
2.847332076094202485e-06 1.999440318663547616e-06 0.000000000000000000e+00
4.289616877085453448e-06 0.000000000000000000e+00 0.000000000000000000e+00
0.000000000000000000e+00 0.000000000000000000e+00 0.000000000000000000e+00
0.000000000000000000e+00 2.040226622552132260e-06 0.000000000000000000e+00
1.457761863954413730e-06 2.048136386388995634e-06 0.000000000000000000e+00
0.000000000000000000e+00 4.129990890899372005e-06 2.260000130955459061e-05
1.478236292563387689e-06 2.076439287225766506e-06 0.000000000000000000e+00
1.479653585188196188e-06 0.000000000000000000e+00 0.000000000000000000e+00
1.489593648508426800e-06 2.097919120090172341e-06 0.000000000000000000e+00
3.007703095598005602e-06 0.000000000000000000e+00 0.000000000000000000e+00
0.000000000000000000e+00 0.000000000000000000e+00 1.164964142442853996e-05
1.523566842865780654e-06 2.137670136796996137e-06 1.171605254744855759e-05
1.528605803707217503e-06 0.000000000000000000e+00 0.000000000000000000e+00
1.537263376791726785e-06 2.159463562626094560e-06 0.000000000000000000e+00
1.544496696422772010e-06 0.000000000000000000e+00 0.000000000000000000e+00
0.000000000000000000e+00 4.378072695185531777e-06 0.000000000000000000e+00
3.135880155237317482e-06 0.000000000000000000e+00 0.000000000000000000e+00
1.574696400099465811e-06 0.000000000000000000e+00 0.000000000000000000e+00
0.000000000000000000e+00 0.000000000000000000e+00 0.000000000000000000e+00
1.595605307504374346e-06 2.243079456320659758e-06 0.000000000000000000e+00
1.605188501023773043e-06 2.252929449599292808e-06 0.000000000000000000e+00
6.436639824743424685e-06 0.000000000000000000e+00 0.000000000000000000e+00
1.624069642641959529e-06 2.284176364297034446e-06 0.000000000000000000e+00
0.000000000000000000e+00 2.296735385934501274e-06 0.000000000000000000e+00
1.641194384680800417e-06 0.000000000000000000e+00 0.000000000000000000e+00
3.293596976819469801e-06 0.000000000000000000e+00 0.000000000000000000e+00
8.284172652608334540e-06 0.000000000000000000e+00 0.000000000000000000e+00
1.667049894615227374e-06 0.000000000000000000e+00 0.000000000000000000e+00
3.351430851928411642e-06 4.712129573483561556e-06 0.000000000000000000e+00
1.687425598300707532e-06 2.377608566627532253e-06 1.299329233933970936e-05
0.000000000000000000e+00 0.000000000000000000e+00 0.000000000000000000e+00
1.706402345202715965e-06 0.000000000000000000e+00 0.000000000000000000e+00
5.148173547844751011e-06 0.000000000000000000e+00 0.000000000000000000e+00
1.727399324067749142e-06 2.427989314819519065e-06 0.000000000000000000e+00
1.731230750913743984e-06 2.444179463229253673e-06 0.000000000000000000e+00
1.745443935369023110e-06 2.452836207181786602e-06 0.000000000000000000e+00
0.000000000000000000e+00 0.000000000000000000e+00 1.351494732598631187e-05
1.760101742754679950e-06 0.000000000000000000e+00 0.000000000000000000e+00
3.543434147601497705e-06 0.000000000000000000e+00 0.000000000000000000e+00
0.000000000000000000e+00 2.514410149932744514e-06 0.000000000000000000e+00
0.000000000000000000e+00 2.521542835663521962e-06 0.000000000000000000e+00
0.000000000000000000e+00 0.000000000000000000e+00 0.000000000000000000e+00
0.000000000000000000e+00 0.000000000000000000e+00 0.000000000000000000e+00
3.635941841449612546e-06 0.000000000000000000e+00 0.000000000000000000e+00
1.832732047605310431e-06 0.000000000000000000e+00 0.000000000000000000e+00
0.000000000000000000e+00 0.000000000000000000e+00 0.000000000000000000e+00
0.000000000000000000e+00 0.000000000000000000e+00 0.000000000000000000e+00
0.000000000000000000e+00 0.000000000000000000e+00 0.000000000000000000e+00
1.866014146276169027e-06 0.000000000000000000e+00 0.000000000000000000e+00
0.000000000000000000e+00 0.000000000000000000e+00 0.000000000000000000e+00
0.000000000000000000e+00 0.000000000000000000e+00 0.000000000000000000e+00
0.000000000000000000e+00 0.000000000000000000e+00 0.000000000000000000e+00
1.912467490973937461e-06 0.000000000000000000e+00 0.000000000000000000e+00
0.000000000000000000e+00 0.000000000000000000e+00 0.000000000000000000e+00
0.000000000000000000e+00 0.000000000000000000e+00 0.000000000000000000e+00
0.000000000000000000e+00 0.000000000000000000e+00 0.000000000000000000e+00
0.000000000000000000e+00 0.000000000000000000e+00 0.000000000000000000e+00
1.960307738337261423e-06 2.762014242023452413e-06 0.000000000000000000e+00
3.949222742241972686e-06 0.000000000000000000e+00 0.000000000000000000e+00
1.980347263709528946e-06 0.000000000000000000e+00 1.533111487551382492e-05
1.992666657107668117e-06 0.000000000000000000e+00 0.000000000000000000e+00
0.000000000000000000e+00 0.000000000000000000e+00 0.000000000000000000e+00
0.000000000000000000e+00 2.837222753765525903e-06 0.000000000000000000e+00
2.023632264156866402e-06 0.000000000000000000e+00 0.000000000000000000e+00
0.000000000000000000e+00 0.000000000000000000e+00 0.000000000000000000e+00
2.047325800132564747e-06 0.000000000000000000e+00 1.574596810994044536e-05
0.000000000000000000e+00 0.000000000000000000e+00 0.000000000000000000e+00
0.000000000000000000e+00 0.000000000000000000e+00 0.000000000000000000e+00
0.000000000000000000e+00 2.918755579591112764e-06 0.000000000000000000e+00
2.080392219225291982e-06 2.937096673264298748e-06 0.000000000000000000e+00
0.000000000000000000e+00 0.000000000000000000e+00 0.000000000000000000e+00
4.213903370803191954e-06 0.000000000000000000e+00 0.000000000000000000e+00
0.000000000000000000e+00 0.000000000000000000e+00 0.000000000000000000e+00
0.000000000000000000e+00 0.000000000000000000e+00 0.000000000000000000e+00
0.000000000000000000e+00 0.000000000000000000e+00 0.000000000000000000e+00
0.000000000000000000e+00 0.000000000000000000e+00 0.000000000000000000e+00
0.000000000000000000e+00 0.000000000000000000e+00 1.663188494073400398e-05
0.000000000000000000e+00 0.000000000000000000e+00 0.000000000000000000e+00
0.000000000000000000e+00 0.000000000000000000e+00 0.000000000000000000e+00
0.000000000000000000e+00 0.000000000000000000e+00 0.000000000000000000e+00
0.000000000000000000e+00 0.000000000000000000e+00 0.000000000000000000e+00
0.000000000000000000e+00 0.000000000000000000e+00 0.000000000000000000e+00
2.228335464379906788e-06 0.000000000000000000e+00 0.000000000000000000e+00
4.468421635190010760e-06 0.000000000000000000e+00 0.000000000000000000e+00
0.000000000000000000e+00 0.000000000000000000e+00 0.000000000000000000e+00
2.256695217311348816e-06 0.000000000000000000e+00 0.000000000000000000e+00
2.265018861618735585e-06 0.000000000000000000e+00 0.000000000000000000e+00
0.000000000000000000e+00 0.000000000000000000e+00 0.000000000000000000e+00
0.000000000000000000e+00 0.000000000000000000e+00 0.000000000000000000e+00
2.300675770073283848e-06 0.000000000000000000e+00 0.000000000000000000e+00
0.000000000000000000e+00 0.000000000000000000e+00 0.000000000000000000e+00
0.000000000000000000e+00 0.000000000000000000e+00 0.000000000000000000e+00
0.000000000000000000e+00 0.000000000000000000e+00 0.000000000000000000e+00
2.345526956968136407e-06 0.000000000000000000e+00 0.000000000000000000e+00
0.000000000000000000e+00 0.000000000000000000e+00 0.000000000000000000e+00
0.000000000000000000e+00 0.000000000000000000e+00 0.000000000000000000e+00
0.000000000000000000e+00 0.000000000000000000e+00 0.000000000000000000e+00
0.000000000000000000e+00 0.000000000000000000e+00 0.000000000000000000e+00
0.000000000000000000e+00 0.000000000000000000e+00 0.000000000000000000e+00
0.000000000000000000e+00 0.000000000000000000e+00 0.000000000000000000e+00
2.426987051746387168e-06 0.000000000000000000e+00 0.000000000000000000e+00
2.440623060418291322e-06 0.000000000000000000e+00 0.000000000000000000e+00
0.000000000000000000e+00 0.000000000000000000e+00 0.000000000000000000e+00
2.455666790575602160e-06 0.000000000000000000e+00 0.000000000000000000e+00
0.000000000000000000e+00 0.000000000000000000e+00 0.000000000000000000e+00
0.000000000000000000e+00 0.000000000000000000e+00 0.000000000000000000e+00
0.000000000000000000e+00 3.505620842221394458e-06 0.000000000000000000e+00
2.502918741807333262e-06 0.000000000000000000e+00 0.000000000000000000e+00
0.000000000000000000e+00 0.000000000000000000e+00 0.000000000000000000e+00
0.000000000000000000e+00 0.000000000000000000e+00 0.000000000000000000e+00
0.000000000000000000e+00 0.000000000000000000e+00 0.000000000000000000e+00
0.000000000000000000e+00 3.593563314566084298e-06 0.000000000000000000e+00
0.000000000000000000e+00 0.000000000000000000e+00 0.000000000000000000e+00
2.576745141974608806e-06 0.000000000000000000e+00 0.000000000000000000e+00
0.000000000000000000e+00 0.000000000000000000e+00 0.000000000000000000e+00
0.000000000000000000e+00 0.000000000000000000e+00 0.000000000000000000e+00
0.000000000000000000e+00 0.000000000000000000e+00 0.000000000000000000e+00
5.234718464289819204e-06 3.693219374827376527e-06 0.000000000000000000e+00
0.000000000000000000e+00 0.000000000000000000e+00 0.000000000000000000e+00
0.000000000000000000e+00 0.000000000000000000e+00 0.000000000000000000e+00
0.000000000000000000e+00 0.000000000000000000e+00 0.000000000000000000e+00
0.000000000000000000e+00 0.000000000000000000e+00 0.000000000000000000e+00
0.000000000000000000e+00 0.000000000000000000e+00 0.000000000000000000e+00
0.000000000000000000e+00 0.000000000000000000e+00 2.082607476822461484e-05
0.000000000000000000e+00 0.000000000000000000e+00 0.000000000000000000e+00
0.000000000000000000e+00 0.000000000000000000e+00 0.000000000000000000e+00
0.000000000000000000e+00 0.000000000000000000e+00 0.000000000000000000e+00
2.735321477341460338e-06 0.000000000000000000e+00 0.000000000000000000e+00
0.000000000000000000e+00 0.000000000000000000e+00 0.000000000000000000e+00
0.000000000000000000e+00 0.000000000000000000e+00 0.000000000000000000e+00
2.778375794229387551e-06 0.000000000000000000e+00 0.000000000000000000e+00
0.000000000000000000e+00 0.000000000000000000e+00 0.000000000000000000e+00
0.000000000000000000e+00 0.000000000000000000e+00 0.000000000000000000e+00
0.000000000000000000e+00 0.000000000000000000e+00 0.000000000000000000e+00
0.000000000000000000e+00 0.000000000000000000e+00 0.000000000000000000e+00
0.000000000000000000e+00 3.996217159452267363e-06 0.000000000000000000e+00
0.000000000000000000e+00 0.000000000000000000e+00 0.000000000000000000e+00
0.000000000000000000e+00 0.000000000000000000e+00 0.000000000000000000e+00
0.000000000000000000e+00 0.000000000000000000e+00 0.000000000000000000e+00
0.000000000000000000e+00 0.000000000000000000e+00 0.000000000000000000e+00
0.000000000000000000e+00 0.000000000000000000e+00 0.000000000000000000e+00
0.000000000000000000e+00 0.000000000000000000e+00 0.000000000000000000e+00
0.000000000000000000e+00 0.000000000000000000e+00 0.000000000000000000e+00
0.000000000000000000e+00 0.000000000000000000e+00 0.000000000000000000e+00
0.000000000000000000e+00 0.000000000000000000e+00 0.000000000000000000e+00
0.000000000000000000e+00 0.000000000000000000e+00 0.000000000000000000e+00
0.000000000000000000e+00 0.000000000000000000e+00 0.000000000000000000e+00
0.000000000000000000e+00 0.000000000000000000e+00 0.000000000000000000e+00
0.000000000000000000e+00 0.000000000000000000e+00 0.000000000000000000e+00
0.000000000000000000e+00 0.000000000000000000e+00 0.000000000000000000e+00
0.000000000000000000e+00 0.000000000000000000e+00 0.000000000000000000e+00
0.000000000000000000e+00 0.000000000000000000e+00 0.000000000000000000e+00
0.000000000000000000e+00 0.000000000000000000e+00 0.000000000000000000e+00
0.000000000000000000e+00 0.000000000000000000e+00 0.000000000000000000e+00
0.000000000000000000e+00 4.326967921452492864e-06 0.000000000000000000e+00
0.000000000000000000e+00 0.000000000000000000e+00 0.000000000000000000e+00
0.000000000000000000e+00 0.000000000000000000e+00 0.000000000000000000e+00
0.000000000000000000e+00 0.000000000000000000e+00 0.000000000000000000e+00
0.000000000000000000e+00 0.000000000000000000e+00 0.000000000000000000e+00
0.000000000000000000e+00 0.000000000000000000e+00 0.000000000000000000e+00
0.000000000000000000e+00 0.000000000000000000e+00 0.000000000000000000e+00
0.000000000000000000e+00 0.000000000000000000e+00 0.000000000000000000e+00
3.175280121969196384e-06 0.000000000000000000e+00 0.000000000000000000e+00
0.000000000000000000e+00 0.000000000000000000e+00 0.000000000000000000e+00
0.000000000000000000e+00 0.000000000000000000e+00 0.000000000000000000e+00
0.000000000000000000e+00 0.000000000000000000e+00 0.000000000000000000e+00
0.000000000000000000e+00 0.000000000000000000e+00 0.000000000000000000e+00
0.000000000000000000e+00 4.571268706789686648e-06 0.000000000000000000e+00
0.000000000000000000e+00 0.000000000000000000e+00 0.000000000000000000e+00
0.000000000000000000e+00 0.000000000000000000e+00 0.000000000000000000e+00
0.000000000000000000e+00 0.000000000000000000e+00 0.000000000000000000e+00
0.000000000000000000e+00 0.000000000000000000e+00 0.000000000000000000e+00
0.000000000000000000e+00 0.000000000000000000e+00 0.000000000000000000e+00
0.000000000000000000e+00 0.000000000000000000e+00 0.000000000000000000e+00
0.000000000000000000e+00 0.000000000000000000e+00 0.000000000000000000e+00
0.000000000000000000e+00 0.000000000000000000e+00 0.000000000000000000e+00
0.000000000000000000e+00 0.000000000000000000e+00 0.000000000000000000e+00
0.000000000000000000e+00 0.000000000000000000e+00 0.000000000000000000e+00
0.000000000000000000e+00 0.000000000000000000e+00 0.000000000000000000e+00
0.000000000000000000e+00 0.000000000000000000e+00 0.000000000000000000e+00
0.000000000000000000e+00 0.000000000000000000e+00 0.000000000000000000e+00
0.000000000000000000e+00 0.000000000000000000e+00 0.000000000000000000e+00
0.000000000000000000e+00 0.000000000000000000e+00 0.000000000000000000e+00
0.000000000000000000e+00 0.000000000000000000e+00 0.000000000000000000e+00
0.000000000000000000e+00 0.000000000000000000e+00 0.000000000000000000e+00
0.000000000000000000e+00 0.000000000000000000e+00 0.000000000000000000e+00
0.000000000000000000e+00 0.000000000000000000e+00 0.000000000000000000e+00
0.000000000000000000e+00 0.000000000000000000e+00 0.000000000000000000e+00
0.000000000000000000e+00 0.000000000000000000e+00 0.000000000000000000e+00
0.000000000000000000e+00 0.000000000000000000e+00 0.000000000000000000e+00
0.000000000000000000e+00 0.000000000000000000e+00 0.000000000000000000e+00
0.000000000000000000e+00 0.000000000000000000e+00 0.000000000000000000e+00
0.000000000000000000e+00 0.000000000000000000e+00 0.000000000000000000e+00
0.000000000000000000e+00 0.000000000000000000e+00 0.000000000000000000e+00
0.000000000000000000e+00 0.000000000000000000e+00 0.000000000000000000e+00
0.000000000000000000e+00 0.000000000000000000e+00 0.000000000000000000e+00
0.000000000000000000e+00 0.000000000000000000e+00 0.000000000000000000e+00
0.000000000000000000e+00 0.000000000000000000e+00 0.000000000000000000e+00
0.000000000000000000e+00 0.000000000000000000e+00 0.000000000000000000e+00
0.000000000000000000e+00 0.000000000000000000e+00 0.000000000000000000e+00
0.000000000000000000e+00 0.000000000000000000e+00 0.000000000000000000e+00
0.000000000000000000e+00 0.000000000000000000e+00 0.000000000000000000e+00
0.000000000000000000e+00 0.000000000000000000e+00 0.000000000000000000e+00
0.000000000000000000e+00 0.000000000000000000e+00 0.000000000000000000e+00
0.000000000000000000e+00 0.000000000000000000e+00 0.000000000000000000e+00
0.000000000000000000e+00 0.000000000000000000e+00 0.000000000000000000e+00
0.000000000000000000e+00 0.000000000000000000e+00 0.000000000000000000e+00
0.000000000000000000e+00 0.000000000000000000e+00 0.000000000000000000e+00
0.000000000000000000e+00 0.000000000000000000e+00 0.000000000000000000e+00
0.000000000000000000e+00 0.000000000000000000e+00 0.000000000000000000e+00
0.000000000000000000e+00 0.000000000000000000e+00 0.000000000000000000e+00
0.000000000000000000e+00 0.000000000000000000e+00 0.000000000000000000e+00
0.000000000000000000e+00 0.000000000000000000e+00 0.000000000000000000e+00
0.000000000000000000e+00 0.000000000000000000e+00 0.000000000000000000e+00
0.000000000000000000e+00 0.000000000000000000e+00 0.000000000000000000e+00
0.000000000000000000e+00 0.000000000000000000e+00 0.000000000000000000e+00
0.000000000000000000e+00 0.000000000000000000e+00 0.000000000000000000e+00
0.000000000000000000e+00 0.000000000000000000e+00 0.000000000000000000e+00
0.000000000000000000e+00 0.000000000000000000e+00 0.000000000000000000e+00
0.000000000000000000e+00 0.000000000000000000e+00 0.000000000000000000e+00
0.000000000000000000e+00 0.000000000000000000e+00 0.000000000000000000e+00
0.000000000000000000e+00 0.000000000000000000e+00 0.000000000000000000e+00
0.000000000000000000e+00 0.000000000000000000e+00 0.000000000000000000e+00
0.000000000000000000e+00 0.000000000000000000e+00 0.000000000000000000e+00
0.000000000000000000e+00 0.000000000000000000e+00 0.000000000000000000e+00
0.000000000000000000e+00 0.000000000000000000e+00 0.000000000000000000e+00
0.000000000000000000e+00 0.000000000000000000e+00 0.000000000000000000e+00
0.000000000000000000e+00 0.000000000000000000e+00 0.000000000000000000e+00
0.000000000000000000e+00 0.000000000000000000e+00 0.000000000000000000e+00
0.000000000000000000e+00 0.000000000000000000e+00 0.000000000000000000e+00
0.000000000000000000e+00 0.000000000000000000e+00 0.000000000000000000e+00
0.000000000000000000e+00 0.000000000000000000e+00 0.000000000000000000e+00
0.000000000000000000e+00 0.000000000000000000e+00 0.000000000000000000e+00
0.000000000000000000e+00 0.000000000000000000e+00 0.000000000000000000e+00
0.000000000000000000e+00 0.000000000000000000e+00 0.000000000000000000e+00
0.000000000000000000e+00 0.000000000000000000e+00 0.000000000000000000e+00
0.000000000000000000e+00 0.000000000000000000e+00 0.000000000000000000e+00
0.000000000000000000e+00 5.959899481396708326e-06 0.000000000000000000e+00
0.000000000000000000e+00 0.000000000000000000e+00 0.000000000000000000e+00
0.000000000000000000e+00 0.000000000000000000e+00 0.000000000000000000e+00
0.000000000000000000e+00 0.000000000000000000e+00 0.000000000000000000e+00
0.000000000000000000e+00 0.000000000000000000e+00 0.000000000000000000e+00
0.000000000000000000e+00 0.000000000000000000e+00 0.000000000000000000e+00
0.000000000000000000e+00 0.000000000000000000e+00 0.000000000000000000e+00
0.000000000000000000e+00 0.000000000000000000e+00 0.000000000000000000e+00
0.000000000000000000e+00 0.000000000000000000e+00 0.000000000000000000e+00
0.000000000000000000e+00 0.000000000000000000e+00 0.000000000000000000e+00
0.000000000000000000e+00 0.000000000000000000e+00 0.000000000000000000e+00
0.000000000000000000e+00 0.000000000000000000e+00 0.000000000000000000e+00
0.000000000000000000e+00 0.000000000000000000e+00 0.000000000000000000e+00
0.000000000000000000e+00 0.000000000000000000e+00 0.000000000000000000e+00
0.000000000000000000e+00 0.000000000000000000e+00 0.000000000000000000e+00
0.000000000000000000e+00 0.000000000000000000e+00 0.000000000000000000e+00
0.000000000000000000e+00 0.000000000000000000e+00 0.000000000000000000e+00
0.000000000000000000e+00 0.000000000000000000e+00 0.000000000000000000e+00
0.000000000000000000e+00 0.000000000000000000e+00 0.000000000000000000e+00
0.000000000000000000e+00 0.000000000000000000e+00 0.000000000000000000e+00
0.000000000000000000e+00 0.000000000000000000e+00 0.000000000000000000e+00
