2.319335095401321878e-08 1.606166926694284910e-08 1.192157665241455455e-09
1.669100530034248031e-07 1.193825084609524907e-07 1.810157422780001721e-08
4.542908973501511896e-07 3.325702870334855963e-07 7.538386181850333633e-08
8.786246935998793667e-07 6.603052606452892596e-07 1.896284308558574230e-07
1.433061320846705536e-06 1.103462924941749099e-06 3.854459935536965673e-07
2.117680968617877989e-06 1.666961732851791977e-06 6.675515057991193891e-07
2.914339478474866623e-06 2.343739011690548118e-06 1.036141689626921534e-06
3.829139041637741228e-06 3.131515805357639811e-06 1.570143998244801575e-06
4.833533748801560402e-06 4.028316421387167957e-06 2.151059360987370637e-06
5.968221966673311725e-06 5.036666095428629090e-06 2.861888353505961228e-06
7.164287701909357125e-06 6.133027734176770270e-06 3.708217907887042733e-06
8.433136503376461836e-06 7.323523125110133959e-06 4.665843525989122398e-06
9.796864121302374602e-06 8.617902687924988998e-06 5.713390822356463824e-06
1.122089317684783194e-05 9.975747485827742868e-06 6.847660298769871922e-06
1.269484725250119181e-05 1.137506920200665390e-05 8.220536603748969623e-06
1.416552217510164291e-05 1.289521701918233466e-05 9.490038934378432060e-06
1.580226052956473778e-05 1.445716871974566594e-05 1.095237786155520596e-05
1.739492125120550904e-05 1.605630793794150698e-05 1.241426318078982068e-05
1.908554200447496352e-05 1.774200663381459195e-05 1.390620857587055444e-05
2.069362500980919000e-05 1.943740470354732668e-05 1.563794085340236488e-05
2.246171127951935017e-05 2.114079758157185365e-05 1.731728690885768156e-05
2.409655014499388921e-05 2.289867317016186938e-05 1.916369801222359890e-05
2.588219799098117485e-05 2.460995890849175543e-05 2.093739033822321347e-05
2.761639726579040807e-05 2.662579309993794727e-05 2.286554190922252165e-05
2.926128084572129893e-05 2.838222621489763420e-05 2.461593731675772552e-05
3.090318394891181298e-05 3.018449625211561742e-05 2.663264304271091882e-05
3.252803046865450668e-05 3.187026557426879858e-05 2.841489337879713080e-05
3.438382945266673339e-05 3.366916398984625791e-05 3.029589841084372260e-05
3.593343245619717120e-05 3.530682909722420164e-05 3.237955126301177703e-05
3.775046313917340446e-05 3.712987887797275505e-05 3.416622392315100861e-05
3.931831446784533061e-05 3.891242534639215058e-05 3.612207375502947241e-05
4.084160681505747569e-05 4.077651346062869422e-05 3.868267544072633295e-05
4.229946542344871241e-05 4.259249741442537167e-05 3.995463522656473291e-05
4.401257031086690973e-05 4.416285147091848675e-05 4.221016134277880876e-05
4.553618675011606885e-05 4.565070990760885860e-05 4.355426091664488768e-05
4.690384543400413694e-05 4.721468035475265751e-05 4.520784435611000987e-05
4.848685652509561694e-05 4.891949017523828671e-05 4.737436150409055552e-05
4.966951731416979467e-05 5.029429119808505756e-05 4.949878144058078838e-05
5.097164109931994988e-05 5.194006319387313588e-05 5.139100616373144109e-05
5.228172734881731402e-05 5.340621483922609734e-05 5.220110098104877629e-05
5.385203383302683973e-05 5.491164331630945373e-05 5.403380282571966341e-05
5.470540246207797910e-05 5.604957892429753697e-05 5.568848839290616764e-05
5.601357462766987658e-05 5.758027045549777418e-05 5.743499082116332858e-05
5.710766254813550970e-05 5.873008730223370171e-05 5.799883404020859717e-05
5.838792948467564373e-05 6.000360254272800724e-05 5.970335780520420792e-05
5.931212464294508490e-05 6.082101357509681576e-05 6.135557110029681200e-05
5.999874444627990714e-05 6.206536736235187905e-05 6.254845848780792538e-05
6.105302081729859539e-05 6.306625874408591272e-05 6.413741754117550291e-05
6.208649856129310840e-05 6.388740071486961815e-05 6.484728952203106227e-05
6.281862482249445112e-05 6.510780054649453123e-05 6.587791274712357585e-05
6.369697966859099575e-05 6.611039210108619391e-05 6.633993993872914770e-05
6.450457148812296948e-05 6.682206434635297150e-05 6.802270247287424279e-05
6.534770402286455200e-05 6.764174927197607289e-05 6.957067566220888040e-05
6.590155219779473747e-05 6.871226322849211963e-05 7.098548825516671069e-05
6.656497566704896486e-05 6.887492928027156690e-05 6.979531387851762398e-05
6.699649533681115317e-05 6.930573073567464876e-05 7.094745092932297178e-05
6.776104780550649205e-05 7.033005847219190416e-05 7.359845200140233980e-05
6.798750712411223273e-05 7.090717172316573407e-05 7.270924425792849716e-05
6.892927840450438276e-05 7.165897049618224850e-05 7.334990280416133618e-05
6.888480749202184280e-05 7.165557192059159182e-05 7.460256525962643409e-05
6.950994061419455349e-05 7.210691242001411290e-05 7.379104549014547628e-05
6.960945341856512186e-05 7.211916080787473897e-05 7.560851450981944549e-05
7.026897322438545204e-05 7.280959573240843182e-05 7.591387140068765402e-05
7.040117575910439271e-05 7.300639800752544123e-05 7.694013027626853802e-05
7.054779637730699583e-05 7.309789143094772978e-05 7.515006802961450441e-05
7.083359549859272923e-05 7.371084392247107377e-05 7.642140648808728217e-05
7.114748394753604537e-05 7.352566733734656795e-05 7.718070353842551828e-05
7.109441507214959142e-05 7.386198644234111710e-05 7.670310253842375675e-05
7.117318900491281287e-05 7.384794847141512239e-05 7.702739890592424953e-05
7.104019986647559435e-05 7.385742564915996947e-05 7.647815827158748153e-05
7.098817614656302577e-05 7.381874342795263875e-05 7.842817631474019425e-05
7.117456022111784766e-05 7.391019660981844807e-05 7.780252554165558853e-05
7.098869759259290857e-05 7.455690578107223990e-05 7.610510150371427838e-05
7.125471665385808926e-05 7.408878568157109881e-05 7.711060989843568163e-05
7.089798932848044870e-05 7.404393728735358840e-05 7.808280225231803277e-05
7.098719723122086053e-05 7.361455729631921705e-05 7.734583987980803404e-05
7.017214307948268798e-05 7.317715344167402016e-05 7.699882813192265277e-05
7.057954799919497521e-05 7.292262854361334702e-05 7.726202122845804432e-05
7.016890574423888412e-05 7.320253320769497859e-05 7.531918826340256335e-05
6.967445826480832727e-05 7.251645571366077203e-05 7.521972782043080826e-05
7.024163360904579865e-05 7.209617840310836247e-05 7.672154310176517919e-05
7.037470542737913628e-05 7.185403352569869008e-05 7.600842800700575411e-05
6.928825658316323602e-05 7.167812644624140385e-05 7.418467695684270757e-05
6.933844394520112260e-05 7.122042701175042105e-05 7.510790940508371965e-05
6.835750375087316488e-05 7.124175741093031133e-05 7.635880407972378699e-05
6.801646728580383583e-05 7.056045514710577050e-05 7.262112412308692542e-05
6.839926531289361000e-05 7.057308428723293124e-05 7.377291075817930669e-05
6.774915715083422061e-05 7.001340178740878592e-05 7.329214084704058945e-05
6.729197709085328507e-05 6.910896102231712114e-05 7.291765751623458100e-05
6.676610818043430065e-05 6.937875329836360025e-05 7.296816590579082459e-05
6.729174177406986492e-05 6.772811580848961486e-05 7.053632806310457205e-05
6.610854589451334740e-05 6.811927345370273189e-05 7.205058968120091225e-05
6.593416682333805778e-05 6.820630181999245100e-05 6.932651814057601075e-05
6.559808201221291617e-05 6.687147412339061714e-05 6.910391678024891706e-05
6.520835965029012971e-05 6.647152986354069252e-05 6.957908501035340394e-05
6.416476648738687069e-05 6.590283332912530282e-05 7.029569391825556970e-05
6.404218716532813864e-05 6.575869494185169377e-05 6.871425932218989464e-05
6.335104819918941483e-05 6.436110147702077226e-05 6.702101744152091857e-05
6.352458426823288581e-05 6.519369404559064969e-05 6.811757902616527029e-05
6.273625876425808514e-05 6.409896668180190265e-05 6.653783124950167591e-05
6.192352138521678971e-05 6.295005860366006359e-05 6.665065251878353372e-05
6.170758059112518195e-05 6.352695503369275515e-05 6.393765722533617339e-05
6.078570274825790290e-05 6.213167020735127825e-05 6.553741269911426894e-05
5.990262927120909147e-05 6.129229623317618151e-05 6.255490251127163333e-05
6.033867265397059332e-05 6.109260180392021833e-05 6.357345400972572505e-05
5.874377909727345419e-05 6.099961113080941356e-05 6.304623301744665255e-05
5.886125207363969637e-05 6.065859220621249565e-05 6.161785727899494721e-05
5.792122236229673760e-05 5.893577841366309409e-05 6.185245448887016664e-05
5.768405957350679792e-05 5.843816520003052007e-05 5.825486427849538512e-05
5.738879920408591310e-05 5.742819617795328322e-05 5.884187103993377880e-05
5.659957063411425897e-05 5.786342562855594418e-05 5.915051063237185698e-05
5.629271602963769065e-05 5.674226829325431206e-05 5.786739187814026917e-05
5.507621694250963717e-05 5.627351081608662889e-05 5.654105115941673615e-05
5.450456485440093594e-05 5.533688143599815808e-05 5.796231161100296348e-05
5.407013106340608855e-05 5.476755337724081943e-05 5.478043884896657996e-05
5.367477188677416492e-05 5.355150167672291913e-05 5.753256145932634868e-05
5.317455033901796502e-05 5.391862945822844801e-05 5.575290780150292592e-05
5.264636936178213050e-05 5.272749927760057793e-05 5.508339831043248928e-05
5.173898138788007823e-05 5.274214224152653141e-05 5.227053162625199201e-05
5.159106305791028078e-05 5.104177814244025501e-05 5.175261490355939430e-05
5.129019744707760724e-05 5.059478824215658165e-05 5.239344841877275385e-05
5.038945219069366376e-05 5.006910000071317269e-05 5.083382426639124533e-05
5.012450026271439478e-05 4.911691620715877445e-05 5.183326628303145577e-05
4.924922541581242208e-05 4.853628841932288666e-05 5.048151670829432899e-05
4.884794639489580242e-05 4.857953596125372107e-05 4.941199516287893365e-05
4.735977714970613847e-05 4.788365652434066537e-05 4.779034488713352919e-05
4.807900350839876995e-05 4.822485098790117687e-05 4.965189858831546061e-05
4.745681535899890619e-05 4.715284851117180511e-05 5.093138797934257281e-05
4.698034169660059405e-05 4.691055636527381468e-05 4.824159579623060333e-05
4.606277427186698570e-05 4.628909254809860312e-05 4.640996737471679903e-05
4.515496190242208896e-05 4.590215669869631798e-05 4.509327667334941578e-05
4.578151468936943994e-05 4.431166403473467934e-05 4.462293053610204453e-05
4.495077767974328328e-05 4.416142640955039603e-05 4.459489909145287963e-05
4.387037613377152743e-05 4.341751977961276444e-05 4.305241082320627165e-05
4.394694637048832510e-05 4.321692079053777845e-05 4.158475752362071561e-05
4.307623630985455679e-05 4.277843290765877932e-05 4.286555985589491719e-05
4.205463187265660901e-05 4.209307568649062214e-05 4.403962957160517872e-05
4.167419081555132201e-05 4.131035164540176457e-05 4.084474575685552444e-05
4.090961190297074106e-05 4.107121921735002921e-05 3.785220660012671878e-05
4.060059505864807865e-05 3.937230623201780008e-05 4.037375879426514740e-05
4.014263168477115082e-05 3.917594384412710558e-05 4.011139828569171571e-05
3.991077096200096167e-05 3.909760029582174030e-05 3.854248745726790085e-05
3.901890965055348874e-05 3.888222199090559566e-05 4.020735594342687640e-05
3.859577492806870068e-05 3.828003600318549227e-05 3.848144077799334830e-05
3.838899583536813217e-05 3.761618251173117888e-05 3.694101573632094877e-05
3.814091006524511837e-05 3.683470863420381357e-05 3.774551077046272776e-05
3.704089154161056786e-05 3.705220559108063540e-05 3.729103645144232765e-05
3.692252027406099207e-05 3.642228477473716882e-05 3.426456169068461466e-05
3.609226590966476322e-05 3.546042247450791502e-05 3.683773201106745672e-05
3.582105288062925244e-05 3.511035161581757194e-05 3.476064465408307795e-05
3.533849329765451449e-05 3.450256294474355099e-05 3.520368172734990683e-05
3.453592494091557339e-05 3.370027614934550947e-05 3.155529970655469781e-05
3.450447195211064585e-05 3.310783223782861928e-05 3.464563500474889516e-05
3.392730497542785533e-05 3.335835889417420756e-05 3.248637122928734161e-05
3.414037742393056401e-05 3.312991765269475197e-05 3.186959849434860617e-05
3.284843185932418162e-05 3.183316169924851912e-05 3.095721946364043210e-05
3.281646086415434665e-05 3.162368922379544579e-05 2.994415694059132093e-05
3.169520107072856276e-05 3.157229937888846234e-05 3.304600619659956389e-05
3.225441350050642505e-05 3.072575629996795261e-05 2.975126999381007856e-05
3.116896061310483920e-05 3.049930324003252463e-05 3.093555526245729152e-05
3.054169008905427798e-05 3.063285642523217854e-05 2.871531584373784377e-05
2.976125973352334642e-05 2.996172449023256338e-05 3.000028477128172788e-05
2.950584123582052190e-05 2.907683479976728113e-05 2.679354076881340814e-05
2.968773753831185208e-05 2.824806273437394422e-05 2.829297727717822213e-05
2.889090389091243167e-05 2.816186410572760491e-05 2.738499089511426312e-05
2.851399650074806782e-05 2.720767228816864579e-05 2.764396935820247810e-05
2.805370326235826083e-05 2.704399826555440564e-05 2.649738161323043350e-05
2.771761799703143035e-05 2.712963952592346365e-05 2.854525226900535628e-05
2.727319904253325695e-05 2.626830149264649497e-05 2.499714627073622351e-05
2.734323817471380312e-05 2.609834066733894605e-05 2.632249842644449576e-05
2.621411677425143532e-05 2.554420313386003192e-05 2.571613213045259133e-05
2.587522862299996209e-05 2.511237918881731459e-05 2.336224540884690768e-05
2.608341141915599724e-05 2.461353022014750130e-05 2.477771623222099637e-05
2.559219326816746274e-05 2.459491610650857337e-05 2.333051880490736170e-05
2.583412206596536473e-05 2.391662253565890011e-05 2.180561552735019832e-05
2.406050947552682657e-05 2.345150981461991893e-05 2.420581862596225790e-05
2.449710894252768044e-05 2.374593807070677633e-05 2.201308467110431991e-05
2.491121140263213740e-05 2.378782589253239390e-05 2.213175512322757357e-05
2.335376832122518253e-05 2.170222736339432663e-05 2.229710450033981877e-05
2.374722152824292184e-05 2.253197629284255424e-05 2.237303142586541345e-05
2.277465962122276775e-05 2.152430346002256513e-05 2.083383417163425222e-05
2.290265943764518779e-05 2.247675231544381437e-05 2.047841026607226722e-05
2.251144622542131378e-05 2.130228754817505661e-05 1.911017995633559121e-05
2.199545937180135568e-05 2.083870281573414442e-05 1.922837058113915598e-05
2.155980311667692300e-05 2.066630222305667830e-05 1.855076734091610596e-05
2.151564165078273847e-05 1.960690298137760979e-05 2.007920258383455670e-05
2.107675886019152580e-05 1.949708880402741814e-05 1.977077222045130943e-05
2.067283428122097547e-05 1.959102919002582638e-05 1.757189419584106186e-05
2.022852317903149001e-05 1.948004539380711786e-05 1.898167952558696338e-05
1.982597457092518897e-05 1.914569031045031927e-05 1.696476493218019443e-05
1.985072739051787932e-05 1.859820219439288204e-05 1.709649200315659990e-05
1.962360987466249207e-05 1.872237282543053296e-05 1.833349277673993743e-05
1.879530344899278961e-05 1.816359504319918145e-05 1.801391930282173837e-05
1.895018243415783429e-05 1.814606006600366636e-05 1.656348452311737820e-05
1.880208558510673426e-05 1.791722920714537449e-05 1.906212068105289715e-05
1.792159508150050829e-05 1.761985907847517157e-05 1.538634099520605868e-05
1.732237456350910291e-05 1.660343150292032275e-05 1.601672600519444964e-05
1.770635214508270593e-05 1.689214555780507390e-05 1.629352795581254666e-05
1.734743456773651701e-05 1.619205733215618712e-05 1.705838768465557621e-05
1.720187215330224221e-05 1.629695676466242155e-05 1.575077017872164757e-05
1.666315711230477711e-05 1.610689852853729805e-05 1.508195332935686279e-05
1.674708223755452533e-05 1.563396034031918009e-05 1.473663814438345854e-05
1.633849854674676114e-05 1.523216715395738207e-05 1.420528271962177371e-05
1.638525261136215973e-05 1.547815977304984193e-05 1.350023325677873951e-05
1.556470177124747253e-05 1.449397544164336029e-05 1.334063608324554674e-05
1.519128830669065231e-05 1.437021018080531927e-05 1.445981469711923374e-05
1.491459698868234516e-05 1.391186498289390773e-05 1.313603885328108397e-05
1.559780082582118394e-05 1.338527360481483632e-05 1.355745802128172007e-05
1.470865905589493489e-05 1.427924536938689940e-05 1.214297987002794326e-05
1.428452626185616276e-05 1.428131603157187618e-05 1.310433202125930564e-05
1.458172005541170215e-05 1.351887394624585343e-05 1.225739497459540353e-05
1.412451118356285302e-05 1.332001631460490778e-05 1.243618832219730471e-05
1.318774141998968385e-05 1.309488364927179515e-05 1.230830380137017382e-05
1.351932201344510270e-05 1.278124004534397247e-05 1.154858561049851950e-05
1.343510849582690355e-05 1.243970170670974726e-05 1.146588756578926645e-05
1.329001089971743486e-05 1.219440233167116833e-05 1.227572819277215930e-05
1.269671715295155627e-05 1.267147888398950843e-05 1.155081654992160934e-05
1.295896956371622624e-05 1.174277164209905275e-05 1.010491241027953224e-05
1.275734837283518587e-05 1.165932147879589132e-05 1.045858067166919075e-05
1.237247361586631928e-05 1.156143551772202777e-05 9.898277099272259890e-06
1.210549363294814682e-05 1.104117848817213166e-05 1.225117730036183124e-05
1.259086477812209042e-05 1.129169854136543831e-05 1.135249860885131234e-05
1.150138660288166813e-05 1.113106146730939076e-05 1.003228002492941201e-05
1.141500950647169014e-05 1.058994418495455384e-05 9.232497441764284229e-06
1.125978573373762761e-05 1.081266955452086018e-05 1.007737648425255314e-05
1.062016512285021089e-05 1.113882690762423307e-05 9.818902638988759093e-06
1.057084355773502724e-05 1.020828550474946332e-05 9.693533276163147471e-06
9.984086760832857092e-06 1.034922140180103903e-05 1.013230123034555045e-05
1.078823736522842214e-05 9.862598584556526239e-06 9.579573686162598338e-06
1.018176770240697690e-05 1.006614726245390440e-05 9.665102713592122621e-06
1.082274846946923096e-05 9.620311283760772368e-06 8.437366729313934769e-06
1.069229324368202611e-05 9.044210781106646306e-06 1.005375052618754462e-05
9.875234082994185106e-06 8.985973751831464684e-06 7.918737376037190826e-06
1.012051307478632579e-05 9.089937575293964933e-06 8.139470472032156115e-06
9.446366915752306965e-06 8.866959716253101028e-06 8.133646851111482403e-06
9.100012470078642598e-06 9.010787171364824215e-06 8.735731762066450455e-06
9.249946711007009921e-06 8.621958913093158512e-06 7.659505434859392126e-06
9.832808554924519961e-06 8.980503494161419918e-06 8.110917561132063652e-06
8.896676867904327029e-06 8.182070800498140011e-06 8.023257466351748629e-06
9.444184164099524549e-06 8.236642914831641165e-06 8.562926237414734425e-06
8.824717337976708688e-06 7.869895835282156052e-06 7.444948488125959086e-06
8.985348931532913228e-06 8.757849851668906072e-06 6.711701217762856627e-06
8.340546705992722120e-06 7.632442472620306671e-06 6.765109007186421778e-06
7.975562426497334755e-06 7.723349081231860742e-06 7.875149466702417180e-06
7.670984339595963866e-06 6.975933624472491483e-06 7.120305145603106690e-06
7.843684599543479741e-06 7.701386804731580302e-06 7.015943861789181232e-06
7.054316348093973184e-06 7.121659511626464846e-06 6.158526756356535287e-06
7.826040706147407633e-06 7.486517516081426794e-06 6.795497121107272939e-06
7.810767006576998625e-06 6.865287487364810497e-06 7.276009655437535148e-06
7.497717919433887236e-06 6.810093791251312403e-06 6.734424864571335412e-06
7.524878172133089800e-06 7.229349821628481254e-06 6.182472163918829600e-06
7.504408110229344840e-06 6.268452775401022348e-06 4.763385135242526676e-06
6.795124959655996496e-06 6.205946140852126403e-06 6.199274557470535289e-06
7.026173235654142540e-06 6.337077188285472664e-06 6.072380716669598616e-06
7.012250377472813433e-06 6.223512842237970095e-06 4.523528636881490337e-06
7.160174717801548280e-06 5.714786317632586363e-06 5.273739261563742797e-06
6.340629467082044636e-06 6.419866857656773771e-06 7.119278697734993232e-06
6.388917711087093958e-06 6.002431520344750354e-06 5.903702666415894071e-06
6.513077877888826036e-06 5.832947204281487906e-06 4.758848937478688000e-06
6.896480554331875485e-06 5.470797678788083306e-06 4.610272311382159846e-06
5.834033288877931028e-06 5.921912836683428935e-06 4.742237791538084952e-06
5.916461264297456908e-06 5.590033383629704964e-06 4.960019373256033307e-06
6.137179362268452451e-06 5.614637055073014928e-06 5.191177619418600903e-06
5.551651646235974770e-06 5.501339896410303653e-06 5.135370121409134200e-06
6.002222318047967225e-06 5.366204986170515835e-06 5.461534634899560204e-06
5.480856510678992950e-06 4.946770621980964798e-06 3.957895607825058891e-06
5.198009302251065759e-06 5.323545136063006736e-06 4.376071841626670699e-06
5.604761580286757151e-06 5.110907824374821461e-06 5.096944462126734755e-06
5.329110963654866157e-06 4.461281402898070117e-06 4.343809809245116226e-06
5.342346791395979098e-06 4.879133311941542166e-06 4.776370974487174891e-06
5.662624413419822715e-06 4.435293254559496607e-06 3.507679860090342518e-06
4.816815956584197833e-06 5.005743596446127546e-06 4.541338311243811440e-06
4.906873583349363793e-06 4.650264862286325922e-06 5.083332154204242152e-06
4.806310317669747351e-06 4.591035708775898382e-06 4.407068390185100858e-06
4.662147035172868683e-06 4.624184789825007874e-06 5.156525131059970242e-06
5.014419135031987634e-06 3.722894433527465621e-06 3.950449929189507179e-06
4.744540184568361786e-06 3.961089165655989375e-06 3.142082853577529836e-06
4.413317222804711538e-06 4.532214861183275915e-06 4.430739868368024784e-06
4.444913032482831911e-06 4.331217491445583541e-06 4.674012141940068876e-06
4.334782840685689258e-06 4.106896171847597279e-06 2.995522715450684924e-06
4.597049447662890207e-06 4.136703867060728321e-06 3.447764361553540737e-06
4.295763494927909714e-06 4.066755946360322561e-06 2.711069847905044292e-06
4.340305605496789566e-06 4.155184352796119947e-06 2.731982727170824498e-06
4.210818680460516975e-06 4.002514426319875884e-06 3.631522452607894798e-06
4.122048148242504097e-06 3.949777819279628418e-06 2.772054421617920110e-06
3.674063121630566535e-06 3.321014176999806581e-06 5.022124316925202508e-06
3.775068945955039785e-06 3.386758590761734447e-06 2.924987998645471113e-06
3.982419783652340368e-06 4.011733750283592443e-06 3.055768062259966703e-06
3.570456440000599607e-06 3.788643861434901231e-06 3.420483647110587968e-06
3.534250041830205072e-06 3.498842200636204377e-06 3.788193053583870080e-06
3.511363786131035243e-06 3.077541533493623237e-06 2.426632684811043537e-06
3.489854642788214804e-06 3.206215099834317006e-06 2.908566347097811541e-06
3.310024087549961014e-06 3.120244079907436686e-06 2.694956008869158411e-06
3.664115436630711616e-06 3.488136924709469090e-06 3.775366459144396119e-06
3.752476535089224518e-06 3.555826599123045024e-06 4.038471581384189258e-06
3.251328903387692938e-06 3.030141753437042485e-06 2.871438058293759429e-06
3.754580308808719265e-06 2.719187729030201813e-06 3.131079570956666306e-06
3.037048368356498813e-06 3.138638914635504922e-06 3.151712599348750465e-06
2.553951864656508034e-06 3.294475876519363035e-06 2.319008263150360799e-06
2.701456526713953003e-06 2.301369984034993116e-06 2.455940459129164879e-06
3.214502408917291516e-06 2.521912310642462549e-06 2.474513265524646628e-06
2.969446007498565312e-06 2.675547367960401985e-06 3.236509300979649207e-06
3.040371055253859449e-06 2.854251351708706282e-06 3.508557019240891728e-06
2.857524674700193534e-06 2.363108709323116829e-06 2.269033228855646048e-06
2.691233976377428738e-06 2.238402213520164534e-06 2.032453817383324860e-06
2.895857142489322729e-06 2.370724335438405928e-06 2.046258663723786134e-06
2.349407486034494310e-06 2.362933151845275293e-06 2.443896593318797197e-06
2.640347923037703380e-06 2.068910438623656558e-06 2.718226416483509889e-06
2.588373329346117768e-06 2.728504714123412444e-06 2.606308968417321127e-06
2.378059118595970559e-06 2.288647274833039706e-06 1.836484544335340301e-06
2.692927842273537082e-06 2.448781461246766261e-06 2.244924802686094427e-06
1.983259149825800024e-06 2.001057704665002267e-06 1.196472525787580413e-06
2.567236523606591837e-06 2.014204505206729674e-06 2.272499807945785648e-06
2.188746759602242335e-06 2.521825921479506248e-06 2.691868681547632432e-06
2.238805195833519762e-06 1.841198203510259201e-06 1.625421599215538580e-06
2.162268796120227776e-06 1.827799808215878669e-06 2.318255926558001906e-06
2.413054161154090835e-06 2.443630645860017839e-06 1.920678903761753996e-06
2.502608483084528320e-06 2.028333659282437568e-06 2.070579814426858829e-06
2.444173256220344405e-06 2.092116582628426513e-06 1.388236058587513318e-06
1.975439486197531102e-06 2.105339813269337301e-06 2.097661236178893188e-06
2.005277958287449496e-06 2.015323875961898130e-06 1.687862680827323452e-06
1.943937722849309742e-06 1.716561153501864917e-06 1.699294147535553971e-06
1.841207244472314322e-06 1.883713828310859438e-06 8.544276821960371638e-07
1.432915699403869503e-06 1.974387292438202923e-06 1.863328181491826573e-06
1.768260101897385749e-06 1.641226360958856507e-06 1.729124898063729271e-06
1.875835952483801159e-06 1.732322346335940761e-06 1.596804939111745378e-06
1.790097072830535698e-06 1.555115991416084217e-06 4.376287261733107953e-07
1.977941967214388728e-06 1.969362572064688660e-06 7.344205699755450844e-07
1.772960761067347454e-06 1.546490485081979487e-06 1.034600266798114808e-06
1.803584336403448053e-06 1.639311492275545422e-06 7.439241169123233143e-07
1.834443295119761349e-06 1.731257216335271170e-06 7.479381778193024290e-07
1.885675106647292536e-06 1.271543001743504395e-06 9.022104640178133867e-07
1.896981509273229911e-06 1.668984393186548479e-06 1.209940186637575814e-06
1.481790917160297095e-06 1.090853321387320619e-06 1.216539372099661273e-06
1.573169211133657611e-06 1.435127716380915150e-06 1.532857146199134004e-06
1.664180216006610992e-06 1.557103105170082549e-06 2.619286611367086172e-06
1.674922513279004053e-06 1.367090585993581346e-06 1.397417751926606263e-06
1.767304080949159690e-06 1.575989165164462042e-06 1.248733370850643989e-06
1.443315905984536681e-06 1.412060511458371463e-06 7.844027727409983517e-07
1.409297135928146606e-06 1.391590128389726976e-06 1.893946808535920449e-06
1.100065362782092189e-06 1.340778254915310617e-06 6.351774055214666860e-07
1.362538918361230769e-06 1.378495622189938472e-06 1.436911026830964239e-06
1.327695070928665662e-06 8.850818435653542552e-07 1.286072867654511674e-06
1.529345107268088844e-06 1.038515831152973120e-06 1.293064684131268677e-06
1.429467640864628750e-06 1.015227835589716726e-06 1.300565725013163060e-06
1.285663146740342546e-06 1.381707583262658481e-06 9.810102807521813816e-07
1.205645865916757293e-06 1.207849002807104859e-06 1.151583360404719017e-06
1.212457326810609929e-06 6.681792863099986491e-07 8.266773441630617190e-07
1.197148743090035833e-06 9.471603486526365143e-07 8.318626621833315006e-07
1.225892300815709887e-06 1.075266512387779485e-06 1.170113412383926765e-06
1.076013439487098041e-06 8.963334246920124840e-07 3.363832638590046228e-07
1.240371653332316221e-06 1.149882235894375979e-06 1.354878429222221567e-06
1.111429495465011362e-06 1.031214431933480190e-06 5.099835968129292694e-07
1.049520267696826907e-06 8.484100326901436736e-07 1.369599077832927859e-06
9.634809071920901883e-07 6.642337470556228002e-07 8.616059161678736773e-07
1.199734036904474420e-06 9.536311706471376774e-07 1.384437137272066101e-06
1.090513737273613816e-06 9.585449277953895979e-07 5.219040930446546828e-07
6.762422317711821714e-07 7.392592729154893260e-07 1.400687418319475293e-06
8.682617423650746282e-07 1.130742394049358385e-06 0.000000000000000000e+00
1.014086348010301387e-06 1.105618047183929584e-06 1.061612103321509666e-06
1.067287329199380355e-06 8.823061308612338860e-07 5.340796847097034894e-07
9.307992925954316796e-07 7.555260097861956707e-07 1.073975146880350625e-06
9.834460317638475195e-07 9.251698990782414090e-07 7.190367534479290608e-07
6.995311806431150163e-07 9.308090933645456166e-07 7.254015840474849839e-07
9.217856562815216331e-07 8.021194751574853816e-07 5.455174695778661601e-07
9.759515146215330173e-07 7.393022195668311249e-07 9.138335136401177893e-07
9.316982880104537052e-07 1.046861580929858429e-06 1.841621749666345031e-07
5.917795437798961686e-07 8.490665859012841027e-07 7.396652673032599126e-07
9.670590537684971487e-07 8.879756796848644498e-07 7.444646691343985919e-07
7.477098195006686764e-07 7.209342933081933014e-07 3.736066537904450089e-07
7.768195812082461264e-07 7.945900341457709169e-07 9.395085936392740872e-07
7.559618051484647426e-07 5.208610767125179798e-07 5.670867975519706140e-07
8.104429589093748696e-07 5.933127086212849422e-07 5.700620854671928310e-07
8.149478296948440904e-07 6.317715822071434623e-07 5.728409713099329700e-07
6.142857579725245752e-07 4.588061503446424867e-07 1.916703645955628333e-07
6.433968735224357770e-07 7.802648043610511649e-07 5.793648472860971051e-07
6.985295324333934521e-07 5.706669028231269238e-07 7.767982328167456561e-07
6.503743108128836862e-07 8.961234721400994629e-07 3.904235771376239844e-07
8.894854203845431794e-07 7.199298172418706152e-07 9.802416962105541856e-07
5.780840972279785319e-07 4.710453176995956186e-07 1.976600262332883315e-07
6.079468537734707368e-07 6.553734303560882832e-07 3.968200708570901052e-07
5.577783532274591739e-07 5.855928045397566034e-07 1.988690169843568509e-07
7.742578571024150261e-07 4.045677503766187671e-07 8.015002088017272565e-07
6.174644261310154956e-07 6.286109716514124787e-07 1.207242562456399013e-06
5.394936320721696044e-07 4.089193774595491508e-07 0.000000000000000000e+00
4.879770480614182446e-07 4.486151044614593450e-07 2.035728311700693017e-07
5.178429843108240423e-07 6.767293260915847913e-07 6.138488864442311307e-07
5.756734876305538937e-07 4.153889602058546838e-07 4.120181909005934394e-07
6.333758867959929950e-07 6.452385998138445283e-07 6.212825423862725127e-07
4.428252329182445598e-07 6.486436187706416517e-07 8.306796848066631877e-07
7.238892852398442142e-07 7.668485081888675969e-07 0.000000000000000000e+00
5.037596904093205650e-07 3.081725340450877423e-07 4.201319618045518201e-07
3.655467117510070138e-07 3.488227981076737774e-07 0.000000000000000000e+00
3.957169444381612806e-07 2.724470914155541690e-07 4.233134566647976070e-07
3.693107378128091001e-07 3.130586308838212083e-07 6.393067514798625795e-07
5.142205967373693381e-07 3.935986007157569565e-07 8.575603784204136915e-07
4.589195028988731398e-07 2.768022136694271031e-07 2.157468274065954162e-07
5.193056892959260363e-07 4.767386175057792863e-07 6.495039745209999094e-07
4.057792936036813882e-07 3.593275617444095280e-07 4.355913332686311684e-07
5.243981416743899941e-07 4.416786813436754142e-07 4.375160161610615846e-07
2.926874333974594783e-07 4.033378873024520351e-07 2.191522695880878539e-07
2.354522687345523476e-07 4.864485163216843017e-07 2.205131197128447359e-07
3.843711784447595091e-07 4.892477481775814107e-07 0.000000000000000000e+00
3.864900956282805368e-07 4.912752306729853558e-07 4.451687564354875331e-07
4.478702339261795448e-07 2.877678564873107536e-07 6.724882547406543718e-07
4.802212565821666957e-07 1.241089209853213370e-07 2.248428672726426650e-07
4.523644130083554268e-07 1.661376629193460226e-07 2.260876696960845785e-07
5.455641576941077276e-07 3.343226934579545239e-07 2.275591698017565057e-07
2.437752079884369523e-07 8.389672854379550229e-08 4.569513752083244021e-07
4.283373697427249901e-07 8.434110869886694840e-08 4.591022933716959852e-07
3.383750406258099613e-07 2.545086835907701247e-07 4.614379568983302998e-07
2.782061241624518365e-07 2.554101788967436624e-07 6.961427026007093006e-07
3.416261389109919706e-07 3.849926559083856126e-07 0.000000000000000000e+00
4.993517605767325179e-07 1.720024973759217289e-07 7.026068639664561942e-07
3.764001283712536904e-07 1.295286580603608630e-07 0.000000000000000000e+00
3.780364847391754972e-07 2.608027406554693450e-07 2.361697961567569243e-07
3.483026668522991081e-07 3.925396271101511456e-07 2.374911506594886366e-07
3.497518231908795767e-07 1.752627826885329947e-07 0.000000000000000000e+00
2.876601374926590753e-07 1.761962803012756779e-07 0.000000000000000000e+00
4.497087208530445358e-07 3.096627615954989877e-07 2.408795866248610267e-07
3.551850451329406216e-07 1.334514678365426245e-07 2.416153772208668860e-07
2.920090847815505156e-07 2.681908007146092042e-07 0.000000000000000000e+00
1.955377612576757807e-07 1.346983539709367311e-07 0.000000000000000000e+00
3.277664933369332554e-07 3.158284343180454930e-07 2.458679481174066396e-07
3.615706275373336928e-07 9.081347985423402213e-08 2.472161224748905844e-07
9.900377338155860535e-08 2.736044916751970148e-07 4.955502414869939576e-07
1.660220802309331056e-07 2.287855600905257596e-07 7.467782881342350329e-07
1.667204519850913451e-07 2.299629171161767851e-07 0.000000000000000000e+00
1.677018141745573062e-07 4.613208509757833752e-08 5.034108433060788164e-07
2.359194713991524421e-07 2.318168376493465828e-07 2.529752140097824720e-07
1.691761210188774208e-07 4.671996930825564229e-08 2.533992144803226193e-07
1.361140574485677299e-07 4.689358480086008542e-08 2.551933527488047935e-07
1.707137266373488704e-07 1.882962147606923274e-07 0.000000000000000000e+00
1.029860674524066347e-07 4.255164409880131289e-07 2.573261755092765316e-07
2.067645246560323705e-07 1.898578135890548639e-07 2.581342184170428098e-07
2.771685615971909520e-07 1.910134272222797145e-07 2.598018247396329641e-07
3.823995236719772302e-07 2.396750895641240610e-07 0.000000000000000000e+00
2.796107123619319265e-07 9.630624362386313545e-08 5.251542548855305288e-07
1.053618317477849287e-07 1.450852030814720232e-07 0.000000000000000000e+00
2.467077295010976880e-07 1.457301116259023448e-07 0.000000000000000000e+00
2.480957605155381097e-07 1.951832993789377988e-07 0.000000000000000000e+00
2.491136051777683792e-07 9.795979072400905243e-08 0.000000000000000000e+00
3.571931788733937489e-07 1.969867226611707705e-07 0.000000000000000000e+00
1.435913517301839394e-07 0.000000000000000000e+00 0.000000000000000000e+00
3.608524189990596797e-07 1.489936751705871975e-07 0.000000000000000000e+00
1.811248769959452858e-07 0.000000000000000000e+00 2.714302567416783720e-07
1.455538494464081370e-07 3.511899227527129616e-07 0.000000000000000000e+00
2.192314339198263452e-07 2.519604298820584036e-07 0.000000000000000000e+00
1.467560503388520532e-07 2.528890880273421810e-07 0.000000000000000000e+00
2.580127628038731039e-07 5.073130704729977697e-08 2.764285063846278423e-07
1.481670995938684786e-07 1.022050328370286589e-07 0.000000000000000000e+00
1.117329746277457095e-07 5.119326005572479946e-08 0.000000000000000000e+00
2.615025448068131984e-07 3.091693178374521765e-07 2.808765961700033222e-07
1.878810622744830382e-07 1.036431789595304974e-07 2.822676871164406924e-07
2.263248167796755945e-07 1.558487003293373470e-07 0.000000000000000000e+00
2.650756256469555068e-07 1.566178254942355526e-07 0.000000000000000000e+00
1.140604276363427304e-07 3.144470102638224601e-07 0.000000000000000000e+00
2.675691082127319012e-07 1.054595988521855846e-07 0.000000000000000000e+00
1.150355411205153459e-07 1.586043198253780216e-07 0.000000000000000000e+00
1.154106579708020104e-07 1.062534679276326240e-07 0.000000000000000000e+00
1.548456362457959767e-07 1.600005259089892535e-07 0.000000000000000000e+00
7.770213186125442062e-08 2.145371451796807357e-07 0.000000000000000000e+00
3.906696069933711804e-08 1.076638434600038902e-07 0.000000000000000000e+00
7.839091017472384679e-08 5.413957163496764045e-08 2.940275907565347155e-07
1.182165290666677045e-07 2.712209899567293821e-07 0.000000000000000000e+00
7.915743525741923037e-08 5.450428853698894665e-08 0.000000000000000000e+00
3.973186056388715388e-08 1.094211400649141062e-07 0.000000000000000000e+00
3.995018582279226701e-08 5.504895240721317725e-08 0.000000000000000000e+00
1.202060948668229007e-07 0.000000000000000000e+00 6.015861138148175420e-07
8.050271961297266651e-08 2.217897142369106396e-07 0.000000000000000000e+00
1.211247050767109925e-07 2.226314149118490695e-07 0.000000000000000000e+00
2.435216635508541099e-07 5.585205889264437584e-08 3.041657325373137414e-07
1.222330673160406567e-07 5.625103482914962947e-08 0.000000000000000000e+00
4.088474187100947742e-08 5.639387035885319114e-08 3.075313744751263064e-07
1.232909369321177193e-07 1.131787889271209803e-07 0.000000000000000000e+00
2.062246830195916572e-07 0.000000000000000000e+00 0.000000000000000000e+00
1.244369835991634285e-07 0.000000000000000000e+00 0.000000000000000000e+00
1.247852379976663499e-07 1.719274562489775673e-07 3.123790336360282867e-07
1.253924700206432250e-07 5.748533931411215674e-08 0.000000000000000000e+00
8.381408184558706331e-08 1.155968982312052398e-07 0.000000000000000000e+00
4.217335879706988646e-08 1.162247028161267278e-07 0.000000000000000000e+00
1.268994367412626961e-07 1.166409916013300098e-07 3.177921889303299934e-07
4.253211474754832200e-08 1.171939840726959065e-07 0.000000000000000000e+00
1.281256352558022475e-07 0.000000000000000000e+00 0.000000000000000000e+00
8.564326567033483657e-08 1.180599971953491460e-07 0.000000000000000000e+00
8.606823721687176109e-08 0.000000000000000000e+00 0.000000000000000000e+00
4.314761703844819262e-08 0.000000000000000000e+00 0.000000000000000000e+00
8.681435622986186539e-08 2.387104203715611531e-07 9.759937384692892873e-07
0.000000000000000000e+00 6.007278329111581890e-08 3.274708560626906439e-07
1.312311728531005694e-07 6.028933255557464547e-08 0.000000000000000000e+00
4.383192343689674567e-08 0.000000000000000000e+00 3.292950532564695247e-07
4.411864007860042623e-08 6.077304706820528600e-08 0.000000000000000000e+00
8.857505578683545228e-08 6.098094493936492901e-08 0.000000000000000000e+00
4.452882626482113065e-08 1.840244714920369345e-07 0.000000000000000000e+00
1.339690430919928310e-07 6.153707477340898327e-08 0.000000000000000000e+00
8.967904425376001258e-08 6.172633522106959445e-08 0.000000000000000000e+00
1.348010006744586040e-07 6.197580485827181941e-08 0.000000000000000000e+00
0.000000000000000000e+00 0.000000000000000000e+00 0.000000000000000000e+00
9.073164980370344540e-08 1.876595080349477749e-07 0.000000000000000000e+00
4.555894751675272946e-08 0.000000000000000000e+00 3.411664549967618810e-07
4.575614845389271336e-08 6.303914501265183611e-08 0.000000000000000000e+00
0.000000000000000000e+00 0.000000000000000000e+00 3.449503095936747893e-07
2.305389432790114110e-07 1.905203424799492078e-07 3.455004256207948112e-07
4.629880818544255256e-08 0.000000000000000000e+00 0.000000000000000000e+00
4.640183339631781281e-08 1.281418358909050657e-07 0.000000000000000000e+00
9.334194778623133010e-08 6.421316504356720283e-08 0.000000000000000000e+00
0.000000000000000000e+00 1.288944640421467762e-07 3.515806300187006193e-07
4.710395764507257115e-08 1.297310736971344652e-07 3.533593750317669565e-07
0.000000000000000000e+00 0.000000000000000000e+00 0.000000000000000000e+00
0.000000000000000000e+00 0.000000000000000000e+00 0.000000000000000000e+00
4.763214572216723050e-08 6.542880312618363289e-08 0.000000000000000000e+00
0.000000000000000000e+00 6.574735350496750237e-08 0.000000000000000000e+00
1.439278009740504405e-07 6.606667745797426183e-08 0.000000000000000000e+00
0.000000000000000000e+00 0.000000000000000000e+00 0.000000000000000000e+00
0.000000000000000000e+00 0.000000000000000000e+00 3.626022644506197658e-07
0.000000000000000000e+00 6.674910515718268119e-08 0.000000000000000000e+00
4.874262474583107963e-08 6.722681018140439694e-08 0.000000000000000000e+00
0.000000000000000000e+00 6.746630143560251882e-08 0.000000000000000000e+00
4.901467607666815005e-08 6.756013132002479984e-08 0.000000000000000000e+00
9.850668541419169181e-08 0.000000000000000000e+00 0.000000000000000000e+00
0.000000000000000000e+00 6.815590139945813381e-08 0.000000000000000000e+00
0.000000000000000000e+00 6.843902111287208180e-08 0.000000000000000000e+00
4.988880110133328814e-08 0.000000000000000000e+00 0.000000000000000000e+00
0.000000000000000000e+00 0.000000000000000000e+00 0.000000000000000000e+00
0.000000000000000000e+00 0.000000000000000000e+00 0.000000000000000000e+00
5.044768912332364908e-08 6.946099597549480856e-08 0.000000000000000000e+00
1.012180857717632081e-07 6.964088498600361544e-08 0.000000000000000000e+00
0.000000000000000000e+00 6.996951678369224873e-08 0.000000000000000000e+00
0.000000000000000000e+00 7.016069023774276167e-08 0.000000000000000000e+00
0.000000000000000000e+00 0.000000000000000000e+00 0.000000000000000000e+00
5.134993434412783952e-08 0.000000000000000000e+00 0.000000000000000000e+00
0.000000000000000000e+00 7.118468677743187708e-08 0.000000000000000000e+00
0.000000000000000000e+00 0.000000000000000000e+00 0.000000000000000000e+00
0.000000000000000000e+00 0.000000000000000000e+00 0.000000000000000000e+00
5.224454956074031836e-08 0.000000000000000000e+00 0.000000000000000000e+00
0.000000000000000000e+00 0.000000000000000000e+00 0.000000000000000000e+00
0.000000000000000000e+00 0.000000000000000000e+00 0.000000000000000000e+00
0.000000000000000000e+00 0.000000000000000000e+00 0.000000000000000000e+00
0.000000000000000000e+00 0.000000000000000000e+00 0.000000000000000000e+00
5.313901084533346179e-08 0.000000000000000000e+00 0.000000000000000000e+00
5.334407399910419137e-08 0.000000000000000000e+00 0.000000000000000000e+00
0.000000000000000000e+00 0.000000000000000000e+00 0.000000000000000000e+00
0.000000000000000000e+00 0.000000000000000000e+00 0.000000000000000000e+00
0.000000000000000000e+00 0.000000000000000000e+00 8.084245044642239393e-07
5.406490493143807701e-08 0.000000000000000000e+00 0.000000000000000000e+00
0.000000000000000000e+00 7.487100541505412561e-08 0.000000000000000000e+00
0.000000000000000000e+00 0.000000000000000000e+00 0.000000000000000000e+00
0.000000000000000000e+00 0.000000000000000000e+00 0.000000000000000000e+00
0.000000000000000000e+00 0.000000000000000000e+00 0.000000000000000000e+00
0.000000000000000000e+00 0.000000000000000000e+00 0.000000000000000000e+00
5.531990917997129638e-08 7.636050004212517599e-08 0.000000000000000000e+00
5.549691990274241130e-08 7.661572842021248458e-08 0.000000000000000000e+00
1.112919775020043572e-07 0.000000000000000000e+00 4.175350600064777297e-07
0.000000000000000000e+00 0.000000000000000000e+00 0.000000000000000000e+00
1.122131300729859393e-07 0.000000000000000000e+00 0.000000000000000000e+00
0.000000000000000000e+00 0.000000000000000000e+00 0.000000000000000000e+00
0.000000000000000000e+00 0.000000000000000000e+00 0.000000000000000000e+00
0.000000000000000000e+00 7.806632900720603489e-08 0.000000000000000000e+00
0.000000000000000000e+00 0.000000000000000000e+00 0.000000000000000000e+00
0.000000000000000000e+00 0.000000000000000000e+00 0.000000000000000000e+00
0.000000000000000000e+00 7.902215401663999592e-08 0.000000000000000000e+00
0.000000000000000000e+00 0.000000000000000000e+00 0.000000000000000000e+00
5.783200875735349332e-08 0.000000000000000000e+00 0.000000000000000000e+00
0.000000000000000000e+00 0.000000000000000000e+00 0.000000000000000000e+00
5.807063522525242833e-08 0.000000000000000000e+00 0.000000000000000000e+00
0.000000000000000000e+00 0.000000000000000000e+00 0.000000000000000000e+00
0.000000000000000000e+00 0.000000000000000000e+00 0.000000000000000000e+00
0.000000000000000000e+00 8.093983606302012097e-08 0.000000000000000000e+00
0.000000000000000000e+00 0.000000000000000000e+00 0.000000000000000000e+00
0.000000000000000000e+00 0.000000000000000000e+00 0.000000000000000000e+00
0.000000000000000000e+00 0.000000000000000000e+00 0.000000000000000000e+00
0.000000000000000000e+00 8.223489872568243665e-08 0.000000000000000000e+00
0.000000000000000000e+00 0.000000000000000000e+00 0.000000000000000000e+00
6.011460591709846953e-08 0.000000000000000000e+00 4.504665455920326695e-07
0.000000000000000000e+00 0.000000000000000000e+00 0.000000000000000000e+00
0.000000000000000000e+00 0.000000000000000000e+00 0.000000000000000000e+00
0.000000000000000000e+00 0.000000000000000000e+00 0.000000000000000000e+00
0.000000000000000000e+00 0.000000000000000000e+00 0.000000000000000000e+00
0.000000000000000000e+00 0.000000000000000000e+00 0.000000000000000000e+00
0.000000000000000000e+00 0.000000000000000000e+00 0.000000000000000000e+00
0.000000000000000000e+00 0.000000000000000000e+00 0.000000000000000000e+00
0.000000000000000000e+00 8.513660702949309869e-08 0.000000000000000000e+00
0.000000000000000000e+00 0.000000000000000000e+00 0.000000000000000000e+00
0.000000000000000000e+00 0.000000000000000000e+00 0.000000000000000000e+00
0.000000000000000000e+00 0.000000000000000000e+00 0.000000000000000000e+00
0.000000000000000000e+00 0.000000000000000000e+00 0.000000000000000000e+00
0.000000000000000000e+00 0.000000000000000000e+00 0.000000000000000000e+00
0.000000000000000000e+00 0.000000000000000000e+00 0.000000000000000000e+00
0.000000000000000000e+00 0.000000000000000000e+00 0.000000000000000000e+00
0.000000000000000000e+00 0.000000000000000000e+00 0.000000000000000000e+00
0.000000000000000000e+00 0.000000000000000000e+00 0.000000000000000000e+00
0.000000000000000000e+00 0.000000000000000000e+00 0.000000000000000000e+00
0.000000000000000000e+00 0.000000000000000000e+00 0.000000000000000000e+00
0.000000000000000000e+00 0.000000000000000000e+00 0.000000000000000000e+00
0.000000000000000000e+00 8.884047115155781327e-08 0.000000000000000000e+00
0.000000000000000000e+00 0.000000000000000000e+00 0.000000000000000000e+00
0.000000000000000000e+00 0.000000000000000000e+00 0.000000000000000000e+00
0.000000000000000000e+00 0.000000000000000000e+00 0.000000000000000000e+00
0.000000000000000000e+00 0.000000000000000000e+00 0.000000000000000000e+00
0.000000000000000000e+00 0.000000000000000000e+00 0.000000000000000000e+00
0.000000000000000000e+00 0.000000000000000000e+00 0.000000000000000000e+00
0.000000000000000000e+00 0.000000000000000000e+00 0.000000000000000000e+00
0.000000000000000000e+00 0.000000000000000000e+00 0.000000000000000000e+00
0.000000000000000000e+00 9.168530846801451142e-08 0.000000000000000000e+00
0.000000000000000000e+00 0.000000000000000000e+00 0.000000000000000000e+00
0.000000000000000000e+00 9.213538658888898408e-08 0.000000000000000000e+00
0.000000000000000000e+00 9.247671876878536471e-08 0.000000000000000000e+00
0.000000000000000000e+00 0.000000000000000000e+00 0.000000000000000000e+00
0.000000000000000000e+00 0.000000000000000000e+00 0.000000000000000000e+00
0.000000000000000000e+00 0.000000000000000000e+00 0.000000000000000000e+00
0.000000000000000000e+00 0.000000000000000000e+00 0.000000000000000000e+00
0.000000000000000000e+00 0.000000000000000000e+00 0.000000000000000000e+00
0.000000000000000000e+00 0.000000000000000000e+00 0.000000000000000000e+00
0.000000000000000000e+00 0.000000000000000000e+00 0.000000000000000000e+00
6.885911297971865073e-08 0.000000000000000000e+00 0.000000000000000000e+00
0.000000000000000000e+00 0.000000000000000000e+00 0.000000000000000000e+00
0.000000000000000000e+00 0.000000000000000000e+00 0.000000000000000000e+00
0.000000000000000000e+00 0.000000000000000000e+00 0.000000000000000000e+00
0.000000000000000000e+00 0.000000000000000000e+00 0.000000000000000000e+00
0.000000000000000000e+00 0.000000000000000000e+00 0.000000000000000000e+00
0.000000000000000000e+00 0.000000000000000000e+00 0.000000000000000000e+00
0.000000000000000000e+00 0.000000000000000000e+00 0.000000000000000000e+00
0.000000000000000000e+00 0.000000000000000000e+00 0.000000000000000000e+00
0.000000000000000000e+00 0.000000000000000000e+00 0.000000000000000000e+00
0.000000000000000000e+00 0.000000000000000000e+00 0.000000000000000000e+00
0.000000000000000000e+00 9.828784898201630724e-08 0.000000000000000000e+00
0.000000000000000000e+00 0.000000000000000000e+00 0.000000000000000000e+00
0.000000000000000000e+00 0.000000000000000000e+00 0.000000000000000000e+00
0.000000000000000000e+00 0.000000000000000000e+00 0.000000000000000000e+00
0.000000000000000000e+00 0.000000000000000000e+00 0.000000000000000000e+00
0.000000000000000000e+00 0.000000000000000000e+00 0.000000000000000000e+00
0.000000000000000000e+00 0.000000000000000000e+00 0.000000000000000000e+00
0.000000000000000000e+00 1.004761024985496749e-07 0.000000000000000000e+00
0.000000000000000000e+00 0.000000000000000000e+00 0.000000000000000000e+00
0.000000000000000000e+00 0.000000000000000000e+00 0.000000000000000000e+00
0.000000000000000000e+00 0.000000000000000000e+00 0.000000000000000000e+00
0.000000000000000000e+00 0.000000000000000000e+00 0.000000000000000000e+00
0.000000000000000000e+00 0.000000000000000000e+00 0.000000000000000000e+00
0.000000000000000000e+00 0.000000000000000000e+00 0.000000000000000000e+00
0.000000000000000000e+00 0.000000000000000000e+00 0.000000000000000000e+00
0.000000000000000000e+00 0.000000000000000000e+00 0.000000000000000000e+00
0.000000000000000000e+00 0.000000000000000000e+00 0.000000000000000000e+00
0.000000000000000000e+00 0.000000000000000000e+00 0.000000000000000000e+00
0.000000000000000000e+00 0.000000000000000000e+00 0.000000000000000000e+00
0.000000000000000000e+00 0.000000000000000000e+00 0.000000000000000000e+00
0.000000000000000000e+00 0.000000000000000000e+00 0.000000000000000000e+00
0.000000000000000000e+00 0.000000000000000000e+00 0.000000000000000000e+00
0.000000000000000000e+00 0.000000000000000000e+00 0.000000000000000000e+00
0.000000000000000000e+00 0.000000000000000000e+00 0.000000000000000000e+00
0.000000000000000000e+00 0.000000000000000000e+00 0.000000000000000000e+00
7.722526974337281830e-08 0.000000000000000000e+00 0.000000000000000000e+00
0.000000000000000000e+00 0.000000000000000000e+00 0.000000000000000000e+00
