2.303480144619638982e-08 1.632349360562208705e-08 1.344104796490697853e-09
1.676166730148917554e-07 1.222814295456996554e-07 1.982676095438250730e-08
4.534740598619694240e-07 3.402690402767220381e-07 8.649800447875526339e-08
8.748270688022658905e-07 6.732347566952989008e-07 2.186294084036365999e-07
1.443013769743680385e-06 1.124481302047745268e-06 4.141881064498007433e-07
2.113457805027948599e-06 1.690294226099716061e-06 7.047047052523416216e-07
2.879468333360957085e-06 2.375167423865636148e-06 1.090409160874036310e-06
3.788377402212807279e-06 3.160371843544058458e-06 1.575827248199549705e-06
4.853293506416468024e-06 4.068141886107578018e-06 2.188868389753390402e-06
5.950348687671713774e-06 5.065391793184521902e-06 2.926107809118113326e-06
7.114117797665072769e-06 6.219265902600759052e-06 3.659672249800240629e-06
8.498428118093641565e-06 7.386712485909440868e-06 4.536847539253271418e-06
9.752177028927742149e-06 8.627626238713545514e-06 5.591903532363363885e-06
1.120472046945885054e-05 1.005536615996444957e-05 6.406536241168683278e-06
1.257386080430873305e-05 1.137887134952497382e-05 7.989531079011282576e-06
1.417572237534924781e-05 1.286435823385701992e-05 9.273583903248074965e-06
1.562104326326997899e-05 1.462233626378746334e-05 1.061874556018280725e-05
1.726667888838123838e-05 1.613146505007848915e-05 1.205576579970215555e-05
1.895712501922668927e-05 1.797829088162285525e-05 1.359830531828168495e-05
2.054773585810549632e-05 1.966264554142542858e-05 1.522949885574189945e-05
2.209781160952317464e-05 2.130457499804967367e-05 1.653670634806069854e-05
2.395793114283867727e-05 2.285779190210980976e-05 1.894042897812852014e-05
2.564850336078706181e-05 2.484532396806178223e-05 2.076195929923018742e-05
2.724246593337775768e-05 2.683471928729145906e-05 2.188132792923830851e-05
2.918578428978388009e-05 2.858742782304750574e-05 2.349036038154059567e-05
3.055371618005867486e-05 3.017453916502587790e-05 2.547531971912409617e-05
3.241525162828196602e-05 3.160302063861161048e-05 2.787506795239530767e-05
3.396263084601972080e-05 3.391771234803810803e-05 2.928833855022415530e-05
3.585586845030553976e-05 3.555918982953508282e-05 3.126559795107278385e-05
3.728248549086230130e-05 3.660103476348696084e-05 3.385669187118699229e-05
3.874850034398601937e-05 3.890729082534191609e-05 3.450038758594625292e-05
4.069166386554588994e-05 4.083174715913994633e-05 3.661631348726460621e-05
4.158630474595980861e-05 4.249392799756039580e-05 3.915417015928368842e-05
4.307524839794391383e-05 4.426825093576426402e-05 4.065371967728347756e-05
4.513073528401505372e-05 4.583503737010605759e-05 4.074142542306919719e-05
4.607262632350799263e-05 4.739051366255647133e-05 4.193504397312341201e-05
4.764198898296323888e-05 4.927735204784038586e-05 4.617094992045998653e-05
4.894666562144283967e-05 4.991196826593775567e-05 4.582845485352736323e-05
5.084645980153235291e-05 5.228340595373246982e-05 4.807842194202743591e-05
5.168816824194492237e-05 5.311898340221649962e-05 5.018306586949828198e-05
5.321420396735125104e-05 5.502654070408474838e-05 5.056283831802467331e-05
5.506255715557667528e-05 5.662549768350761959e-05 5.562057531286508926e-05
5.602261515176223819e-05 5.625745691977079128e-05 5.462051282283065731e-05
5.669792995244538850e-05 5.805125361108989617e-05 5.458607668000367102e-05
5.700516968259353130e-05 5.854970864660859545e-05 5.866966816835934249e-05
5.840579482639855991e-05 6.061589674303977739e-05 5.858364118646233455e-05
5.957314436301817631e-05 6.173823050585338864e-05 5.873407283542274868e-05
6.141611900872318746e-05 6.232031265395894244e-05 5.918314139444619249e-05
6.044827603828693575e-05 6.433346592428463651e-05 6.308160113087976206e-05
6.223945389888468991e-05 6.434254449108217395e-05 6.539325976512430291e-05
6.206051918241449320e-05 6.509383554675389157e-05 6.436919706223234283e-05
6.376876891961225709e-05 6.688608919810522420e-05 6.705959124866017534e-05
6.400446239433497182e-05 6.650626303020725080e-05 6.463912160231076985e-05
6.485555030133409817e-05 6.699274950937695141e-05 6.697765050592530925e-05
6.604071413108073831e-05 6.944135036597859497e-05 7.149424147015084440e-05
6.588258148433492976e-05 7.001721348999654564e-05 7.148756718910220559e-05
6.692525392487290936e-05 6.944804126980096148e-05 6.764684923124098892e-05
6.711965062758120878e-05 6.936858019600033792e-05 7.077067088480281840e-05
6.774566688069833735e-05 7.120394365949943467e-05 6.609822758420707102e-05
6.858468005904395568e-05 7.280603645017544551e-05 7.241648142087414586e-05
6.897137973919711929e-05 7.181811662150472603e-05 7.408640392536811026e-05
6.936559033487795672e-05 7.202572103780986485e-05 7.322081872962060581e-05
6.933810669095666671e-05 7.231658707171848552e-05 7.193825407720875011e-05
6.935028256219577384e-05 7.271059709059638063e-05 7.263573459893189397e-05
6.990184815232641411e-05 7.252945205874862576e-05 7.650905966247151897e-05
7.012926243083882506e-05 7.432105093589431880e-05 7.490225006090912212e-05
7.071675185368955514e-05 7.243147278990641209e-05 7.235951576842628908e-05
7.078061300583689741e-05 7.470226316594990570e-05 7.432295601859811884e-05
7.063656669526206583e-05 7.203425550775112809e-05 7.753393826778909737e-05
7.166265281724906267e-05 7.328760573826775023e-05 7.407807147383492540e-05
7.003285735258788685e-05 7.382262570292473351e-05 7.458457518888027911e-05
7.159742840309972348e-05 7.296908573338405459e-05 7.412106681264164559e-05
7.156684967644684882e-05 7.110710878679898169e-05 7.369436787683060421e-05
7.119912743496131303e-05 7.400138111475925665e-05 7.717241734755188884e-05
6.974101038125510906e-05 7.270959453542077066e-05 7.591250658978990695e-05
7.162283578756490244e-05 7.415253951509141999e-05 7.459234788608307967e-05
7.133203427950890615e-05 7.377069274563751279e-05 7.801906227522759042e-05
7.115206025169768672e-05 7.299312985096488451e-05 7.319896053459421837e-05
7.006712859071124522e-05 7.443947549840319454e-05 7.350339801418795047e-05
6.951953860851643957e-05 7.345718774346722806e-05 7.633036620290476100e-05
6.888336378780701849e-05 7.338721030307972693e-05 7.369985357776913577e-05
7.010496445900843009e-05 7.146504482732763514e-05 7.428116484058024799e-05
6.857247262973880590e-05 7.238616379446393486e-05 7.398647769768929971e-05
6.719185793013566675e-05 7.131414889560137610e-05 7.024312335814901118e-05
6.817451423645581432e-05 7.193794761386395004e-05 7.374132322526116964e-05
6.757609971307216819e-05 7.057313334893892303e-05 6.987366939859826530e-05
6.806776345157119199e-05 6.939069292638490229e-05 7.282754468982316530e-05
6.906037818579644676e-05 6.931947966476773547e-05 7.086977845414207825e-05
6.771582315504904486e-05 7.011030559581281991e-05 7.090875031050398699e-05
6.528991912542543206e-05 7.029709537784777193e-05 7.229989091943213439e-05
6.567461951644882386e-05 6.916757855237447587e-05 7.559755701284157352e-05
6.506344006599088740e-05 6.820576612318353100e-05 7.140118254599665934e-05
6.606658980008488430e-05 6.761088053259010433e-05 7.237503790031423205e-05
6.514910809146001345e-05 6.764089863376133971e-05 7.228242278680419301e-05
6.428849576851242977e-05 6.667585808635417702e-05 7.142132176683099992e-05
6.342327143888825856e-05 6.516432076201509520e-05 6.675360726734654580e-05
6.574541400474079669e-05 6.433421046452534892e-05 7.298989080572928622e-05
6.216343405388618441e-05 6.547544214011803481e-05 6.660792598940645792e-05
6.284124857856223810e-05 6.459673557084914743e-05 6.669170833365343945e-05
6.328291599655796367e-05 6.362918055567395154e-05 6.105281267117350374e-05
6.246913265879788823e-05 6.196985132711358411e-05 6.568417545064481999e-05
6.189882369968842250e-05 6.345628141118626138e-05 6.227619927985045896e-05
6.059780235332261263e-05 6.316839121878793119e-05 6.521350191517541060e-05
6.099361473714609913e-05 6.409389756330187860e-05 6.111563878545489754e-05
5.965408015051455016e-05 5.903908267104556167e-05 6.559109832009860671e-05
6.119200291101683869e-05 6.238949157851208323e-05 6.715748367695504911e-05
5.978965164551470227e-05 6.276075994905807090e-05 5.614634798754430538e-05
5.773544236176393412e-05 6.020599094404882661e-05 5.924273694829221883e-05
5.967761730295299469e-05 5.925521851703728377e-05 6.305894699752872601e-05
5.661301812733572078e-05 5.782498164874411064e-05 6.097567535622723907e-05
5.664869512778569256e-05 5.606823488972840120e-05 6.311632462655977457e-05
5.487194990885967740e-05 5.824465097786280833e-05 5.694558700741117593e-05
5.818516203079759203e-05 5.712491769584916615e-05 6.344996309750884330e-05
5.492777971609913169e-05 5.588212275830522113e-05 6.129179153107449632e-05
5.395539891060279332e-05 5.676374705793910195e-05 5.918711101721865986e-05
5.284024314620657420e-05 5.486977614667859016e-05 5.803164067416155726e-05
5.373682378800543003e-05 5.281565813499406836e-05 5.207225309650834980e-05
5.302870258636716510e-05 5.515670655686130252e-05 5.673011876249201528e-05
5.033600542953610727e-05 5.337715764240609447e-05 5.251202634842989546e-05
5.164573508342348379e-05 5.263496977355427758e-05 5.691450585344874646e-05
5.148665228630872179e-05 5.088814016410248366e-05 5.632241592913512140e-05
5.117403346783366288e-05 4.910605664371573965e-05 5.102895786846678178e-05
5.065534262350015717e-05 5.297891023338841161e-05 4.721794501720999893e-05
4.916329694426797224e-05 4.841712754089132822e-05 4.467257392269412052e-05
4.915460793158607093e-05 4.801028198571170023e-05 5.294049304027963529e-05
4.704867755563497809e-05 4.950534942113727586e-05 5.103077859447331552e-05
4.539601650695522354e-05 4.516836288695428984e-05 5.117993729329703228e-05
4.762265704008475983e-05 4.620460133765917187e-05 4.539199770387372711e-05
4.588816502612305491e-05 4.677000329579346241e-05 4.969215910831919624e-05
4.663126296430616106e-05 4.472054009114381063e-05 5.230312331980790117e-05
4.492721908989418813e-05 4.725853618445551219e-05 4.455686225399591721e-05
4.334906573517141706e-05 4.311740165018605221e-05 4.967749109275010301e-05
4.420845401160769495e-05 4.400190094749320590e-05 4.259870200942251790e-05
4.473624010541712949e-05 4.254755310420489049e-05 3.964441485011498952e-05
4.396464324197290507e-05 4.391847959370284054e-05 4.292487351601476770e-05
4.185994462350125996e-05 4.083418312793584581e-05 4.380736353124180081e-05
4.133282113004673277e-05 4.293903550369667250e-05 4.269153275692290264e-05
4.019122579436080388e-05 4.057837118170915853e-05 3.947947038477027111e-05
4.022310359559318812e-05 4.170376205143558253e-05 4.655235289353113978e-05
3.925183577079631426e-05 4.112105005921238529e-05 3.665757479200314965e-05
3.978040673722466584e-05 4.017919909635659823e-05 3.643182060827295394e-05
3.932832084904331786e-05 4.114481517806109153e-05 4.178496173932982189e-05
4.018223846940627270e-05 3.601456005547695445e-05 3.662875665568370199e-05
3.769877405149105274e-05 3.736891585651946044e-05 3.854085316593498122e-05
4.041524729335287401e-05 3.694612231341032408e-05 3.992045912493797592e-05
3.851656602138216445e-05 3.573552342284499323e-05 4.020590466849862743e-05
3.690706890222725077e-05 3.876787688439056252e-05 2.880980334710207195e-05
3.749115901039603411e-05 3.902946575738500676e-05 3.274808052807327640e-05
3.708261283369334639e-05 3.501443049571434005e-05 3.080774071740924146e-05
3.494618218786739981e-05 3.717350559553812427e-05 3.787305040867802665e-05
3.549650690438912375e-05 3.384648415897201581e-05 3.315617342090252886e-05
3.455864364960878717e-05 3.309465416078300896e-05 3.328471510587593121e-05
3.633006815827526749e-05 3.294001084340162256e-05 3.655115647739698101e-05
3.346254354549690012e-05 3.461915149871051041e-05 3.036233934672899555e-05
3.139896799322474053e-05 3.315843714475653350e-05 2.978285382264975591e-05
3.078954874833657188e-05 3.078647289291174568e-05 3.605651172041663902e-05
3.083515844249685322e-05 3.389589122840888917e-05 3.122650748191111044e-05
3.140613682454217187e-05 3.125712247626456558e-05 2.992713416320594896e-05
3.122107649583769773e-05 3.262013032657975819e-05 3.235263465449392755e-05
3.337047350616711061e-05 3.155408853748610905e-05 3.107903646572120166e-05
3.177439705121524105e-05 3.163021266806174340e-05 3.109737091012965398e-05
2.905048133447423955e-05 3.064304219974409030e-05 3.007125266434380707e-05
3.036979850011961568e-05 2.650858158011249643e-05 2.579260225316907772e-05
3.035936389670740266e-05 2.906846641959172437e-05 2.938991075292586764e-05
2.969839333736910391e-05 2.730174030055657256e-05 2.937721024290550301e-05
2.867016242818071282e-05 2.784057804383740638e-05 3.047007648550381775e-05
3.046639821644455984e-05 2.790594560852950251e-05 2.218309117410972953e-05
2.616233697456104570e-05 2.470928603861428298e-05 2.624608031788928784e-05
2.905189810293045779e-05 2.900227339959038269e-05 3.232200334380614819e-05
2.766585678048197024e-05 2.515801924773719520e-05 2.650257246834657605e-05
2.452045911672987605e-05 2.837663955141227754e-05 2.562013041036203598e-05
2.539764842726027476e-05 2.487071839762714011e-05 2.990116752980519075e-05
2.720831474364737186e-05 2.605086885609091840e-05 2.904973004609584414e-05
2.555688751664070935e-05 2.302020960161137636e-05 2.653317917110992313e-05
2.684482283043270853e-05 2.389882438337792813e-05 2.394326272064962199e-05
2.609722981590131255e-05 2.588246186300140035e-05 2.631242417185820231e-05
2.475010945986748552e-05 2.461208980245532539e-05 1.944464741121832303e-05
2.417087734870987088e-05 2.425473587203302555e-05 1.879090732326951354e-05
2.445017356975302697e-05 2.060764253562214876e-05 2.204905526005464830e-05
2.232651852325991544e-05 2.238023227901767454e-05 2.053280959083045694e-05
2.228038113584809176e-05 2.352690580907530738e-05 2.076833142795097282e-05
2.288638868960211835e-05 2.238736408419217473e-05 2.187532008025951439e-05
2.247526130987029494e-05 2.077846503719784011e-05 2.394162132434986980e-05
2.211498327358659807e-05 2.032840961529157149e-05 1.691132439122373978e-05
2.111816995496298218e-05 2.107383527479887107e-05 1.891333992825223692e-05
2.328251081279554362e-05 1.808857012678447042e-05 2.379658434436770050e-05
2.050446315341405385e-05 1.925374175398838765e-05 2.122182557245247807e-05
1.971277618705437494e-05 1.830464577170748020e-05 2.194567897533056676e-05
1.939981677082077219e-05 1.930757096843017939e-05 2.217274955281712981e-05
1.837060474255226757e-05 2.078452380563784765e-05 1.751521079898650288e-05
1.909394757815882361e-05 1.836120918177782847e-05 1.967850224590960594e-05
2.035523819903822630e-05 1.836096882448083565e-05 1.441866722495679848e-05
2.225192623510525392e-05 1.659574398721394082e-05 1.458158101573338879e-05
1.990281547858237653e-05 1.771288912259977004e-05 1.371970089672066578e-05
1.914688160041831460e-05 1.494206197325913074e-05 1.949310690275463819e-05
1.878778060451461262e-05 1.663594860048339699e-05 1.606053810610719770e-05
1.786124049996403004e-05 1.690850227062987398e-05 2.146193253425776392e-05
1.868626867343392767e-05 1.737083302869906872e-05 1.902350752271671442e-05
1.729579251367233908e-05 1.616435755697937546e-05 1.282466233734168152e-05
1.689046744873967489e-05 1.461668138210265761e-05 1.727256668205205236e-05
1.553228473345655237e-05 1.679999229662271839e-05 1.961942593228913659e-05
1.679509314924869815e-05 1.624643510211135991e-05 1.595582487762282683e-05
1.539387102670486762e-05 1.557626894086727856e-05 1.724628878227736487e-05
1.765442014439165969e-05 1.416958493332697686e-05 1.460309085889830859e-05
1.714588126281141905e-05 1.462869617045631411e-05 1.247598026532435216e-05
1.524760382666686272e-05 1.253525231600555855e-05 1.601476374274828706e-05
1.531762471556628437e-05 1.609521520809892474e-05 1.445726946334973263e-05
1.679348745336392128e-05 1.452462288232758197e-05 1.050914687749504714e-05
1.403823059380381735e-05 1.477495539976341522e-05 1.413742008842546505e-05
1.480955472820247025e-05 1.468789068132171157e-05 1.545440840610118910e-05
1.399107539634234094e-05 1.326757540820982910e-05 1.985241271919112785e-05
1.533607788678899514e-05 1.361617291802165057e-05 7.883352138315508344e-06
1.310746639711170188e-05 1.261404549217024527e-05 1.163270647139485616e-05
1.545935562506043159e-05 1.226991821573541237e-05 1.050580681830597564e-05
1.369060035104029330e-05 1.239089676932263893e-05 1.434322881160106957e-05
1.120420539072404597e-05 1.320098367995324166e-05 1.512155246280897144e-05
1.403119526442838373e-05 1.155782021819848182e-05 1.016946772530114766e-05
1.356179202830552965e-05 9.404587911957247611e-06 1.411274662966366646e-05
1.281636965420259847e-05 1.177488097810788229e-05 8.417724826880867628e-06
1.259023292284928516e-05 1.115796635876294701e-05 1.568015948671569628e-05
1.287685160231414408e-05 1.027701555405505832e-05 1.254195491362637808e-05
9.787091166114691014e-06 1.197382175190439936e-05 1.330654467388860887e-05
1.167700386539961163e-05 1.058664217385001364e-05 1.276435072327489374e-05
1.196442468006488856e-05 1.193719596532453507e-05 1.015459345018909915e-05
1.289445141962426161e-05 8.875506003537143241e-06 1.094179620039432749e-05
1.300287296168715136e-05 1.010555210639875683e-05 1.311053595896692313e-05
1.191179488394926749e-05 1.006972925710966203e-05 1.390182772594834076e-05
1.060775960292031326e-05 1.276644359156676638e-05 1.263902477756193862e-05
9.092066924792714026e-06 9.589968626570004036e-06 1.133335408701400377e-05
9.555115518992684465e-06 1.125857106265412748e-05 9.286856406460730460e-06
1.021567157024624463e-05 1.070016446064995707e-05 6.491382650296115698e-06
1.079045676376758828e-05 9.572966403162859732e-06 4.351554230014236259e-06
1.245485800818131005e-05 9.520166498137485462e-06 8.799731453604421814e-06
1.117980241211434093e-05 9.054783485482421074e-06 6.646683630278386216e-06
9.280453508498161076e-06 8.298772094214588017e-06 1.193423420497540672e-05
1.146861488813782029e-05 9.494807464384434476e-06 9.018549153860159448e-06
8.421192558842294061e-06 9.287780213241714770e-06 3.033318850432721833e-06
8.186014682531829708e-06 9.367458482028526850e-06 6.877792858586462490e-06
1.114596190530234065e-05 6.730975502047189774e-06 5.390586493200040940e-06
8.119207174111731369e-06 8.517754669551663022e-06 1.010209895344970856e-05
8.711818311405838261e-06 8.440819741318291339e-06 6.275965357234600321e-06
9.731020742411888139e-06 8.075704302542820396e-06 9.480221440414593134e-06
9.279978485571764891e-06 5.770094341107457715e-06 7.170581220176213838e-06
8.819087571799619321e-06 7.901501166665472138e-06 8.838982720579176977e-06
7.265574159891680386e-06 8.880206265399001941e-06 5.674226913133058216e-06
8.746104878562175038e-06 8.338770449360948219e-06 6.548952064896923259e-06
7.715077532785769029e-06 7.038602922873509557e-06 7.416711069136335768e-06
8.224750156034212127e-06 6.316774342710086054e-06 1.080151644866717587e-05
6.835827047961280978e-06 6.684773102610933504e-06 3.341455417530958007e-06
9.367362224672969013e-06 6.579368291674044593e-06 8.441390337245957375e-06
8.195881182690526126e-06 6.631311320056449581e-06 9.362290653395392438e-06
6.541132351650869514e-06 7.163941640539255471e-06 5.142819392661127170e-06
9.371901235539539167e-06 7.220971002854576234e-06 7.778327556656775091e-06
7.696338327032978507e-06 6.144590157389469329e-06 6.973051023761132894e-06
6.463920125626465685e-06 6.682077914858800856e-06 7.026788849987441256e-06
7.815992836417998962e-06 4.927833059909822045e-06 6.199108451106236487e-06
6.085967508158040388e-06 6.457595913506313639e-06 1.788243980288673661e-06
5.771441456041563011e-06 7.509516376168145314e-06 8.090626486902078050e-06
7.149954095219585002e-06 5.889318144279613465e-06 8.154153840229311356e-06
6.960598890821729428e-06 5.928011098646760538e-06 5.481535797786878462e-06
7.883164751952644302e-06 6.828084066121343730e-06 5.522723474053123259e-06
5.707909085523159569e-06 4.819446588697125041e-06 5.566061045290351028e-06
6.001366734676456257e-06 6.065011729759681870e-06 5.606999647697149565e-06
5.667289287735312407e-06 4.193456704553072094e-06 4.707400202655960649e-06
5.709243535910833547e-06 4.932570912204881543e-06 6.642891948405676663e-06
6.775098444676418078e-06 6.028817566721727308e-06 4.787788996943381705e-06
5.410267408746416484e-06 4.467944121616638600e-06 2.887854269788386863e-06
5.324551674565284855e-06 3.781825385886713494e-06 7.775798387167981375e-06
6.408789496485633173e-06 4.717590950893307143e-06 6.848230668904704668e-06
4.609697700340547703e-06 4.752741944175142635e-06 4.918989422760755651e-06
6.238267382361274482e-06 5.336479069994804465e-06 3.969216698317453816e-06
5.216239932507746846e-06 4.079018330640976549e-06 2.996680732371402374e-06
6.735818024050678940e-06 3.925179122357110353e-06 3.020580907723079649e-06
4.480103724019076934e-06 4.892393471966305014e-06 7.096394989952172471e-06
5.057507453152024733e-06 4.738521803427264626e-06 6.137025370281993557e-06
4.544098848431020646e-06 4.773450950737380578e-06 8.237917891283779050e-06
4.300906805600601199e-06 3.077935733598556810e-06 9.324360098498841342e-06
4.469322173493162482e-06 2.712795151313184905e-06 2.086699086832425160e-06
3.937190632697582536e-06 3.514498988629982991e-06 2.101772026449022644e-06
4.963604746636055107e-06 4.522411060677169796e-06 5.293166780095465459e-06
4.708716358396390837e-06 5.743740350802008698e-06 6.409946695513708446e-06
2.585869149039467384e-06 2.992961937198604099e-06 1.071828832522263397e-06
3.328678317853638542e-06 3.415682216211137403e-06 5.408373009837890489e-06
4.083268182403751308e-06 3.840008897319596603e-06 2.180112221877665750e-06
4.406977022064929506e-06 5.297037270708521197e-06 3.295280101244619039e-06
5.176999997367852470e-06 4.307217154029111038e-06 6.640679643919118587e-06
5.658876424099134372e-06 3.307390886847963052e-06 2.220590022454411135e-06
4.350562847700196311e-06 4.369517254808477237e-06 7.846444374690721686e-06
3.320654315204171159e-06 2.514239861670933175e-06 3.387627153299191204e-06
3.951686634372424515e-06 3.585390804728032975e-06 6.816644661889477132e-06
3.368386148500226270e-06 2.548220924698869203e-06 3.434119638389299895e-06
4.623309559391617114e-06 3.635867411586446058e-06 1.154815281844775176e-06
1.707868581372723766e-06 3.013142136767950523e-06 1.157666480961916137e-06
2.657489506404008263e-06 3.685929492811829393e-06 5.843623329589161890e-06
4.091799279916664109e-06 1.090363040985566609e-06 2.352255655224112301e-06
2.535192791406232864e-06 1.979163912033456529e-06 3.555907359511158369e-06
3.508800427607566715e-06 2.434013098732372834e-06 1.192155072954117678e-06
4.496778974187317995e-06 2.894939859154969203e-06 2.405265355968641761e-06
1.940868358867264026e-06 2.017437254884644793e-06 1.209589201510110485e-06
4.067653741964674649e-06 2.259538309055955925e-06 3.645963921583826142e-06
4.588755120286730655e-06 2.952358752586031789e-06 2.447778843838877400e-06
2.306762436070068458e-06 1.829936536483099333e-06 2.463450142281087022e-06
3.485011463866517520e-06 2.071575310875976281e-06 1.238599405500742108e-06
3.341860871077316504e-06 2.317031807517114759e-06 1.247797300810069372e-06
1.850115309924287675e-06 2.097900481178163438e-06 2.511417670629778886e-06
2.707417871097531013e-06 2.347800126755610590e-06 1.262319882243770245e-06
2.726958201728109727e-06 2.127168412604069082e-06 2.552521627872697108e-06
2.057593109722277162e-06 2.381496102488477580e-06 7.695560560543931243e-06
3.278300298622053416e-06 1.916585038024288814e-06 0.000000000000000000e+00
2.607398090734789933e-06 3.134533424050040090e-06 2.600340228368332419e-06
1.750282433441631661e-06 1.456541405132079018e-06 0.000000000000000000e+00
2.287624344491369875e-06 2.442955538631738791e-06 1.312460155778988376e-06
2.304335623693626232e-06 1.964213127626009492e-06 1.323622062919377719e-06
2.493730021641782359e-06 3.458786189459260004e-06 1.329390581387997799e-06
3.230036547880696688e-06 1.740734635807186058e-06 4.018463079232687730e-06
1.986632734002833021e-06 2.001934992446392011e-06 5.393243498035235209e-06
2.179655714386052353e-06 7.564910025111346749e-07 4.075264852451901980e-06
2.562926626630030178e-06 1.774759865077368338e-06 2.730251580867482911e-06
1.841057645611495137e-06 3.572563354295581200e-06 1.378064621909181528e-06
2.594467331394362947e-06 5.138245254059449681e-07 1.380832861506835994e-06
1.677093730194136691e-06 1.292196353315239507e-06 2.779350596337560372e-06
3.560723857237115961e-06 1.820810726947229901e-06 1.400636967546663560e-06
2.452463152854629963e-06 1.569778443563861609e-06 0.000000000000000000e+00
9.491617421056601371e-07 1.581029532032331419e-06 1.420933253775209265e-06
2.483027836603611301e-06 1.323089818293754413e-06 0.000000000000000000e+00
2.113577847614449746e-06 2.401935206921539078e-06 1.437840590467469105e-06
2.128672326092679204e-06 3.488173906917997276e-06 2.889476396390699836e-06
1.167092087252224393e-06 1.620162880371329068e-06 0.000000000000000000e+00
1.370588809436665827e-06 1.355603682620022193e-06 1.461607613945861886e-06
1.772856266478245352e-06 1.365202765172960574e-06 0.000000000000000000e+00
1.982577403482437103e-06 1.649376912713311576e-06 4.444510404148845303e-06
1.795454649193476225e-06 1.659106436284218915e-06 2.985520192337925512e-06
2.005242229426714937e-06 1.668395284005361536e-06 0.000000000000000000e+00
6.054195604995332035e-07 2.800212281576223989e-07 3.018366454925658194e-06
1.218597905248500187e-06 5.640793426682205347e-07 1.518063639316795452e-06
1.020457948486647257e-06 2.547803097067420959e-06 0.000000000000000000e+00
1.849279227302858908e-06 1.424321567657570793e-06 0.000000000000000000e+00
2.274194683191121607e-06 5.733520669727003028e-07 1.540653019540413440e-06
1.039237825531744023e-06 8.640067890899196060e-07 0.000000000000000000e+00
1.044994013877041565e-06 1.450382868017934886e-06 0.000000000000000000e+00
1.473296381865998483e-06 2.913491565453612438e-07 0.000000000000000000e+00
2.328363760994728236e-06 1.761136278665519349e-06 0.000000000000000000e+00
1.703679426652251794e-06 5.906038328699984839e-07 1.589673675914266515e-06
6.432693410554870181e-07 2.968552791746382883e-07 0.000000000000000000e+00
1.722228555298996208e-06 1.791867216865833297e-06 0.000000000000000000e+00
2.817422098076336117e-06 2.100105467131097457e-06 0.000000000000000000e+00
6.532384412191896284e-07 3.017154181623076391e-07 0.000000000000000000e+00
2.192051165313271253e-06 9.110828167708711069e-07 1.639462038770041754e-06
1.761702205934160937e-06 1.221195184693991832e-06 0.000000000000000000e+00
1.552393893143654809e-06 3.072478319472763007e-07 3.311825892408717648e-06
1.114137373701401933e-06 6.171013715164012436e-07 1.662174241614714461e-06
1.794471193016471972e-06 9.319735822386765439e-07 0.000000000000000000e+00
1.804335144142787133e-06 3.129014975302280998e-07 3.370473563761749526e-06
6.800590638177966574e-07 6.297851165616312257e-07 0.000000000000000000e+00
6.847872808226281407e-07 0.000000000000000000e+00 0.000000000000000000e+00
1.606550176430508201e-06 3.176045741443949843e-07 0.000000000000000000e+00
1.154116365651539288e-06 9.583292315969875992e-07 3.441981848544710419e-06
4.636056448723077037e-07 0.000000000000000000e+00 0.000000000000000000e+00
1.864970977745707055e-06 1.292832366532357689e-06 0.000000000000000000e+00
1.405695050181373032e-06 3.259556019662421068e-07 3.504880744994140680e-06
7.064771889774155385e-07 6.539416349739581239e-07 0.000000000000000000e+00
4.751426554350720686e-07 6.576483496729858969e-07 0.000000000000000000e+00
7.166061175360110308e-07 1.983731026849373569e-06 0.000000000000000000e+00
1.198385007488340930e-06 9.981150467696077525e-07 0.000000000000000000e+00
9.651028506251876546e-07 6.686102918044301543e-07 0.000000000000000000e+00
9.699783134436534403e-07 6.714014630129982003e-07 0.000000000000000000e+00
1.218676997833003716e-06 1.350018646255396818e-06 0.000000000000000000e+00
1.225816587858685482e-06 1.698083499427390441e-06 0.000000000000000000e+00
4.931155546988698151e-07 3.422398984345533394e-07 0.000000000000000000e+00
1.237046701309705395e-06 3.435776426909502187e-07 0.000000000000000000e+00
0.000000000000000000e+00 3.457383858919184298e-07 1.863546594357730668e-06
5.018221318977618868e-07 6.935679837571549413e-07 0.000000000000000000e+00
2.513160587105715957e-07 1.047989473814199406e-06 0.000000000000000000e+00
2.537529830229908833e-07 3.514331573283393863e-07 0.000000000000000000e+00
1.272568117881116036e-06 7.051252439886364386e-07 3.799434128408757475e-06
7.677873926132303446e-07 1.064708522669261214e-06 1.910899857700380206e-06
5.140956821738735081e-07 3.572503000207434952e-07 1.919870249059329578e-06
7.746719400458262136e-07 7.172340748679521522e-07 1.932545999254494247e-06
7.795532877032886781e-07 1.441164594472723328e-06 0.000000000000000000e+00
5.229849187365142468e-07 3.617399024372259373e-07 0.000000000000000000e+00
7.882013968348124973e-07 1.093249809075145713e-06 1.965450309635746637e-06
7.935683206449930093e-07 7.338983427639038581e-07 0.000000000000000000e+00
2.647814645286916376e-07 3.683342832083290658e-07 1.980762492962084212e-06
5.337306057122915251e-07 3.701079919265053784e-07 0.000000000000000000e+00
2.677285553176092197e-07 3.725053837164898961e-07 0.000000000000000000e+00
8.088279084861153901e-07 7.480351120785711703e-07 0.000000000000000000e+00
8.134787341968492551e-07 3.750659506038763726e-07 0.000000000000000000e+00
0.000000000000000000e+00 7.565190292294089993e-07 0.000000000000000000e+00
5.466107095663772358e-07 3.802133956684776822e-07 0.000000000000000000e+00
0.000000000000000000e+00 3.826432436868087792e-07 0.000000000000000000e+00
5.539591344409555061e-07 0.000000000000000000e+00 0.000000000000000000e+00
0.000000000000000000e+00 3.864997563628207280e-07 0.000000000000000000e+00
1.117694661616858432e-06 3.878422482486494989e-07 0.000000000000000000e+00
2.810494617738419906e-07 7.805926996960782035e-07 0.000000000000000000e+00
0.000000000000000000e+00 7.816237325945999424e-07 0.000000000000000000e+00
8.517977660660151936e-07 7.875063957946252068e-07 0.000000000000000000e+00
5.700105161916685997e-07 0.000000000000000000e+00 0.000000000000000000e+00
0.000000000000000000e+00 3.975448887202465622e-07 0.000000000000000000e+00
1.440197875735355690e-06 1.597791615591157368e-06 2.150956887553180088e-06
2.893943057292826870e-07 4.012343806787484714e-07 0.000000000000000000e+00
5.820977229103032375e-07 0.000000000000000000e+00 0.000000000000000000e+00
8.775421831282551740e-07 8.114170522369858385e-07 0.000000000000000000e+00
5.888611825950571557e-07 0.000000000000000000e+00 6.602803946899956663e-06
0.000000000000000000e+00 1.228672938631949120e-06 0.000000000000000000e+00
2.969209567415868363e-07 0.000000000000000000e+00 2.221086282263758229e-06
2.984496561709940866e-07 4.128127213513459040e-07 0.000000000000000000e+00
1.199752940780873855e-06 4.151808622675451431e-07 0.000000000000000000e+00
3.011638937227468152e-07 4.172277992742787389e-07 2.254139346897189100e-06
3.033560006038693030e-07 8.406157383399819427e-07 0.000000000000000000e+00
3.047821580927907122e-07 0.000000000000000000e+00 0.000000000000000000e+00
6.114105153078953206e-07 8.464673587280565094e-07 2.279867778193476492e-06
3.071665194994201969e-07 4.254658826429416309e-07 0.000000000000000000e+00
6.170236239687942666e-07 4.284513080023085173e-07 0.000000000000000000e+00
0.000000000000000000e+00 0.000000000000000000e+00 2.322773582347466584e-06
6.237458462321818187e-07 4.314471708981362647e-07 0.000000000000000000e+00
6.252511021120582678e-07 4.342861808154831071e-07 0.000000000000000000e+00
6.302621484855246224e-07 0.000000000000000000e+00 2.353407193246885471e-06
3.163724312387983846e-07 4.379740137211216542e-07 0.000000000000000000e+00
0.000000000000000000e+00 4.415930966036137106e-07 2.379694445768862738e-06
0.000000000000000000e+00 0.000000000000000000e+00 0.000000000000000000e+00
3.211179514702803535e-07 0.000000000000000000e+00 0.000000000000000000e+00
0.000000000000000000e+00 0.000000000000000000e+00 0.000000000000000000e+00
0.000000000000000000e+00 0.000000000000000000e+00 0.000000000000000000e+00
0.000000000000000000e+00 9.041404859031215176e-07 2.427654834781454302e-06
6.533982899366642812e-07 0.000000000000000000e+00 0.000000000000000000e+00
0.000000000000000000e+00 0.000000000000000000e+00 0.000000000000000000e+00
0.000000000000000000e+00 0.000000000000000000e+00 0.000000000000000000e+00
3.309009142055485442e-07 4.602562211878799775e-07 0.000000000000000000e+00
0.000000000000000000e+00 0.000000000000000000e+00 0.000000000000000000e+00
0.000000000000000000e+00 9.283649449463000972e-07 0.000000000000000000e+00
6.737573825426647853e-07 0.000000000000000000e+00 2.517526099617162978e-06
0.000000000000000000e+00 4.686459669545846734e-07 0.000000000000000000e+00
0.000000000000000000e+00 0.000000000000000000e+00 0.000000000000000000e+00
0.000000000000000000e+00 0.000000000000000000e+00 0.000000000000000000e+00
3.419010282905107358e-07 1.424942480272170158e-06 0.000000000000000000e+00
0.000000000000000000e+00 0.000000000000000000e+00 0.000000000000000000e+00
0.000000000000000000e+00 0.000000000000000000e+00 0.000000000000000000e+00
0.000000000000000000e+00 0.000000000000000000e+00 0.000000000000000000e+00
0.000000000000000000e+00 4.830912637262566855e-07 0.000000000000000000e+00
0.000000000000000000e+00 0.000000000000000000e+00 0.000000000000000000e+00
0.000000000000000000e+00 0.000000000000000000e+00 0.000000000000000000e+00
0.000000000000000000e+00 0.000000000000000000e+00 0.000000000000000000e+00
3.548762186008475369e-07 0.000000000000000000e+00 0.000000000000000000e+00
0.000000000000000000e+00 4.942698652758099466e-07 0.000000000000000000e+00
3.588029855665850885e-07 4.973082192537111920e-07 0.000000000000000000e+00
3.599658320749205222e-07 4.996379482639305565e-07 0.000000000000000000e+00
7.233629723817331535e-07 5.008946727542811332e-07 0.000000000000000000e+00
3.637905738743910174e-07 0.000000000000000000e+00 0.000000000000000000e+00
0.000000000000000000e+00 0.000000000000000000e+00 0.000000000000000000e+00
3.673742143717782454e-07 0.000000000000000000e+00 0.000000000000000000e+00
0.000000000000000000e+00 0.000000000000000000e+00 0.000000000000000000e+00
3.705817071088818752e-07 5.137306520070349969e-07 0.000000000000000000e+00
0.000000000000000000e+00 0.000000000000000000e+00 0.000000000000000000e+00
3.728813088339574795e-07 0.000000000000000000e+00 0.000000000000000000e+00
0.000000000000000000e+00 0.000000000000000000e+00 0.000000000000000000e+00
0.000000000000000000e+00 0.000000000000000000e+00 0.000000000000000000e+00
0.000000000000000000e+00 0.000000000000000000e+00 0.000000000000000000e+00
0.000000000000000000e+00 0.000000000000000000e+00 0.000000000000000000e+00
0.000000000000000000e+00 0.000000000000000000e+00 0.000000000000000000e+00
0.000000000000000000e+00 0.000000000000000000e+00 0.000000000000000000e+00
3.846196639226723086e-07 5.338453431492420440e-07 0.000000000000000000e+00
3.864262514301508123e-07 0.000000000000000000e+00 0.000000000000000000e+00
3.881027918345114717e-07 0.000000000000000000e+00 0.000000000000000000e+00
3.892449122128036748e-07 0.000000000000000000e+00 0.000000000000000000e+00
0.000000000000000000e+00 0.000000000000000000e+00 0.000000000000000000e+00
0.000000000000000000e+00 0.000000000000000000e+00 2.934080169030499066e-06
0.000000000000000000e+00 0.000000000000000000e+00 0.000000000000000000e+00
0.000000000000000000e+00 5.499139949599335070e-07 0.000000000000000000e+00
0.000000000000000000e+00 0.000000000000000000e+00 0.000000000000000000e+00
0.000000000000000000e+00 0.000000000000000000e+00 0.000000000000000000e+00
0.000000000000000000e+00 0.000000000000000000e+00 0.000000000000000000e+00
0.000000000000000000e+00 5.606004094844101803e-07 0.000000000000000000e+00
0.000000000000000000e+00 0.000000000000000000e+00 0.000000000000000000e+00
4.066468020939094292e-07 0.000000000000000000e+00 0.000000000000000000e+00
4.082288831388237449e-07 0.000000000000000000e+00 0.000000000000000000e+00
4.109185623022818137e-07 5.690895373498237970e-07 0.000000000000000000e+00
0.000000000000000000e+00 0.000000000000000000e+00 0.000000000000000000e+00
0.000000000000000000e+00 0.000000000000000000e+00 0.000000000000000000e+00
0.000000000000000000e+00 0.000000000000000000e+00 0.000000000000000000e+00
0.000000000000000000e+00 0.000000000000000000e+00 0.000000000000000000e+00
0.000000000000000000e+00 0.000000000000000000e+00 0.000000000000000000e+00
4.200876233947012118e-07 0.000000000000000000e+00 0.000000000000000000e+00
0.000000000000000000e+00 0.000000000000000000e+00 0.000000000000000000e+00
4.242888235996317376e-07 5.879123175843983273e-07 0.000000000000000000e+00
0.000000000000000000e+00 0.000000000000000000e+00 0.000000000000000000e+00
0.000000000000000000e+00 0.000000000000000000e+00 0.000000000000000000e+00
4.302763061497599838e-07 0.000000000000000000e+00 0.000000000000000000e+00
0.000000000000000000e+00 0.000000000000000000e+00 0.000000000000000000e+00
4.324704162567865953e-07 0.000000000000000000e+00 0.000000000000000000e+00
0.000000000000000000e+00 0.000000000000000000e+00 0.000000000000000000e+00
0.000000000000000000e+00 0.000000000000000000e+00 0.000000000000000000e+00
0.000000000000000000e+00 0.000000000000000000e+00 0.000000000000000000e+00
0.000000000000000000e+00 0.000000000000000000e+00 0.000000000000000000e+00
0.000000000000000000e+00 0.000000000000000000e+00 0.000000000000000000e+00
0.000000000000000000e+00 0.000000000000000000e+00 0.000000000000000000e+00
4.458242075533331324e-07 0.000000000000000000e+00 0.000000000000000000e+00
0.000000000000000000e+00 0.000000000000000000e+00 0.000000000000000000e+00
0.000000000000000000e+00 6.221645552189490304e-07 0.000000000000000000e+00
0.000000000000000000e+00 0.000000000000000000e+00 0.000000000000000000e+00
0.000000000000000000e+00 0.000000000000000000e+00 0.000000000000000000e+00
4.542098853817333924e-07 0.000000000000000000e+00 0.000000000000000000e+00
0.000000000000000000e+00 0.000000000000000000e+00 0.000000000000000000e+00
0.000000000000000000e+00 0.000000000000000000e+00 0.000000000000000000e+00
0.000000000000000000e+00 0.000000000000000000e+00 0.000000000000000000e+00
0.000000000000000000e+00 0.000000000000000000e+00 0.000000000000000000e+00
0.000000000000000000e+00 0.000000000000000000e+00 0.000000000000000000e+00
0.000000000000000000e+00 0.000000000000000000e+00 0.000000000000000000e+00
4.674505031243723276e-07 0.000000000000000000e+00 0.000000000000000000e+00
0.000000000000000000e+00 0.000000000000000000e+00 0.000000000000000000e+00
0.000000000000000000e+00 0.000000000000000000e+00 0.000000000000000000e+00
0.000000000000000000e+00 6.567692610504197323e-07 0.000000000000000000e+00
0.000000000000000000e+00 0.000000000000000000e+00 0.000000000000000000e+00
0.000000000000000000e+00 0.000000000000000000e+00 0.000000000000000000e+00
0.000000000000000000e+00 0.000000000000000000e+00 0.000000000000000000e+00
4.795371640365287728e-07 0.000000000000000000e+00 0.000000000000000000e+00
0.000000000000000000e+00 0.000000000000000000e+00 0.000000000000000000e+00
0.000000000000000000e+00 0.000000000000000000e+00 0.000000000000000000e+00
0.000000000000000000e+00 0.000000000000000000e+00 0.000000000000000000e+00
4.886092370597011229e-07 0.000000000000000000e+00 0.000000000000000000e+00
0.000000000000000000e+00 0.000000000000000000e+00 0.000000000000000000e+00
0.000000000000000000e+00 6.806385217077427934e-07 0.000000000000000000e+00
0.000000000000000000e+00 0.000000000000000000e+00 0.000000000000000000e+00
0.000000000000000000e+00 0.000000000000000000e+00 0.000000000000000000e+00
0.000000000000000000e+00 0.000000000000000000e+00 0.000000000000000000e+00
0.000000000000000000e+00 0.000000000000000000e+00 0.000000000000000000e+00
5.004309176363514279e-07 6.949529586714025144e-07 0.000000000000000000e+00
0.000000000000000000e+00 0.000000000000000000e+00 0.000000000000000000e+00
5.052451136776349424e-07 0.000000000000000000e+00 0.000000000000000000e+00
0.000000000000000000e+00 0.000000000000000000e+00 0.000000000000000000e+00
0.000000000000000000e+00 0.000000000000000000e+00 0.000000000000000000e+00
0.000000000000000000e+00 0.000000000000000000e+00 0.000000000000000000e+00
0.000000000000000000e+00 0.000000000000000000e+00 0.000000000000000000e+00
0.000000000000000000e+00 0.000000000000000000e+00 0.000000000000000000e+00
0.000000000000000000e+00 0.000000000000000000e+00 3.862814051190506110e-06
0.000000000000000000e+00 0.000000000000000000e+00 0.000000000000000000e+00
0.000000000000000000e+00 0.000000000000000000e+00 0.000000000000000000e+00
0.000000000000000000e+00 0.000000000000000000e+00 0.000000000000000000e+00
0.000000000000000000e+00 0.000000000000000000e+00 0.000000000000000000e+00
0.000000000000000000e+00 0.000000000000000000e+00 0.000000000000000000e+00
0.000000000000000000e+00 0.000000000000000000e+00 0.000000000000000000e+00
0.000000000000000000e+00 0.000000000000000000e+00 0.000000000000000000e+00
0.000000000000000000e+00 0.000000000000000000e+00 0.000000000000000000e+00
0.000000000000000000e+00 0.000000000000000000e+00 0.000000000000000000e+00
0.000000000000000000e+00 7.445829411892510779e-07 0.000000000000000000e+00
0.000000000000000000e+00 0.000000000000000000e+00 0.000000000000000000e+00
0.000000000000000000e+00 0.000000000000000000e+00 0.000000000000000000e+00
0.000000000000000000e+00 0.000000000000000000e+00 0.000000000000000000e+00
0.000000000000000000e+00 0.000000000000000000e+00 0.000000000000000000e+00
0.000000000000000000e+00 0.000000000000000000e+00 0.000000000000000000e+00
0.000000000000000000e+00 0.000000000000000000e+00 0.000000000000000000e+00
0.000000000000000000e+00 0.000000000000000000e+00 0.000000000000000000e+00
0.000000000000000000e+00 0.000000000000000000e+00 0.000000000000000000e+00
0.000000000000000000e+00 0.000000000000000000e+00 0.000000000000000000e+00
0.000000000000000000e+00 0.000000000000000000e+00 0.000000000000000000e+00
5.579500017324003723e-07 0.000000000000000000e+00 0.000000000000000000e+00
0.000000000000000000e+00 0.000000000000000000e+00 0.000000000000000000e+00
0.000000000000000000e+00 0.000000000000000000e+00 0.000000000000000000e+00
0.000000000000000000e+00 0.000000000000000000e+00 0.000000000000000000e+00
0.000000000000000000e+00 7.854292736901638443e-07 0.000000000000000000e+00
0.000000000000000000e+00 0.000000000000000000e+00 0.000000000000000000e+00
0.000000000000000000e+00 0.000000000000000000e+00 0.000000000000000000e+00
0.000000000000000000e+00 0.000000000000000000e+00 0.000000000000000000e+00
0.000000000000000000e+00 0.000000000000000000e+00 0.000000000000000000e+00
0.000000000000000000e+00 0.000000000000000000e+00 0.000000000000000000e+00
0.000000000000000000e+00 0.000000000000000000e+00 0.000000000000000000e+00
0.000000000000000000e+00 0.000000000000000000e+00 0.000000000000000000e+00
0.000000000000000000e+00 0.000000000000000000e+00 0.000000000000000000e+00
0.000000000000000000e+00 0.000000000000000000e+00 0.000000000000000000e+00
0.000000000000000000e+00 0.000000000000000000e+00 0.000000000000000000e+00
0.000000000000000000e+00 0.000000000000000000e+00 0.000000000000000000e+00
0.000000000000000000e+00 0.000000000000000000e+00 0.000000000000000000e+00
0.000000000000000000e+00 0.000000000000000000e+00 0.000000000000000000e+00
0.000000000000000000e+00 0.000000000000000000e+00 0.000000000000000000e+00
0.000000000000000000e+00 0.000000000000000000e+00 0.000000000000000000e+00
0.000000000000000000e+00 8.303704546967596634e-07 0.000000000000000000e+00
0.000000000000000000e+00 0.000000000000000000e+00 0.000000000000000000e+00
0.000000000000000000e+00 0.000000000000000000e+00 0.000000000000000000e+00
0.000000000000000000e+00 0.000000000000000000e+00 0.000000000000000000e+00
0.000000000000000000e+00 0.000000000000000000e+00 0.000000000000000000e+00
0.000000000000000000e+00 8.464069079960541240e-07 0.000000000000000000e+00
0.000000000000000000e+00 0.000000000000000000e+00 0.000000000000000000e+00
0.000000000000000000e+00 0.000000000000000000e+00 0.000000000000000000e+00
0.000000000000000000e+00 0.000000000000000000e+00 0.000000000000000000e+00
0.000000000000000000e+00 0.000000000000000000e+00 0.000000000000000000e+00
0.000000000000000000e+00 0.000000000000000000e+00 0.000000000000000000e+00
0.000000000000000000e+00 0.000000000000000000e+00 0.000000000000000000e+00
0.000000000000000000e+00 0.000000000000000000e+00 0.000000000000000000e+00
0.000000000000000000e+00 0.000000000000000000e+00 0.000000000000000000e+00
0.000000000000000000e+00 0.000000000000000000e+00 0.000000000000000000e+00
0.000000000000000000e+00 0.000000000000000000e+00 0.000000000000000000e+00
0.000000000000000000e+00 0.000000000000000000e+00 0.000000000000000000e+00
0.000000000000000000e+00 0.000000000000000000e+00 0.000000000000000000e+00
0.000000000000000000e+00 0.000000000000000000e+00 0.000000000000000000e+00
0.000000000000000000e+00 0.000000000000000000e+00 0.000000000000000000e+00
0.000000000000000000e+00 0.000000000000000000e+00 0.000000000000000000e+00
0.000000000000000000e+00 0.000000000000000000e+00 0.000000000000000000e+00
0.000000000000000000e+00 0.000000000000000000e+00 0.000000000000000000e+00
0.000000000000000000e+00 0.000000000000000000e+00 0.000000000000000000e+00
0.000000000000000000e+00 0.000000000000000000e+00 0.000000000000000000e+00
0.000000000000000000e+00 0.000000000000000000e+00 0.000000000000000000e+00
0.000000000000000000e+00 0.000000000000000000e+00 0.000000000000000000e+00
0.000000000000000000e+00 0.000000000000000000e+00 0.000000000000000000e+00
0.000000000000000000e+00 0.000000000000000000e+00 0.000000000000000000e+00
0.000000000000000000e+00 0.000000000000000000e+00 0.000000000000000000e+00
0.000000000000000000e+00 0.000000000000000000e+00 0.000000000000000000e+00
0.000000000000000000e+00 0.000000000000000000e+00 0.000000000000000000e+00
0.000000000000000000e+00 0.000000000000000000e+00 0.000000000000000000e+00
0.000000000000000000e+00 0.000000000000000000e+00 0.000000000000000000e+00
0.000000000000000000e+00 0.000000000000000000e+00 0.000000000000000000e+00
0.000000000000000000e+00 0.000000000000000000e+00 0.000000000000000000e+00
