2.139719965939451313e-08 2.179678071314115482e-08 5.775073533324325353e-10
1.612158277615938591e-07 1.533665326769998405e-07 2.215057624796951880e-08
4.256605015553649659e-07 4.054378498354294847e-07 5.751938025328020460e-08
8.553612141110182931e-07 8.339446662564017437e-07 1.908263886111698689e-07
1.416296623304224193e-06 1.366400706118514494e-06 3.839444954269051174e-07
2.020895889489727147e-06 2.046741581099167005e-06 6.499933296414049705e-07
2.824778121313233399e-06 2.796504907174992289e-06 9.659940849487494028e-07
3.616419668967683043e-06 3.629181307738059591e-06 1.426136097845677655e-06
4.568577186804070391e-06 4.479426897696393534e-06 2.251349736290334037e-06
5.687868563703668166e-06 5.714502482726848701e-06 2.708872542056722136e-06
6.572137922754474546e-06 6.702229045110933555e-06 3.737698018493520387e-06
7.658658480034078031e-06 7.852115862450761191e-06 3.925401289594503258e-06
9.100559342711248332e-06 9.079402578266566014e-06 5.420804816670215185e-06
1.063366348517201708e-05 1.081282601232129227e-05 6.160450528698398822e-06
1.220469329912736893e-05 1.198157169945925334e-05 7.506008152377219066e-06
1.307111668880777516e-05 1.317185098872165568e-05 8.030670765770695559e-06
1.485495615714417534e-05 1.499884646414643364e-05 1.053679491375623370e-05
1.591655654415925672e-05 1.614935781867073744e-05 1.099176506659316580e-05
1.746092832226844762e-05 1.845579435352082248e-05 1.241608377696899556e-05
1.871631489346927275e-05 1.975770612464474913e-05 1.328543587986249651e-05
2.091285832318801573e-05 2.216646752455904578e-05 1.607206591352049597e-05
2.164641164974036289e-05 2.329625628594466765e-05 1.469813436758428818e-05
2.330745682898189555e-05 2.475343125429233236e-05 1.601821300068362075e-05
2.516796612137439754e-05 2.529513534763399725e-05 1.871776126395443540e-05
2.600843070292906689e-05 2.722925357772989249e-05 1.997649875624821222e-05
2.782704100387634654e-05 2.967060161241286384e-05 2.361038877156433502e-05
2.872892546789647053e-05 3.072217794507321531e-05 2.161590515043189051e-05
3.124848879966347459e-05 3.401795486885996926e-05 2.818391353467451332e-05
3.180398961550517050e-05 3.504312815189347164e-05 2.603453962426926848e-05
3.472774213573273818e-05 3.752934281152717081e-05 2.587211462472862591e-05
3.605263942507208797e-05 3.593108978465414996e-05 3.216398822011399275e-05
3.775259839895960228e-05 3.883300029104870543e-05 3.461640277568508691e-05
4.081729787710414642e-05 3.962746617965578295e-05 2.905082637327744270e-05
3.749332503736148222e-05 4.004833525854166541e-05 3.578354020682911147e-05
4.131763675581019316e-05 4.481568573434811987e-05 3.948681244856867476e-05
4.296196639502684569e-05 4.477026952369630286e-05 3.942248869356634346e-05
4.281567676121453541e-05 4.626746560013764387e-05 2.869407226217221855e-05
4.455857974698196420e-05 4.787865118073195408e-05 4.233134322861634396e-05
4.698073476181045723e-05 5.162403706932622500e-05 3.687496325470360068e-05
4.637594288467410803e-05 5.351602109779114437e-05 4.979099690814561602e-05
4.838782393500840550e-05 5.200012126192045072e-05 4.904460809349001798e-05
5.135440041594766924e-05 5.240282575227394929e-05 5.041121550805917475e-05
5.065269663492296082e-05 5.279807792371121701e-05 4.925302451095098531e-05
5.168833149531390264e-05 5.287958371242360413e-05 4.537351040624230990e-05
5.627017070401488323e-05 5.421326525831692987e-05 4.741587995112490445e-05
5.369290479295362031e-05 5.296795168682731522e-05 5.146025972821932447e-05
5.765395693349313085e-05 5.665207091059968388e-05 5.180167327204370133e-05
5.860306446301137318e-05 6.255053563639746206e-05 4.761991365119589759e-05
5.963372977611159411e-05 5.764033793110378510e-05 6.620562152031554042e-05
5.568788205933615889e-05 6.384263941204677774e-05 4.688683145109378392e-05
5.746054140046570727e-05 6.159403628429787952e-05 6.006860300033995602e-05
5.913809262855404639e-05 5.666127168788989644e-05 5.075912671388580985e-05
6.048346344999535712e-05 6.455343288163033850e-05 5.456831415636517784e-05
6.025865892450527555e-05 6.624161194930069962e-05 6.287870025658381489e-05
6.520961184714432529e-05 6.621946141630936011e-05 5.874189535752936167e-05
6.203363035287614560e-05 6.709500860259700846e-05 7.242645607702290970e-05
6.001623014009182117e-05 6.531020712616151483e-05 5.750799068142888347e-05
6.252884188356040512e-05 6.827296589140022741e-05 6.759775616845648764e-05
6.674316566710077319e-05 6.938829568665412376e-05 7.593145067673879559e-05
6.249789396051736877e-05 7.072549696824814074e-05 6.627169822141838903e-05
6.471574132873966669e-05 6.446979393040424351e-05 6.034840038308870210e-05
6.683924540098173646e-05 6.506935758487759837e-05 5.416123485721922870e-05
6.602649462530533499e-05 6.779757853117063021e-05 7.048597397122922958e-05
6.622328914311916242e-05 7.140883912062035105e-05 5.762760301846292472e-05
6.390048766046753056e-05 6.656556010071096622e-05 7.310077373467577775e-05
6.515484428586445348e-05 6.739722585570652479e-05 7.278025539288311577e-05
6.204694902011265287e-05 6.274987323133960552e-05 7.690135420475870500e-05
6.655401390310773690e-05 6.325476526346972750e-05 7.911610265183843815e-05
6.908355172754464843e-05 7.494076142932090494e-05 7.034190666275195233e-05
6.843872020339380059e-05 7.272876616241127738e-05 6.263623907636662886e-05
6.542422512441005585e-05 6.953429743157732142e-05 7.446613035283089369e-05
6.849240234926739558e-05 6.653271719154953568e-05 7.421749723884428095e-05
7.186136485767931554e-05 7.372815122031996715e-05 6.359385965683069159e-05
6.702305600074159940e-05 6.827536855159726007e-05 6.305160102823071430e-05
6.435463245369521025e-05 7.403478411632230375e-05 7.577589731042554642e-05
7.234900896570606115e-05 7.707719460110513520e-05 7.889090823720865196e-05
7.458540459633408856e-05 6.863278157490747115e-05 8.115274783115045099e-05
6.944896497654812044e-05 7.264105525682728280e-05 7.923145833711206607e-05
6.723678449375934652e-05 7.656688815807219178e-05 6.914588682116872150e-05
7.245930558806825609e-05 6.218140999568748557e-05 7.219460307303692339e-05
6.119357005696239072e-05 7.223983434946508453e-05 8.538702082948631644e-05
7.268818790615903607e-05 6.822468180646536022e-05 5.699284637520647131e-05
6.821666975835817472e-05 7.117742667906324251e-05 6.743174041130491102e-05
7.243842894606262941e-05 7.080013044901575206e-05 7.824492118876164232e-05
6.929535768025613389e-05 6.711011790888289283e-05 6.586727792106818300e-05
6.925451273722779580e-05 7.324782314724310149e-05 6.261241725018027837e-05
6.771216234533250825e-05 6.482667281468904562e-05 6.751947997665308336e-05
6.084101126894691901e-05 6.998270974709716217e-05 4.710439783871876420e-05
7.336498180461991487e-05 6.783645518101728714e-05 6.537305734010655245e-05
6.638448363964835619e-05 6.849266384323323992e-05 4.929060544983047271e-05
7.048665620133528315e-05 7.036562300864611819e-05 6.313740664822248933e-05
5.972743594849092214e-05 7.070551365066930197e-05 7.922441697306498902e-05
6.373926696179462413e-05 6.749064103140378656e-05 5.455793874376847606e-05
6.053336564270024486e-05 5.756296412814816937e-05 8.275238333631419882e-05
6.421589126278244271e-05 7.274446969763153086e-05 6.871002300612269367e-05
6.848705967337206176e-05 6.197185658962749675e-05 5.615135653714086004e-05
6.347297818616331360e-05 5.787592243786035263e-05 3.900796764875090938e-05
5.663246640180077550e-05 6.878649518970723410e-05 6.698686712940827442e-05
5.700301447315551256e-05 6.846957591936387308e-05 7.041033388921063034e-05
5.686510415054111557e-05 6.694964403304751275e-05 8.707663902307184842e-05
5.434353291154759782e-05 5.906394469865253698e-05 7.109720599330313117e-05
6.301260185970267277e-05 6.058114638503427020e-05 6.351068909020780764e-05
5.043450369972190465e-05 6.339355902780180007e-05 7.173651050696706834e-05
5.874080451368211039e-05 6.773528963577443111e-05 5.649413673098859005e-05
5.902841528378136688e-05 6.109398233823765622e-05 7.681736878934580218e-05
6.219053164494989184e-05 5.374893046265045803e-05 5.399598077592451914e-05
5.983153337039370622e-05 5.429189714620232465e-05 5.991851623412008563e-05
5.792568173015682863e-05 6.088765108533007449e-05 4.568276524181319519e-05
6.454066599462080943e-05 5.761659691710388568e-05 9.845552381911935164e-05
5.758881521287009391e-05 5.962844925556873976e-05 5.540464657205463163e-05
5.735641370332955310e-05 5.309371951526206960e-05 6.996211916385316110e-05
5.119496910534094972e-05 5.314264855741864679e-05 4.917108044317667704e-05
4.981704938467975037e-05 5.178828590207258485e-05 5.850816686319956409e-05
5.950237074526313057e-05 5.419828514240984500e-05 6.519528296981934453e-05
5.056175336102723363e-05 5.659040128647580816e-05 4.619279438229503202e-05
6.082841643593121767e-05 5.365640873671963034e-05 5.869815269690073674e-05
5.659705470842426716e-05 5.111207449691286477e-05 4.183568733059850537e-05
5.434163082067082587e-05 5.551155554461482505e-05 4.250502574802202143e-05
4.938036336536186590e-05 5.395636398799744029e-05 5.567550526781740429e-05
5.467023988352430280e-05 5.795311848702485770e-05 6.284988651317743641e-05
4.415241989697039091e-05 5.837345483112858254e-05 7.990917483682247950e-05
4.725812694779502293e-05 5.233988312313577173e-05 5.187045298927107640e-05
5.198300953785582297e-05 5.703314121990614487e-05 4.282602687187651581e-05
4.923719182864516863e-05 5.800089464547493787e-05 5.362885301291575038e-05
5.491741003822673693e-05 6.685489506030538028e-05 6.491432810739351789e-05
5.491955491883926681e-05 5.186162835670421716e-05 4.852566914138987405e-05
4.368109586135677304e-05 4.388328477615503613e-05 8.103595788523651543e-05
5.290201575910999599e-05 4.868468300182956246e-05 3.940636954777440235e-05
4.635554942867488494e-05 5.184841694367792279e-05 3.637766181286738104e-05
4.093428696367979965e-05 3.862042161844166316e-05 6.266702550037869281e-05
5.632180345593440480e-05 4.984830753086293186e-05 5.620274342315128798e-05
5.215686424678820271e-05 3.607168425691103413e-05 7.222826963890441212e-05
4.375976733603774714e-05 4.563400310409061039e-05 6.172469865275769744e-05
4.904193206780837187e-05 4.954680884072536386e-05 4.315288159617884715e-05
4.935864367777952473e-05 3.898202396744124558e-05 3.583417316403253406e-05
4.046296515356876701e-05 3.289481174715485294e-05 3.234609037416490992e-05
4.694843860410205814e-05 4.838976278173714736e-05 4.507553069746797014e-05
4.811230024740863735e-05 4.906343004919260794e-05 4.171682152746022769e-05
4.325229017875914631e-05 3.226587050479491950e-05 4.218362565109965302e-05
4.700259595776524855e-05 3.981194676401556991e-05 2.139394759408979726e-05
4.091631985138523145e-05 4.040600057755539080e-05 3.035887207724828168e-05
4.938517809325522657e-05 4.611641887730604070e-05 3.971342598187769222e-05
3.353532670628608524e-05 4.158650668487368226e-05 4.471411673587088754e-05
4.046264955210666822e-05 3.918693020600292362e-05 2.721785852974276121e-05
4.111762273356561406e-05 3.972927978315751691e-05 3.674601572258609202e-05
3.388393913232571908e-05 3.639108605378617165e-05 6.050304699242947209e-05
4.448724189121438437e-05 3.613667550141738981e-05 3.297351901252936282e-05
3.596454206510574334e-05 4.060403719963853102e-05 6.220217680255211642e-05
3.644140382302124505e-05 4.191387463667351507e-05 2.914663730816570504e-05
4.280122296168363354e-05 3.431588602051627258e-05 2.951402706231525799e-05
3.625518863069530332e-05 3.889670618490221650e-05 9.925049825698309690e-06
3.554503449035212233e-05 3.187453418267450085e-05 6.059126652273045654e-05
3.355808872690374664e-05 4.085094300800981099e-05 3.067285895173019802e-05
3.586306699909829816e-05 2.152523868569948214e-05 2.593829943239093870e-05
2.945886541804966307e-05 3.836784377904171401e-05 4.721250193318314884e-05
4.125615514714074623e-05 3.182424202989524951e-05 4.263437894384137220e-05
2.633414140557504659e-05 3.579097351573330585e-05 2.689017134971892747e-05
3.382398615000353976e-05 2.993626647229140933e-05 3.814605060089293207e-05
3.624647906331067318e-05 4.039149123419715246e-05 3.318009585778678675e-05
3.140661138877351509e-05 2.788870212166927787e-05 3.918928242082496047e-05
3.309935977624950545e-05 3.577675888792671320e-05 4.527689694741609156e-05
2.805312225401451265e-05 2.574385712325956532e-05 2.290744365184042979e-05
3.599497215988502452e-05 3.187711529878429356e-05 2.318664662458159547e-05
3.786333663661941825e-05 2.441990680754332207e-05 2.934086218669578378e-05
3.621598787218662533e-05 1.976723964907456046e-05 2.971580813156960690e-05
3.449160946611806841e-05 2.804813679899111398e-05 1.209145069528385150e-05
2.472965897038447480e-05 3.546868582345346130e-05 4.261974864017740409e-05
4.415529915144807252e-05 3.691791587605557106e-05 3.078713110643906836e-05
2.608014752399674273e-05 3.113098404786899653e-05 3.758763268269717131e-05
3.467379809439358998e-05 2.626117191030191323e-05 1.894712218285533856e-05
3.280489529797530945e-05 2.653755810886752512e-05 1.918941856219363154e-05
2.701204158877784685e-05 3.010202902074879045e-05 3.231956940537900785e-05
2.652768500997811497e-05 2.395806155962486658e-05 2.621714885794750353e-05
3.000654271047316352e-05 2.750364580939371534e-05 4.636506905145764746e-05
2.559161892565634449e-05 2.561456833041126884e-05 2.010978252345651472e-05
2.748242419480391216e-05 2.588485508140965152e-05 2.706865246223672734e-05
3.842097645438754953e-05 2.847469318005097923e-05 2.741246618296374059e-05
2.066488828926104656e-05 2.074700631711844199e-05 1.381513231497297255e-05
3.011028581556683640e-05 2.562378683627248996e-05 6.985766991623038792e-06
1.862718901537993642e-05 3.419551610312619212e-05 2.124060495409620298e-05
2.650312092012851783e-05 2.976107033471534868e-05 5.019819875153483201e-05
1.469208174208199317e-05 2.168607514884346931e-05 4.355533414586416170e-05
2.884307708065634286e-05 1.948918082127037746e-05 7.364038885857973703e-06
1.766785803083565081e-05 2.090381804358372851e-05 7.396280698828166867e-06
3.215164154821805099e-05 2.241531996513262739e-05 5.231774159003142917e-05
2.528205730963933347e-05 2.389799090047917772e-05 3.787113878949793067e-05
2.009210388435519267e-05 1.398626520584664598e-05 3.056469675439185403e-05
2.397664744480006567e-05 2.574161203085695675e-05 2.321065860562816731e-05
2.424144055671683366e-05 2.208469177008227832e-05 2.353526210766839166e-05
1.507896235706249885e-05 1.706242732070267429e-05 2.377186651819005310e-05
2.189880581486026911e-05 1.591454623080183531e-05 2.401973971701293901e-05
1.634147452567015973e-05 2.145478803599622073e-05 1.608151942718364559e-05
1.751408172231838796e-05 2.439024094022000042e-05 0.000000000000000000e+00
1.376713985346791489e-05 1.368939016213298106e-05 1.650493619807219385e-05
2.180864910916410928e-05 2.076397454891377084e-05 2.496588445166129529e-05
1.804767687414406398e-05 1.397160256593385306e-05 3.362646995452481897e-05
1.722215818013708165e-05 2.117179259105427555e-05 1.699263904512964837e-05
2.049446224001257025e-05 2.139997919332044135e-05 3.425912045663474364e-05
1.754872952242741405e-05 1.873022040404286468e-05 2.593367479576208796e-05
1.462463112550436731e-05 1.889724957990980111e-05 1.756118763957419712e-05
1.792758703259677078e-05 2.058111920058294540e-05 1.762806686461502545e-05
1.919342611762827450e-05 1.482187003868279947e-05 8.909424265810087933e-06
1.935969946301896398e-05 9.004425408964049254e-06 4.506945384112866427e-05
2.281512379694424080e-05 9.091755003996133898e-06 1.828235382057300450e-05
1.645256124344358686e-05 2.293474872336432138e-05 2.763213695104208229e-05
1.883352833590070196e-05 1.082553330202161188e-05 0.000000000000000000e+00
1.005097706339770178e-05 1.245510206501388261e-05 0.000000000000000000e+00
1.354707917571312955e-05 1.574581171853068099e-05 1.901071982800244399e-05
1.481432561819586806e-05 1.906824597699239708e-05 0.000000000000000000e+00
1.151774766561081776e-05 9.620312338011041605e-06 3.857971038025326293e-05
1.395418482233621994e-05 1.619269920141376453e-05 1.953015846481867079e-05
1.761141210467552352e-05 9.814232889094252923e-06 2.956286552105978366e-05
1.538719614585301186e-05 1.156323774771680197e-05 0.000000000000000000e+00
1.672669264822288475e-05 1.499798133328550025e-05 3.017703121006088177e-05
1.447246238569050990e-05 1.849637546211968807e-05 1.013946422044543714e-05
1.949742460702136375e-05 1.527905278944750669e-05 2.042662277725797336e-05
1.720810358538267786e-05 1.029642287169746288e-05 3.095744013776858633e-05
1.241560044272548022e-05 2.418796321097771792e-05 1.042104976315773028e-05
2.001611917917289117e-05 1.396512894605120663e-05 1.050550810075081826e-05
1.770368358371326851e-05 1.585099269734071352e-05 2.123085810895419909e-05
1.147402309018927827e-05 8.887690082670302770e-06 1.072203110161486975e-05
2.316699700418914924e-05 8.956832972338884451e-06 1.082721526255862072e-05
6.489009060313512603e-06 7.239600345911409129e-06 2.179924225465849842e-05
1.835854200482149319e-05 1.643996350138418597e-05 1.095647091597743165e-05
1.188816212282874252e-05 1.106044798474895967e-05 0.000000000000000000e+00
1.066577240672828621e-05 7.438808282393661116e-06 1.120933462346581677e-05
1.480002122127302537e-05 1.313610504068589083e-05 0.000000000000000000e+00
8.143115962281572491e-06 1.514334403051065856e-05 2.285387632343254376e-05
1.368061655369424446e-05 7.638722728759978807e-06 3.454010560298275692e-05
8.296612151406387810e-06 9.635503909547186673e-06 0.000000000000000000e+00
1.672408960801046265e-05 5.849319430181051195e-06 0.000000000000000000e+00
9.842224836169086692e-06 1.175139756640618248e-05 1.176438820918978141e-05
5.683429483851807661e-06 7.905064667924515044e-06 3.570559044753581244e-05
1.288758960968018691e-05 5.973603675624474787e-06 0.000000000000000000e+00
8.656085995885252907e-06 1.409539134755133271e-05 2.425070286668071017e-05
7.274826005784648542e-06 6.084697571690320133e-06 2.440807573329557817e-05
8.805389254143142417e-06 1.023692572889824830e-05 0.000000000000000000e+00
8.873035295042824532e-06 8.257105290609048479e-06 0.000000000000000000e+00
0.000000000000000000e+00 1.454096346408213913e-05 1.254633351774052447e-05
7.536161484493181958e-06 6.277741699456477715e-06 1.259261826713970858e-05
6.070363804828854698e-06 4.232417818936268255e-06 0.000000000000000000e+00
6.123488693251231950e-06 6.388103224158443154e-06 0.000000000000000000e+00
1.079230675790765069e-05 6.458185903620637620e-06 0.000000000000000000e+00
1.089432178123297403e-05 2.175021191133352456e-06 1.303871628719175692e-05
1.411096652513852090e-05 4.376484458153814933e-06 0.000000000000000000e+00
1.106935970171390191e-05 1.101756777889257620e-05 2.648614685318892816e-05
6.356376580084936223e-06 8.886590618717384629e-06 2.668520096089193586e-05
4.811688990560576679e-06 0.000000000000000000e+00 0.000000000000000000e+00
4.852257887286109438e-06 9.038656120025266596e-06 1.357990934429711227e-05
9.803292859586817067e-06 1.138684829593076082e-05 0.000000000000000000e+00
9.895170214712482068e-06 9.194220936996613591e-06 1.377743270537515762e-05
1.159917427051162812e-05 9.247095961189723533e-06 0.000000000000000000e+00
5.030027003336338921e-06 2.339994437865184102e-06 2.805491599887155403e-05
6.746037687616717379e-06 7.049623611989738108e-06 0.000000000000000000e+00
8.496807405145166391e-06 2.359274931698478426e-06 0.000000000000000000e+00
1.541660801020994809e-05 4.778184446504052323e-06 1.436956050248991338e-05
8.624970026401111513e-06 4.799144064200943423e-06 1.448225366758150589e-05
1.217538851083860366e-05 4.856267275279559382e-06 0.000000000000000000e+00
8.774715991712598776e-06 2.449286923884601498e-06 0.000000000000000000e+00
3.523685159418695465e-06 1.234050955540619453e-05 0.000000000000000000e+00
1.244276383562277240e-05 2.474335639409048273e-06 0.000000000000000000e+00
1.792711875325865846e-06 5.006676822737434351e-06 0.000000000000000000e+00
3.626697039943337942e-06 1.007239043052933516e-05 0.000000000000000000e+00
7.283793059620255078e-06 0.000000000000000000e+00 0.000000000000000000e+00
5.511196452469453722e-06 2.563396958916387655e-06 1.540896140626529681e-05
5.549035035428596844e-06 5.156270387848047185e-06 0.000000000000000000e+00
7.450081311679258282e-06 5.193626417787723838e-06 0.000000000000000000e+00
5.630709216995253246e-06 0.000000000000000000e+00 0.000000000000000000e+00
3.785691774126247762e-06 1.054925669293946370e-05 1.583110519600609920e-05
9.524658255286601565e-06 5.309645111943992606e-06 0.000000000000000000e+00
3.850809182183225191e-06 2.684859026492476532e-06 1.607761068838974849e-05
1.352709517020045003e-05 8.086327838452838591e-06 0.000000000000000000e+00
7.788873896483918652e-06 0.000000000000000000e+00 1.629246983422666847e-05
3.935433708338700027e-06 8.197906900560811134e-06 0.000000000000000000e+00
5.931075728146764443e-06 5.514157869845611656e-06 0.000000000000000000e+00
1.194815650789727736e-05 0.000000000000000000e+00 1.672646661025599334e-05
0.000000000000000000e+00 5.587495702176554011e-06 0.000000000000000000e+00
1.010569247233380328e-05 8.431457009912077334e-06 0.000000000000000000e+00
8.133452326134277800e-06 0.000000000000000000e+00 0.000000000000000000e+00
6.152651175345875740e-06 5.712716402335875194e-06 3.443568065292545229e-05
0.000000000000000000e+00 0.000000000000000000e+00 0.000000000000000000e+00
1.247669615764337303e-05 2.906450249284381028e-06 0.000000000000000000e+00
4.188892083604326677e-06 2.913877818413390158e-06 0.000000000000000000e+00
0.000000000000000000e+00 0.000000000000000000e+00 0.000000000000000000e+00
2.121519721750576013e-06 1.183042609449896874e-05 0.000000000000000000e+00
0.000000000000000000e+00 5.971499066056783523e-06 1.791168072583658165e-05
4.300539124143875104e-06 6.003317345728358023e-06 0.000000000000000000e+00
2.170751030400129957e-06 6.029315563728881849e-06 0.000000000000000000e+00
6.550353653606313288e-06 0.000000000000000000e+00 0.000000000000000000e+00
6.590384734535347200e-06 0.000000000000000000e+00 0.000000000000000000e+00
8.855955444442500330e-06 3.078833512104623898e-06 0.000000000000000000e+00
4.459438413658965727e-06 3.114589055802582781e-06 1.875518655755941514e-05
6.718558567285488729e-06 3.136826885915813916e-06 0.000000000000000000e+00
4.515301090177196040e-06 9.440499926288135641e-06 0.000000000000000000e+00
4.543051469881111407e-06 1.585856689286884897e-05 0.000000000000000000e+00
6.869667463977578386e-06 6.389864554762173342e-06 0.000000000000000000e+00
2.309983049611239024e-06 0.000000000000000000e+00 0.000000000000000000e+00
2.315592449892847624e-06 6.485332031966128553e-06 0.000000000000000000e+00
2.331835595499336838e-06 3.264044127422877903e-06 0.000000000000000000e+00
4.709477787082127012e-06 6.569234395821470416e-06 0.000000000000000000e+00
2.365752758907933575e-06 3.293828594790507351e-06 0.000000000000000000e+00
0.000000000000000000e+00 0.000000000000000000e+00 0.000000000000000000e+00
2.393570029661491080e-06 0.000000000000000000e+00 2.018993314918782648e-05
4.839912562504555148e-06 0.000000000000000000e+00 0.000000000000000000e+00
2.438159863695043045e-06 0.000000000000000000e+00 0.000000000000000000e+00
2.452900627088624739e-06 3.401815836711063447e-06 0.000000000000000000e+00
2.472194474853702790e-06 3.427741151082969955e-06 0.000000000000000000e+00
0.000000000000000000e+00 0.000000000000000000e+00 0.000000000000000000e+00
7.500595307644211589e-06 3.472671084000107091e-06 0.000000000000000000e+00
5.031764491002447805e-06 0.000000000000000000e+00 0.000000000000000000e+00
2.526619350724846089e-06 3.528790495197063834e-06 0.000000000000000000e+00
5.091099791378457745e-06 0.000000000000000000e+00 0.000000000000000000e+00
2.564544266388361672e-06 0.000000000000000000e+00 0.000000000000000000e+00
0.000000000000000000e+00 3.599113417274908196e-06 0.000000000000000000e+00
2.593503345944104181e-06 3.627621134979580486e-06 0.000000000000000000e+00
0.000000000000000000e+00 0.000000000000000000e+00 2.189914785753733860e-05
2.627937329841716185e-06 0.000000000000000000e+00 0.000000000000000000e+00
0.000000000000000000e+00 0.000000000000000000e+00 0.000000000000000000e+00
5.327877478829638375e-06 3.713819026974182022e-06 0.000000000000000000e+00
2.681356110578247894e-06 3.735292890250456512e-06 0.000000000000000000e+00
0.000000000000000000e+00 7.509912782859195360e-06 0.000000000000000000e+00
8.140328499288213075e-06 3.784070683707198784e-06 0.000000000000000000e+00
0.000000000000000000e+00 0.000000000000000000e+00 0.000000000000000000e+00
2.746168120892570328e-06 0.000000000000000000e+00 0.000000000000000000e+00
0.000000000000000000e+00 0.000000000000000000e+00 0.000000000000000000e+00
2.774766753009435614e-06 7.766105085868932754e-06 0.000000000000000000e+00
0.000000000000000000e+00 1.557896146665757711e-05 0.000000000000000000e+00
0.000000000000000000e+00 0.000000000000000000e+00 0.000000000000000000e+00
2.830339610303164248e-06 0.000000000000000000e+00 0.000000000000000000e+00
2.840691346657925556e-06 1.191038575288534289e-05 0.000000000000000000e+00
0.000000000000000000e+00 0.000000000000000000e+00 0.000000000000000000e+00
0.000000000000000000e+00 1.206221844236476128e-05 0.000000000000000000e+00
2.893430551281830390e-06 0.000000000000000000e+00 0.000000000000000000e+00
2.911584269869321988e-06 0.000000000000000000e+00 0.000000000000000000e+00
2.938921293959501122e-06 4.088271722954948346e-06 0.000000000000000000e+00
2.949469546392308551e-06 0.000000000000000000e+00 0.000000000000000000e+00
2.978397846827280308e-06 0.000000000000000000e+00 0.000000000000000000e+00
2.986183116795253449e-06 0.000000000000000000e+00 0.000000000000000000e+00
2.999654335935920478e-06 0.000000000000000000e+00 0.000000000000000000e+00
0.000000000000000000e+00 4.205502805625315849e-06 0.000000000000000000e+00
3.034535813817236147e-06 0.000000000000000000e+00 0.000000000000000000e+00
0.000000000000000000e+00 0.000000000000000000e+00 0.000000000000000000e+00
0.000000000000000000e+00 4.297271038033395649e-06 0.000000000000000000e+00
0.000000000000000000e+00 0.000000000000000000e+00 0.000000000000000000e+00
3.117192449802277439e-06 4.332442943131473745e-06 0.000000000000000000e+00
0.000000000000000000e+00 0.000000000000000000e+00 0.000000000000000000e+00
0.000000000000000000e+00 0.000000000000000000e+00 0.000000000000000000e+00
0.000000000000000000e+00 0.000000000000000000e+00 2.656766095969591223e-05
0.000000000000000000e+00 0.000000000000000000e+00 0.000000000000000000e+00
0.000000000000000000e+00 0.000000000000000000e+00 0.000000000000000000e+00
0.000000000000000000e+00 0.000000000000000000e+00 0.000000000000000000e+00
0.000000000000000000e+00 9.032212223291363745e-06 0.000000000000000000e+00
0.000000000000000000e+00 0.000000000000000000e+00 0.000000000000000000e+00
0.000000000000000000e+00 0.000000000000000000e+00 0.000000000000000000e+00
3.292527159949790511e-06 4.602358154770527879e-06 0.000000000000000000e+00
3.316367079653665313e-06 0.000000000000000000e+00 0.000000000000000000e+00
3.337297553627700671e-06 0.000000000000000000e+00 0.000000000000000000e+00
0.000000000000000000e+00 0.000000000000000000e+00 0.000000000000000000e+00
0.000000000000000000e+00 0.000000000000000000e+00 0.000000000000000000e+00
0.000000000000000000e+00 0.000000000000000000e+00 2.840925021331086085e-05
0.000000000000000000e+00 0.000000000000000000e+00 0.000000000000000000e+00
0.000000000000000000e+00 0.000000000000000000e+00 0.000000000000000000e+00
0.000000000000000000e+00 0.000000000000000000e+00 0.000000000000000000e+00
0.000000000000000000e+00 0.000000000000000000e+00 0.000000000000000000e+00
0.000000000000000000e+00 0.000000000000000000e+00 0.000000000000000000e+00
0.000000000000000000e+00 4.872950855266527282e-06 0.000000000000000000e+00
0.000000000000000000e+00 0.000000000000000000e+00 0.000000000000000000e+00
0.000000000000000000e+00 0.000000000000000000e+00 0.000000000000000000e+00
0.000000000000000000e+00 0.000000000000000000e+00 0.000000000000000000e+00
7.165463716596073531e-06 0.000000000000000000e+00 0.000000000000000000e+00
3.599816831753385828e-06 0.000000000000000000e+00 0.000000000000000000e+00
0.000000000000000000e+00 0.000000000000000000e+00 0.000000000000000000e+00
0.000000000000000000e+00 0.000000000000000000e+00 0.000000000000000000e+00
0.000000000000000000e+00 0.000000000000000000e+00 0.000000000000000000e+00
0.000000000000000000e+00 0.000000000000000000e+00 0.000000000000000000e+00
0.000000000000000000e+00 0.000000000000000000e+00 0.000000000000000000e+00
0.000000000000000000e+00 5.195286291816798505e-06 0.000000000000000000e+00
0.000000000000000000e+00 0.000000000000000000e+00 0.000000000000000000e+00
0.000000000000000000e+00 0.000000000000000000e+00 0.000000000000000000e+00
0.000000000000000000e+00 0.000000000000000000e+00 0.000000000000000000e+00
0.000000000000000000e+00 0.000000000000000000e+00 0.000000000000000000e+00
0.000000000000000000e+00 5.328450679008842408e-06 0.000000000000000000e+00
0.000000000000000000e+00 0.000000000000000000e+00 0.000000000000000000e+00
0.000000000000000000e+00 5.370970696472155979e-06 0.000000000000000000e+00
0.000000000000000000e+00 0.000000000000000000e+00 0.000000000000000000e+00
0.000000000000000000e+00 0.000000000000000000e+00 0.000000000000000000e+00
0.000000000000000000e+00 0.000000000000000000e+00 0.000000000000000000e+00
0.000000000000000000e+00 0.000000000000000000e+00 0.000000000000000000e+00
3.968022456652196834e-06 0.000000000000000000e+00 0.000000000000000000e+00
0.000000000000000000e+00 0.000000000000000000e+00 0.000000000000000000e+00
0.000000000000000000e+00 0.000000000000000000e+00 3.361265344323496933e-05
0.000000000000000000e+00 0.000000000000000000e+00 0.000000000000000000e+00
4.032778661439228244e-06 0.000000000000000000e+00 0.000000000000000000e+00
0.000000000000000000e+00 0.000000000000000000e+00 0.000000000000000000e+00
4.088937917670972219e-06 0.000000000000000000e+00 0.000000000000000000e+00
0.000000000000000000e+00 0.000000000000000000e+00 0.000000000000000000e+00
0.000000000000000000e+00 0.000000000000000000e+00 3.459682598068438092e-05
0.000000000000000000e+00 0.000000000000000000e+00 0.000000000000000000e+00
4.177254762581731874e-06 0.000000000000000000e+00 0.000000000000000000e+00
0.000000000000000000e+00 0.000000000000000000e+00 0.000000000000000000e+00
0.000000000000000000e+00 0.000000000000000000e+00 0.000000000000000000e+00
0.000000000000000000e+00 0.000000000000000000e+00 0.000000000000000000e+00
0.000000000000000000e+00 0.000000000000000000e+00 0.000000000000000000e+00
0.000000000000000000e+00 0.000000000000000000e+00 0.000000000000000000e+00
0.000000000000000000e+00 0.000000000000000000e+00 0.000000000000000000e+00
0.000000000000000000e+00 0.000000000000000000e+00 0.000000000000000000e+00
0.000000000000000000e+00 6.049258977395424196e-06 0.000000000000000000e+00
0.000000000000000000e+00 0.000000000000000000e+00 0.000000000000000000e+00
4.370416966229057655e-06 0.000000000000000000e+00 0.000000000000000000e+00
0.000000000000000000e+00 0.000000000000000000e+00 0.000000000000000000e+00
0.000000000000000000e+00 0.000000000000000000e+00 0.000000000000000000e+00
0.000000000000000000e+00 0.000000000000000000e+00 0.000000000000000000e+00
0.000000000000000000e+00 0.000000000000000000e+00 0.000000000000000000e+00
0.000000000000000000e+00 0.000000000000000000e+00 0.000000000000000000e+00
0.000000000000000000e+00 0.000000000000000000e+00 0.000000000000000000e+00
4.525997233555917859e-06 0.000000000000000000e+00 0.000000000000000000e+00
0.000000000000000000e+00 0.000000000000000000e+00 0.000000000000000000e+00
4.564441825070266754e-06 0.000000000000000000e+00 0.000000000000000000e+00
0.000000000000000000e+00 0.000000000000000000e+00 0.000000000000000000e+00
0.000000000000000000e+00 0.000000000000000000e+00 0.000000000000000000e+00
0.000000000000000000e+00 0.000000000000000000e+00 0.000000000000000000e+00
4.656841543446121732e-06 0.000000000000000000e+00 0.000000000000000000e+00
4.683411524972696853e-06 0.000000000000000000e+00 0.000000000000000000e+00
0.000000000000000000e+00 0.000000000000000000e+00 0.000000000000000000e+00
0.000000000000000000e+00 0.000000000000000000e+00 0.000000000000000000e+00
0.000000000000000000e+00 0.000000000000000000e+00 0.000000000000000000e+00
0.000000000000000000e+00 0.000000000000000000e+00 0.000000000000000000e+00
0.000000000000000000e+00 0.000000000000000000e+00 0.000000000000000000e+00
0.000000000000000000e+00 0.000000000000000000e+00 0.000000000000000000e+00
0.000000000000000000e+00 0.000000000000000000e+00 0.000000000000000000e+00
0.000000000000000000e+00 0.000000000000000000e+00 0.000000000000000000e+00
0.000000000000000000e+00 6.799369210063599022e-06 0.000000000000000000e+00
0.000000000000000000e+00 0.000000000000000000e+00 0.000000000000000000e+00
0.000000000000000000e+00 0.000000000000000000e+00 0.000000000000000000e+00
0.000000000000000000e+00 6.908289103541257823e-06 0.000000000000000000e+00
0.000000000000000000e+00 0.000000000000000000e+00 0.000000000000000000e+00
0.000000000000000000e+00 0.000000000000000000e+00 0.000000000000000000e+00
0.000000000000000000e+00 0.000000000000000000e+00 0.000000000000000000e+00
0.000000000000000000e+00 0.000000000000000000e+00 0.000000000000000000e+00
0.000000000000000000e+00 0.000000000000000000e+00 0.000000000000000000e+00
0.000000000000000000e+00 0.000000000000000000e+00 0.000000000000000000e+00
0.000000000000000000e+00 0.000000000000000000e+00 0.000000000000000000e+00
0.000000000000000000e+00 0.000000000000000000e+00 0.000000000000000000e+00
0.000000000000000000e+00 0.000000000000000000e+00 0.000000000000000000e+00
0.000000000000000000e+00 0.000000000000000000e+00 0.000000000000000000e+00
0.000000000000000000e+00 0.000000000000000000e+00 0.000000000000000000e+00
0.000000000000000000e+00 0.000000000000000000e+00 0.000000000000000000e+00
0.000000000000000000e+00 0.000000000000000000e+00 0.000000000000000000e+00
0.000000000000000000e+00 0.000000000000000000e+00 0.000000000000000000e+00
0.000000000000000000e+00 0.000000000000000000e+00 0.000000000000000000e+00
0.000000000000000000e+00 0.000000000000000000e+00 0.000000000000000000e+00
0.000000000000000000e+00 0.000000000000000000e+00 0.000000000000000000e+00
0.000000000000000000e+00 0.000000000000000000e+00 0.000000000000000000e+00
0.000000000000000000e+00 7.509555929543839802e-06 0.000000000000000000e+00
0.000000000000000000e+00 0.000000000000000000e+00 0.000000000000000000e+00
0.000000000000000000e+00 0.000000000000000000e+00 0.000000000000000000e+00
0.000000000000000000e+00 0.000000000000000000e+00 0.000000000000000000e+00
0.000000000000000000e+00 0.000000000000000000e+00 0.000000000000000000e+00
0.000000000000000000e+00 0.000000000000000000e+00 0.000000000000000000e+00
0.000000000000000000e+00 0.000000000000000000e+00 0.000000000000000000e+00
0.000000000000000000e+00 0.000000000000000000e+00 0.000000000000000000e+00
0.000000000000000000e+00 0.000000000000000000e+00 0.000000000000000000e+00
0.000000000000000000e+00 0.000000000000000000e+00 0.000000000000000000e+00
0.000000000000000000e+00 0.000000000000000000e+00 0.000000000000000000e+00
0.000000000000000000e+00 0.000000000000000000e+00 0.000000000000000000e+00
0.000000000000000000e+00 0.000000000000000000e+00 0.000000000000000000e+00
0.000000000000000000e+00 0.000000000000000000e+00 0.000000000000000000e+00
0.000000000000000000e+00 0.000000000000000000e+00 0.000000000000000000e+00
0.000000000000000000e+00 0.000000000000000000e+00 0.000000000000000000e+00
0.000000000000000000e+00 0.000000000000000000e+00 0.000000000000000000e+00
