2.324575029636866386e-08 1.636022922648861536e-08 1.558748920351022950e-09
1.681046560168933889e-07 1.207091429738251087e-07 2.000283306168936013e-08
4.519880618004972418e-07 3.379145073397733738e-07 8.301455259425591774e-08
8.758062469613008085e-07 6.672420426837096230e-07 2.143554739077017992e-07
1.431236077056903310e-06 1.119289030006549935e-06 4.107713053008628610e-07
2.111761996209327298e-06 1.704126670782359749e-06 7.008230233120394259e-07
2.904071234873271818e-06 2.336543296689505494e-06 1.064379609738784642e-06
3.831916745008800430e-06 3.135239607987295951e-06 1.557893119046876571e-06
4.821789060261936321e-06 4.055917316763812936e-06 2.068100386953735031e-06
5.927067822943956309e-06 5.102358608820249173e-06 2.976025141080481263e-06
7.085445534057217248e-06 6.115832959194282867e-06 3.692746235985535464e-06
8.385006803950098629e-06 7.348768466585958348e-06 4.646366286262882593e-06
9.699833946088879985e-06 8.713926015806191288e-06 5.639343479112506528e-06
1.117375811424931309e-05 1.004587954706460347e-05 6.529752227777916925e-06
1.265938357441524202e-05 1.149645630638473471e-05 8.093286715847609208e-06
1.420496105108069662e-05 1.286866415777364985e-05 9.097230879556264966e-06
1.568805843446243465e-05 1.460655080783290106e-05 1.061282562498699841e-05
1.729718671574432040e-05 1.623666642558708656e-05 1.215295812375864778e-05
1.879480171823414163e-05 1.788603744187099563e-05 1.378177871271551645e-05
2.044237230563886523e-05 1.937359659989571230e-05 1.517670356664758243e-05
2.237202721226016393e-05 2.110537338005684859e-05 1.715078165286018833e-05
2.389384660992758559e-05 2.277583270661575945e-05 1.856811294983048066e-05
2.554196557449749913e-05 2.445180346099824070e-05 2.053038032913101068e-05
2.741577817264734680e-05 2.656428284193888419e-05 2.222897217824567999e-05
2.914500949494634288e-05 2.859210688127938714e-05 2.343324033644078933e-05
3.084368454104355583e-05 3.029012755365958646e-05 2.613621557331740125e-05
3.232356656721905918e-05 3.175392286853431740e-05 2.780220996722457196e-05
3.413295931145961308e-05 3.378586073471708499e-05 2.920520932741240422e-05
3.574422188204190302e-05 3.521382768283069634e-05 3.229958377198610431e-05
3.741856923980159665e-05 3.742701784941773036e-05 3.341449253920735212e-05
3.885240476218576383e-05 3.922160039856729843e-05 3.524472133220168252e-05
4.085984298037043393e-05 4.086476140849875104e-05 3.716916887757298676e-05
4.192527248480731688e-05 4.267515366135748311e-05 3.883920798386800778e-05
4.337085494968017681e-05 4.411795738993853834e-05 4.220848919109450629e-05
4.525089905577249949e-05 4.612406345129125982e-05 4.131364140828734552e-05
4.637832543179946432e-05 4.690630798244876959e-05 4.464250247540633239e-05
4.841699225729047821e-05 4.880432540689309763e-05 4.551118157640274281e-05
4.938069573673671401e-05 5.056775496423104291e-05 4.851691893093371436e-05
5.055312542243415246e-05 5.132099554320041819e-05 4.918160574458577990e-05
5.204932526430705456e-05 5.378266346024290881e-05 5.072359656920176892e-05
5.334933923355266659e-05 5.389071218329629845e-05 5.080094446465907001e-05
5.419478648950591025e-05 5.553585474988256994e-05 5.528433296404140377e-05
5.538473733571822863e-05 5.811623950848381667e-05 5.391960453143445676e-05
5.707832956808573755e-05 5.920866083670157633e-05 5.694766248637250468e-05
5.721515626551195761e-05 5.996355352976292082e-05 5.950487722903879706e-05
5.951593403171081647e-05 6.049899328896068089e-05 6.154778222494460644e-05
5.976596779939846358e-05 6.226121259310690205e-05 5.938146632444697248e-05
6.061407385524837307e-05 6.250453689623987905e-05 6.064721949138730225e-05
6.186566282868616177e-05 6.371539034798952305e-05 6.220564199778284831e-05
6.292402752558296441e-05 6.511205388972777272e-05 6.550497145521682176e-05
6.277334020047433522e-05 6.574665362261094105e-05 6.809108858841878226e-05
6.461018011835583795e-05 6.536790739262330556e-05 6.642339697237827946e-05
6.507838344200944278e-05 6.685314690549199455e-05 6.700473259662597931e-05
6.579103276199050221e-05 6.743432836527853602e-05 6.756777397410747266e-05
6.617215900259132888e-05 6.864714743471602863e-05 6.780423204237837087e-05
6.670258707079338583e-05 6.952528181496613448e-05 6.961526220021010145e-05
6.745548179611844685e-05 7.064929472233762034e-05 6.963109076617412922e-05
6.705150321106672067e-05 7.134982060465331797e-05 7.274717177139581313e-05
6.765854164841209821e-05 7.282739002267314687e-05 7.279821145204379838e-05
6.861866821306803431e-05 7.168859975414349308e-05 7.172506056779814074e-05
6.801985112832056011e-05 7.162165270451422718e-05 7.264300107816971453e-05
6.959289932025814938e-05 7.239030054186604182e-05 7.140697090188394183e-05
6.931068199246087592e-05 7.232788367702817228e-05 7.404482500572555782e-05
6.966339075167309763e-05 7.314914440458141908e-05 7.267673896047661085e-05
7.062764231823940870e-05 7.365187624691960414e-05 7.376428590668390099e-05
7.024828019959484529e-05 7.200761490770663876e-05 7.374066556894970760e-05
7.088672067159456996e-05 7.251261356528640055e-05 7.859849556560593480e-05
7.098464854498142784e-05 7.425151012013147048e-05 7.648959340160884854e-05
7.125975333646227938e-05 7.430102716647590236e-05 7.498169225919573309e-05
7.086799970786565464e-05 7.477531141354629163e-05 7.407559863518514915e-05
7.096921287204182975e-05 7.398169013818831888e-05 7.684130484624468818e-05
6.969747074010520138e-05 7.449451417927932225e-05 7.559447336804098129e-05
7.027314164289867300e-05 7.190868083067660226e-05 7.585376686424434068e-05
7.083166943607830768e-05 7.347537930016915110e-05 7.255466666288571320e-05
7.074821254777994835e-05 7.319925879376131125e-05 7.598406135328624432e-05
7.036092023603012912e-05 7.331751705330195087e-05 7.594233783997192562e-05
7.047934417756206149e-05 7.226747872173581403e-05 7.525086686996337100e-05
7.035250863128720081e-05 7.303435769311948720e-05 7.796199423831260474e-05
7.102457053476357411e-05 7.280292089684369742e-05 7.495560193629954100e-05
6.966941283396224660e-05 7.318161107771666972e-05 7.581231449299190913e-05
7.015528921017452125e-05 7.154920919966437553e-05 7.727317157461645650e-05
7.034346608029699746e-05 7.074018589636936016e-05 7.719012742954822098e-05
6.780270047247155649e-05 7.255552386753925888e-05 7.044328085064496228e-05
6.968642336679187015e-05 7.081866396417923581e-05 7.237798685946094561e-05
7.001165906856314329e-05 7.077021727775129403e-05 7.251560978202192039e-05
6.749152421667203232e-05 6.911786597965079040e-05 7.253269771563506676e-05
6.700613555676217400e-05 7.073996847351872192e-05 7.027634029725771483e-05
6.537812186489786229e-05 7.106018428609053872e-05 6.880345642659564079e-05
6.732240312919277796e-05 6.966087299142375948e-05 7.563765141259318604e-05
6.594239191880273609e-05 7.000289864092568203e-05 6.885827624824011396e-05
6.675549985388055680e-05 6.814697622154788882e-05 7.440160414930315717e-05
6.688869348334725874e-05 6.864277513267050398e-05 6.950382447581042011e-05
6.574226314025444066e-05 6.775869896946846993e-05 6.407025377271256231e-05
6.491577109543850230e-05 6.722756067783167567e-05 6.958779717238606837e-05
6.485493728292687603e-05 6.763565967212962365e-05 7.168917451644579340e-05
6.535911984527769953e-05 6.489063568244352986e-05 6.473531105479102428e-05
6.416674561111917379e-05 6.503817245933687376e-05 6.887383546562550387e-05
6.144904784401734996e-05 6.311707525971135791e-05 6.399695875814418063e-05
6.352310318009297724e-05 6.406487199740589780e-05 6.719294175835061414e-05
6.208872846167071081e-05 6.289156483892073069e-05 6.654986121702282905e-05
6.100608676672592998e-05 6.408330564826929753e-05 6.480884980373602736e-05
6.241685775158303828e-05 6.228101102179284883e-05 6.567438598834245253e-05
6.011292445597881214e-05 6.278086093703507461e-05 6.782250874561726399e-05
5.990011595641429653e-05 6.138693971298702897e-05 6.600755235942436033e-05
5.931589158410780936e-05 6.250123264993663196e-05 6.363935148181803451e-05
6.118870858388493798e-05 5.999595381670808791e-05 6.268391386667980893e-05
6.010893307545118775e-05 5.809170025180362843e-05 6.146785515380283143e-05
5.858100352864027097e-05 6.172611842683112466e-05 6.015270650646059001e-05
5.796679221033030884e-05 5.930792941158638163e-05 6.091854305381126509e-05
5.719793997075673579e-05 5.889460737967511488e-05 5.532771398198681488e-05
5.698490556966825211e-05 5.770498987144767638e-05 6.415966100077658181e-05
5.628606351779274006e-05 5.595364315333944852e-05 5.888894112224802679e-05
5.495509415064849798e-05 5.501749207782010624e-05 5.994970642297541886e-05
5.365481489698705917e-05 5.506892042313336937e-05 5.183395892154643277e-05
5.399959181441654012e-05 5.456739558156791729e-05 5.582211960248309099e-05
5.491439893986049933e-05 5.629741049586049523e-05 5.883180258760335756e-05
5.405422102775711964e-05 5.012850562354299910e-05 5.697081262170602148e-05
5.232914556337033078e-05 5.180503055750684517e-05 5.399073086603052069e-05
5.375202536233397407e-05 5.240985177326008457e-05 5.635609717593446824e-05
4.992609879901396250e-05 5.243292759842824657e-05 5.266211780606877205e-05
5.170785186907371288e-05 4.967174729742874427e-05 5.545017735675731121e-05
5.070318652270653325e-05 4.930137177320328821e-05 5.008542880246982207e-05
5.015546159699431453e-05 5.027923569002784213e-05 5.212609360733393588e-05
4.748825846111092217e-05 4.862460185515069894e-05 5.497778041731834662e-05
4.855507567873814983e-05 4.745992462656310707e-05 4.867487887770749694e-05
4.894755517684100675e-05 4.551971761719110293e-05 5.102008832694549868e-05
4.768469482367269804e-05 4.909610788410659501e-05 5.215445268656901200e-05
4.542589493060303910e-05 4.570391973780530423e-05 4.835557109425941437e-05
4.717831242400763220e-05 4.813948555799412240e-05 4.658580050822837802e-05
4.885196164319042221e-05 4.632154147512638668e-05 4.322320304250228844e-05
4.360050506896226896e-05 4.450311552086699200e-05 4.338517010373278828e-05
4.391420340001111485e-05 4.496040441708103744e-05 4.333611271123200323e-05
4.435314991497411180e-05 4.445726004299139708e-05 4.648745260301023654e-05
4.453201051439370397e-05 4.691094922360822684e-05 4.668352754214659736e-05
4.214398288330803357e-05 4.276760194381594454e-05 4.736353326273002841e-05
4.326675234740690333e-05 4.305721803215141328e-05 4.490564508019015638e-05
4.226402624045644323e-05 4.306151319418696847e-05 3.815607614041978689e-05
4.288483749596312808e-05 3.981122695300830933e-05 4.180338653206659385e-05
4.274237663304407316e-05 3.934712835209397587e-05 3.927698679941028694e-05
3.894478865230069684e-05 4.027311800095613920e-05 4.181832055748780611e-05
4.190792596197903913e-05 4.033178366102016760e-05 3.882335982002313961e-05
3.920575039503322199e-05 3.864072234689225815e-05 3.711464804589434234e-05
3.740672663040439970e-05 3.873525842263296411e-05 3.974465491041955331e-05
3.707247815415357355e-05 3.741578606888379925e-05 4.006224569450511609e-05
3.889425535567038971e-05 3.834227828140773705e-05 3.640425388714494922e-05
3.744689380425827443e-05 3.651592947676340396e-05 3.710072582221313068e-05
3.842840262518307015e-05 3.649325837391727712e-05 4.132005456207521259e-05
3.765291245468429041e-05 3.813974344363480824e-05 3.790612768663076528e-05
3.603217691053190857e-05 3.549542885648653522e-05 3.820991508975848483e-05
3.700741234143669093e-05 3.356914455289077204e-05 3.188916956550905325e-05
3.528024453088919078e-05 3.427407875243201581e-05 3.345866989633422946e-05
3.352050370815936144e-05 3.308336555649038708e-05 3.295681466806725312e-05
3.359486564107682863e-05 3.422860451725203015e-05 3.909296467112330110e-05
3.368221370040810485e-05 3.454171609246182387e-05 3.359956127911419780e-05
3.285103384622722715e-05 3.233363432553330614e-05 3.160592956218194135e-05
3.261864466742338525e-05 3.281044025730269311e-05 3.201433020868528072e-05
3.344777615326055195e-05 3.142330051106512938e-05 2.869214766566082601e-05
3.170185089000098936e-05 3.163814181678750476e-05 3.108449283898701693e-05
3.097957303631674442e-05 3.138486175040550044e-05 3.533923113430488023e-05
3.273603379779237746e-05 3.220926346913602378e-05 2.823172084118800060e-05
3.170559222111374445e-05 3.101979908431153315e-05 3.409466924396415663e-05
3.113329882382707368e-05 2.963045627870029074e-05 2.444132982694885613e-05
3.055477493920781437e-05 2.794899793850720113e-05 2.580771685658122172e-05
2.997552392676628037e-05 2.875578254171455881e-05 2.750539896945844819e-05
3.016235539539164381e-05 2.706577747556824205e-05 3.088845138907465719e-05
2.929809652243783535e-05 2.708105321482392219e-05 3.375615728185974351e-05
2.889050161789604400e-05 2.746553815239900862e-05 2.935476473439961565e-05
2.905213468276724359e-05 2.673660318744264393e-05 2.428745563072106915e-05
3.006259244367479109e-05 2.608959241092084620e-05 2.718211865317201966e-05
2.650527233765859021e-05 2.683597987128518556e-05 2.779393292779423113e-05
2.777107139733830016e-05 2.496324631419728434e-05 2.014626227221218437e-05
2.561295813843674269e-05 2.513838179594197420e-05 2.546387816763745449e-05
2.542692072390689311e-05 2.509479027347436347e-05 1.940748045262614193e-05
2.489892705664205230e-05 2.675947682811320383e-05 2.208275799798515239e-05
2.610382704147985687e-05 2.498843642310206577e-05 2.544373097547676630e-05
2.488645078155213647e-05 2.551352920770608363e-05 2.509988499846916310e-05
2.407047933361217831e-05 2.316389570068680599e-05 2.222623634994962171e-05
2.378543476821849052e-05 2.354011589129744863e-05 2.247444533692206190e-05
2.487777247924123400e-05 2.206308043773112391e-05 2.304966265603177454e-05
2.230181238792427453e-05 2.170012072173546015e-05 1.838973072317091266e-05
2.379594526803543116e-05 2.108827659721433225e-05 2.621730956619779308e-05
2.226392721702043841e-05 2.181971461416294154e-05 2.147752916567566506e-05
2.196541919383386779e-05 2.224718563807129984e-05 2.171949551020619680e-05
2.294208774634444290e-05 2.210308142552702817e-05 1.646153564558990200e-05
2.115183760637019312e-05 2.016869928717673191e-05 1.942194052563617920e-05
2.236977988823735938e-05 2.149321435802815293e-05 2.312595211918400077e-05
2.171209892719910616e-05 1.988967347068296777e-05 2.197774603066939995e-05
2.136503405980445894e-05 1.937292141341648283e-05 2.043418303861731808e-05
2.018886798030347353e-05 1.924015193239578435e-05 2.136698011223715356e-05
2.109300690862290757e-05 1.890092921878871183e-05 2.158700209654226471e-05
1.933386117776713124e-05 1.958613104666633175e-05 2.218518311024715462e-05
2.014079120436628945e-05 1.639708194215813938e-05 1.943786840166029088e-05
1.762252891422870727e-05 1.594555529959551499e-05 1.888034335480875958e-05
1.923339634305644831e-05 1.667350867423261941e-05 1.641604614349255074e-05
1.876226497477517842e-05 1.784212778933963282e-05 1.694537140503233710e-05
1.937300957798985558e-05 1.694555460025798556e-05 1.791088684724098187e-05
1.815152990597565250e-05 1.836049451711120370e-05 1.259036382956279723e-05
1.748649262025506207e-05 1.715456128072157232e-05 1.907441381551853462e-05
1.825457626427899992e-05 1.873856957707015943e-05 1.686235492851966540e-05
1.605046520953728168e-05 1.532198773267307861e-05 1.582629155007014496e-05
1.670530374813631683e-05 1.501988475320093912e-05 1.636954660052967193e-05
1.637731918201012650e-05 1.685447456245304997e-05 1.323811981873634611e-05
1.771499466030724374e-05 1.493354928201115551e-05 1.503900528518041286e-05
1.676022525061891677e-05 1.570626737526630441e-05 1.517995793987071379e-05
1.664052398750120554e-05 1.538931388691749334e-05 1.278545054311198081e-05
1.605748456722688839e-05 1.522165538424668673e-05 1.678072838523828229e-05
1.388887173426776181e-05 1.488638932440961256e-05 1.477187218011672819e-05
1.584255934680854744e-05 1.510983360451243808e-05 1.317261889116199411e-05
1.457152890051813552e-05 1.410997028637064172e-05 1.018265233612929941e-05
1.333614909580538942e-05 1.424245489233031814e-05 1.206550825442432329e-05
1.424704554740883768e-05 1.454225731233635576e-05 1.399623972496156750e-05
1.444734126109238017e-05 1.258120127650664503e-05 1.230224488325612074e-05
1.556730061116020337e-05 1.218749777857440267e-05 9.655184976519605620e-06
1.503564284547078512e-05 1.212818729700140794e-05 1.113761536298500310e-05
1.461200172521614273e-05 1.345967038110313567e-05 1.031623700284218938e-05
1.392504212359566925e-05 1.077900899100251034e-05 9.930890426186537691e-06
1.341165354693751777e-05 9.462982253556851070e-06 1.003195686073936621e-05
1.269912009016386691e-05 1.026133511605288559e-05 1.011561054555413552e-05
1.261887439158149274e-05 1.108539485968683940e-05 8.758534889763767821e-06
1.247117393137628307e-05 1.009190219082068302e-05 1.178182912487029055e-05
1.172610707211440163e-05 1.137403970383810902e-05 1.040298868544317833e-05
1.296839205706024150e-05 1.185071264579547227e-05 9.498553381283323388e-06
1.106678286160257760e-05 1.037048143538946465e-05 1.260216061252292434e-05
1.014122488708205352e-05 1.112349863326989425e-05 1.120149669364290902e-05
1.092103144564723456e-05 1.112825654778843591e-05 1.233424952702469798e-05
1.254075641375917237e-05 8.442726700182103981e-06 1.554200873404680888e-05
9.790480400578330968e-06 1.016329266084944849e-05 1.097817336315733661e-05
1.170589035884409881e-05 9.868445514079086586e-06 1.265245045411935164e-05
1.074496848613822293e-05 1.024979599249386379e-05 1.543103980986997487e-05
1.047793920254292164e-05 9.931141963134841241e-06 1.180716450543977326e-05
9.120260207215231832e-06 8.826985484411377440e-06 1.515387382894841455e-05
1.058784895931816074e-05 1.031566450435085731e-05 1.091426532590307450e-05
1.001791360259663841e-05 8.263406258141726388e-06 1.045349801678329071e-05
9.955528812029473069e-06 9.981261927027327088e-06 8.342786195556111843e-06
1.026440414870399338e-05 1.213807607310273558e-05 1.064473386087751801e-05
9.145143301405053870e-06 9.940821252650258917e-06 1.018372130107250569e-05
6.783058164082689661e-06 8.869313830156341449e-06 8.555345773141744169e-06
8.530492333591488966e-06 8.200140487787955436e-06 9.202129580251200007e-06
1.023256513165256934e-05 9.980271606212888703e-06 4.635802979575163800e-06
9.303802215380247342e-06 9.526076467113504554e-06 5.843207940012739185e-06
9.219291412195988763e-06 9.496972852593373759e-06 7.653568786191817321e-06
7.949377519631025936e-06 7.265271402891288669e-06 7.725066975087695127e-06
8.736785811571658541e-06 7.322669244665352878e-06 6.585732449403656702e-06
8.806520179455995867e-06 7.611835874063246277e-06 9.666656633571337110e-06
7.250448373533630860e-06 7.782194724025782548e-06 5.477306260077296311e-06
8.544125251874787970e-06 9.438024059943500918e-06 6.142096101191137398e-06
8.363436698767080844e-06 7.908122486517301842e-06 7.430798288772599719e-06
8.015098077559596807e-06 7.856313493426304260e-06 6.874358022125846405e-06
6.902512297863738568e-06 6.758999313050452190e-06 1.070095599078784348e-05
7.973151073516975579e-06 7.867087449933886993e-06 1.268102908831568396e-05
7.267599709088431290e-06 8.406008140001233232e-06 5.751192025312217474e-06
8.106008547244934571e-06 6.207110313437926910e-06 8.374828975300808106e-06
7.121435109700449979e-06 7.458634434207536852e-06 4.550218186104021338e-06
7.443543750102829441e-06 8.366623514293157290e-06 3.928889955552052738e-06
8.297079797135313537e-06 5.865401148160994838e-06 4.614889089620161291e-06
7.117745626876875369e-06 6.899643338333355169e-06 5.323447830197914122e-06
6.366655566580403418e-06 6.329942669956139938e-06 2.680086672926114389e-06
7.319248292405046499e-06 6.006898083330802752e-06 7.427103778450162807e-06
5.645256346762368418e-06 4.665885955163677746e-06 7.482603933517208397e-06
6.420669938810061866e-06 6.481577204869619733e-06 5.486962716405195156e-06
6.195555182928354752e-06 3.715016998193187932e-06 4.836663649474129612e-06
5.963048082251063160e-06 7.097354763244646331e-06 4.181423340476398292e-06
6.010381108382391072e-06 5.333182038736758882e-06 4.208327285211049048e-06
5.771191874341470182e-06 3.933808126699697042e-06 2.827979683964244477e-06
6.100329751413480710e-06 6.468917923446837748e-06 5.706966928921519379e-06
7.110633718628073098e-06 3.856336285452505379e-06 4.313994868489020207e-06
6.194694475158357606e-06 5.225542392683366515e-06 4.349796723953938164e-06
6.044870263231427770e-06 6.080113465422465792e-06 6.557899594464941827e-06
3.831594627017169328e-06 6.526863829529795504e-06 3.671768106720614413e-06
4.553316691030003362e-06 3.837352773447046613e-06 6.657024550767205463e-06
5.683929103537713586e-06 4.970880923997383479e-06 2.983816032413395117e-06
5.425734576510431851e-06 3.616559734242993498e-06 7.519208128180379043e-07
5.261661554048364774e-06 3.924589632780064148e-06 6.811211383738056656e-06
4.893427593912722955e-06 4.940391939040908981e-06 5.337225384996655473e-06
4.312348381353774582e-06 4.263858991571664182e-06 5.366479037383330130e-06
4.859571505039074792e-06 2.863134957226824224e-06 4.640431910986626937e-06
5.210444710508979446e-06 5.485803201142088214e-06 2.339570656309343078e-06
5.142349287218170747e-06 4.509833756472399225e-06 3.136590024480257078e-06
2.643517712094703427e-06 3.073358761126502986e-06 2.368752112842129490e-06
4.043495217786619412e-06 3.244626884158914746e-06 4.778213736165478166e-06
4.183355699819366272e-06 3.711425699489911043e-06 2.406571946771351878e-06
3.888582650741860129e-06 4.186271156440104795e-06 3.228849559426668494e-06
4.568512383263520519e-06 4.669642988320691568e-06 3.249759992850273618e-06
4.708991439920166732e-06 4.702717311167901941e-06 2.459932704556589578e-06
4.852797239827990992e-06 3.360621487260417924e-06 3.296423786272065708e-06
3.999406882671738171e-06 3.385582598085227198e-06 4.984594910619129474e-06
4.585377882634775162e-06 3.719662349419719484e-06 3.348324045411463265e-06
4.507407256450889500e-06 2.650420830161322115e-06 1.685983922583863569e-06
3.858896664702611487e-06 3.610772249430321362e-06 4.239258170544771672e-06
3.883543359044013964e-06 4.426064688477834666e-06 5.120040202095809629e-06
3.681544195170900061e-06 3.025568595252290026e-06 5.163773818852448143e-06
3.706583281290297281e-06 2.728802777967376257e-06 2.595887214847327706e-06
4.082227619176446266e-06 2.742999740879666316e-06 3.489503983345487747e-06
3.403029720622488420e-06 3.091047499324906342e-06 1.756341374596877407e-06
2.955499368641657261e-06 3.107916259511152337e-06 3.529212192116033554e-06
3.569771432865182986e-06 4.115434597222710001e-06 5.341061662019533894e-06
2.274958053109773368e-06 2.323355338636499570e-06 2.685248154738562875e-06
3.618553807862861246e-06 2.505404904477962669e-06 3.609785862890482671e-06
5.462446920576125921e-06 3.194479774496407658e-06 2.725020472383880305e-06
3.300671517238090716e-06 2.201550707261069359e-06 1.822523907336500278e-06
3.321964603172712292e-06 2.729509476974156015e-06 5.521342437461896033e-06
2.850654080788184013e-06 3.429978612581161700e-06 9.281606095786291769e-07
4.616994012014427400e-06 4.141930638419385987e-06 4.662972848965850334e-06
2.511036677663755486e-06 2.433245130151691183e-06 1.879025413027400558e-06
2.653805801832935864e-06 1.750214456534787927e-06 2.833163013663822914e-06
1.908146840560504646e-06 2.115098432857032711e-06 9.486936941218374440e-07
2.944400685694332784e-06 3.366081954480002795e-06 9.556711918777872442e-07
1.933648598786629655e-06 1.248326950622509827e-06 1.927855277718572009e-06
2.336057967833606686e-06 1.618799307545234675e-06 4.846254578445030964e-06
2.477887409093162176e-06 3.070777980246218135e-06 1.946453601421289256e-06
1.576643473343719101e-06 1.817099202862081761e-06 2.946194671864793213e-06
2.910651660539268522e-06 2.565254617188490921e-06 2.964952778622638675e-06
2.393709315998981832e-06 1.841731822388634711e-06 0.000000000000000000e+00
2.679231411223652088e-06 1.670622092463098567e-06 3.009802675672069855e-06
3.368692553772047259e-06 1.494060619773378133e-06 1.009330385279460964e-06
2.034387720215475317e-06 2.443785208440873795e-06 0.000000000000000000e+00
2.184548412818898609e-06 2.080491021769418221e-06 1.023749208174247202e-06
2.198478378728634175e-06 1.902025993102799216e-06 0.000000000000000000e+00
2.073892337266839735e-06 1.340761694924664470e-06 4.131512298851382137e-06
1.809362967729901433e-06 1.926646176732038175e-06 2.083312940327069023e-06
2.521772062756369317e-06 1.164038410615256135e-06 2.092444232144181962e-06
1.971228934461894267e-06 1.171311731486381569e-06 3.158157247782407004e-06
1.842335801642727416e-06 1.964312223641016703e-06 2.117859080327004148e-06
1.426052253482469234e-06 1.776812213587055686e-06 3.193892565017938525e-06
2.153333585926373631e-06 1.389048445083118534e-06 2.143426961546095228e-06
1.444025363158190029e-06 2.598848418088165634e-06 0.000000000000000000e+00
2.758230175352189095e-06 2.011156744918581938e-06 3.261974869369857849e-06
1.461682881947622522e-06 1.619015742892609475e-06 2.184066917485153508e-06
1.618119644762337612e-06 8.159479207598680386e-07 3.296682683734553849e-06
1.182983044585988245e-06 8.184814403985380974e-07 3.317598220433287538e-06
2.232897813712042839e-06 8.256564578871079903e-07 1.115374437000585792e-06
1.497031599651754778e-06 3.318324083284245059e-06 0.000000000000000000e+00
2.260333043164557212e-06 8.345689798106376788e-07 1.123751031056905019e-06
2.121753256400152773e-06 1.048589344176688000e-06 3.398110195383185369e-06
7.630945148643841547e-07 6.324192803883838001e-07 1.142235256614746059e-06
6.135297014002931490e-07 1.274343578616081497e-06 2.294036838870782889e-06
2.006629797042693393e-06 1.067905058922317770e-06 1.157021319666033693e-06
1.396528902060023203e-06 1.074466685892501045e-06 0.000000000000000000e+00
7.812258626836778120e-07 2.163785816409647306e-06 0.000000000000000000e+00
1.727294464305286342e-06 1.305428061256657195e-06 2.347953837340588083e-06
9.477845651858740448e-07 1.534092824147850522e-06 2.360700155562408214e-06
6.350774578444010370e-07 1.762323668443281496e-06 0.000000000000000000e+00
6.384685016973311906e-07 2.212575601332349161e-06 1.195239926448554977e-06
2.412923227746238875e-06 1.335694459354627595e-06 1.205312128503260895e-06
1.617868794997443010e-06 2.018114415053708756e-06 1.208959698477154740e-06
9.756031404982518674e-07 1.351923081877633393e-06 0.000000000000000000e+00
1.145868355615409662e-06 1.585767432238734271e-06 2.446084290864218129e-06
6.590423848016194573e-07 1.596562135374425474e-06 0.000000000000000000e+00
6.613574005550911629e-07 4.586230704951709933e-07 2.477814694736137234e-06
1.498201704863610807e-06 2.535603155791380795e-06 1.242605102264787424e-06
1.004741887744835562e-06 9.283854706839665010e-07 0.000000000000000000e+00
1.177983833632916675e-06 1.166432683234706730e-06 0.000000000000000000e+00
1.692876239660489628e-06 9.381004764105378069e-07 0.000000000000000000e+00
1.022014230991349861e-06 4.722491145888864472e-07 0.000000000000000000e+00
1.370264414610131080e-06 1.423966696225716431e-06 1.281911554478045644e-06
1.725851616374795454e-07 9.542967951954264188e-07 1.290890628478559310e-06
1.212601556973607382e-06 1.439536252429735119e-06 0.000000000000000000e+00
1.392541100209273486e-06 1.206316124923996730e-06 0.000000000000000000e+00
1.051402654737651662e-06 1.940507249621346766e-06 0.000000000000000000e+00
7.048111954803469481e-07 7.306292396997162531e-07 2.635740402283812621e-06
8.861274018419379943e-07 7.361719897979101938e-07 1.327120294921386448e-06
1.781508069174423730e-06 1.232367650739170940e-06 1.333305611116160331e-06
2.148008233423582249e-06 0.000000000000000000e+00 0.000000000000000000e+00
1.797587077430893101e-07 4.984516045873353604e-07 0.000000000000000000e+00
9.055783458668008617e-07 7.527061403935352614e-07 0.000000000000000000e+00
3.636475226266295892e-07 1.763258559220031249e-06 2.722936216560484124e-06
3.663206939313045065e-07 1.015258312760495209e-06 1.365641380809901850e-06
3.688833493263618249e-07 5.103734324675799669e-07 1.377305168833226983e-06
7.405374036224091156e-07 1.023914422064031735e-06 1.382404905907943718e-06
9.306714196306614719e-07 5.158849237087809199e-07 0.000000000000000000e+00
9.346245687236744446e-07 1.554751842294958823e-06 0.000000000000000000e+00
9.413397715912854841e-07 7.809333321815703090e-07 2.807914339858334344e-06
1.513723191901190923e-06 1.048696227060037257e-06 0.000000000000000000e+00
9.511727500227316476e-07 7.910023774558580666e-07 0.000000000000000000e+00
3.822799986086568575e-07 2.649104509455933823e-07 1.426590659797415160e-06
3.841197372875139785e-07 0.000000000000000000e+00 2.869370489827258961e-06
5.794382071185946844e-07 8.029549930906232943e-07 0.000000000000000000e+00
1.164547454713085286e-06 1.075198748935595116e-06 1.450789200234055472e-06
7.813926233557111388e-07 8.112787154408435318e-07 1.462192672312668498e-06
1.966506186655694749e-07 5.429115954029864575e-07 2.936750727000216072e-06
7.891312689264743873e-07 5.476747826453493887e-07 0.000000000000000000e+00
5.950575069623424426e-07 2.739811938424036032e-07 0.000000000000000000e+00
5.980978099510616513e-07 5.515350053631244671e-07 0.000000000000000000e+00
8.025454975593116513e-07 5.551771619941973488e-07 3.001783490223043082e-06
4.032625661752092580e-07 8.383630549094800394e-07 1.508566622533336509e-06
8.093793419611674114e-07 5.611575149510777747e-07 0.000000000000000000e+00
4.073829775220228965e-07 8.465172709662979746e-07 1.519879654141868004e-06
1.024303624639683197e-06 8.500237470654578301e-07 0.000000000000000000e+00
2.054021497336822436e-07 2.854902997182524635e-07 0.000000000000000000e+00
8.272481815106659650e-07 0.000000000000000000e+00 0.000000000000000000e+00
2.080349393445239148e-07 0.000000000000000000e+00 0.000000000000000000e+00
2.086744233857403714e-07 5.781678776689053826e-07 0.000000000000000000e+00
6.299547945337005566e-07 5.802376029633610604e-07 1.565873940258278799e-06
4.226560747261568988e-07 5.852209611541132381e-07 1.578040995992078363e-06
0.000000000000000000e+00 2.940092819636949103e-07 0.000000000000000000e+00
2.134802571212672279e-07 5.911813254746845355e-07 0.000000000000000000e+00
1.071937872430066380e-06 0.000000000000000000e+00 0.000000000000000000e+00
2.154699316750565898e-07 2.975958213240464293e-07 0.000000000000000000e+00
6.485793280774851967e-07 3.000591285750163248e-07 0.000000000000000000e+00
4.356349347467194127e-07 3.015057755515267410e-07 0.000000000000000000e+00
2.187774403558593552e-07 3.028954100692246330e-07 0.000000000000000000e+00
2.193457215940485097e-07 3.048948142600249982e-07 1.640890845507163696e-06
1.104002376655292510e-06 6.114299620303204287e-07 0.000000000000000000e+00
4.441322925255324302e-07 6.153857702317723697e-07 0.000000000000000000e+00
0.000000000000000000e+00 3.081807540043907338e-07 0.000000000000000000e+00
2.239185073558322611e-07 3.107486611036518055e-07 0.000000000000000000e+00
0.000000000000000000e+00 3.119138334126195794e-07 0.000000000000000000e+00
0.000000000000000000e+00 3.128352464308184278e-07 0.000000000000000000e+00
0.000000000000000000e+00 3.152372801615115432e-07 1.699303894582381440e-06
6.850353202443765381e-07 6.338112160604656582e-07 0.000000000000000000e+00
6.888342809213882745e-07 0.000000000000000000e+00 0.000000000000000000e+00
2.307763949706551836e-07 3.195095363492998087e-07 0.000000000000000000e+00
0.000000000000000000e+00 0.000000000000000000e+00 0.000000000000000000e+00
4.667721189624851761e-07 3.231229527096741791e-07 0.000000000000000000e+00
9.375190902429672993e-07 0.000000000000000000e+00 1.754338526609629807e-06
0.000000000000000000e+00 3.251252590124995141e-07 0.000000000000000000e+00
0.000000000000000000e+00 6.547705892126607490e-07 0.000000000000000000e+00
4.753388891154959202e-07 3.292114840817026849e-07 0.000000000000000000e+00
4.783944271051936067e-07 0.000000000000000000e+00 0.000000000000000000e+00
0.000000000000000000e+00 0.000000000000000000e+00 0.000000000000000000e+00
2.412113020537028803e-07 3.339580679818041311e-07 0.000000000000000000e+00
2.424054155858817864e-07 3.347842639426186994e-07 0.000000000000000000e+00
0.000000000000000000e+00 3.363122304535801757e-07 0.000000000000000000e+00
2.448024879356632360e-07 0.000000000000000000e+00 1.831616003391927113e-06
0.000000000000000000e+00 3.396988139934246853e-07 0.000000000000000000e+00
7.397778561716775137e-07 1.025833838490831579e-06 0.000000000000000000e+00
2.474435972614680819e-07 0.000000000000000000e+00 0.000000000000000000e+00
0.000000000000000000e+00 3.451009822820608616e-07 0.000000000000000000e+00
0.000000000000000000e+00 3.469759127439914368e-07 0.000000000000000000e+00
0.000000000000000000e+00 3.487910101720509199e-07 0.000000000000000000e+00
1.010791982285301505e-06 3.491156329942369265e-07 0.000000000000000000e+00
2.537083360864044668e-07 0.000000000000000000e+00 0.000000000000000000e+00
7.642803522974056738e-07 0.000000000000000000e+00 1.905267823305033986e-06
2.566334475511203983e-07 3.539377050257508517e-07 0.000000000000000000e+00
2.574384230444205299e-07 3.566236323539886405e-07 0.000000000000000000e+00
2.580073999547127587e-07 0.000000000000000000e+00 0.000000000000000000e+00
1.299019668443123971e-06 0.000000000000000000e+00 0.000000000000000000e+00
0.000000000000000000e+00 0.000000000000000000e+00 0.000000000000000000e+00
2.622469151633130758e-07 0.000000000000000000e+00 0.000000000000000000e+00
0.000000000000000000e+00 0.000000000000000000e+00 0.000000000000000000e+00
2.642115738716651914e-07 0.000000000000000000e+00 0.000000000000000000e+00
0.000000000000000000e+00 3.676021318914090403e-07 0.000000000000000000e+00
0.000000000000000000e+00 7.397425750918436258e-07 0.000000000000000000e+00
2.682596265965968182e-07 3.706069049967717497e-07 0.000000000000000000e+00
8.084113720206677343e-07 0.000000000000000000e+00 0.000000000000000000e+00
0.000000000000000000e+00 0.000000000000000000e+00 0.000000000000000000e+00
0.000000000000000000e+00 0.000000000000000000e+00 0.000000000000000000e+00
2.725334521788580422e-07 0.000000000000000000e+00 0.000000000000000000e+00
2.737049029383245866e-07 0.000000000000000000e+00 0.000000000000000000e+00
2.759572057053750147e-07 0.000000000000000000e+00 0.000000000000000000e+00
2.769884992535777378e-07 3.832244213734502714e-07 0.000000000000000000e+00
2.772835078410915090e-07 0.000000000000000000e+00 0.000000000000000000e+00
2.790568567210952837e-07 0.000000000000000000e+00 0.000000000000000000e+00
0.000000000000000000e+00 0.000000000000000000e+00 0.000000000000000000e+00
0.000000000000000000e+00 0.000000000000000000e+00 0.000000000000000000e+00
0.000000000000000000e+00 0.000000000000000000e+00 0.000000000000000000e+00
0.000000000000000000e+00 3.926023170424316348e-07 2.119662509278815783e-06
2.858571213140379207e-07 3.942568289251861024e-07 0.000000000000000000e+00
5.721137983021786520e-07 0.000000000000000000e+00 0.000000000000000000e+00
0.000000000000000000e+00 3.991023594439110165e-07 0.000000000000000000e+00
0.000000000000000000e+00 0.000000000000000000e+00 0.000000000000000000e+00
0.000000000000000000e+00 4.020935732537565789e-07 0.000000000000000000e+00
0.000000000000000000e+00 0.000000000000000000e+00 0.000000000000000000e+00
0.000000000000000000e+00 0.000000000000000000e+00 0.000000000000000000e+00
0.000000000000000000e+00 0.000000000000000000e+00 0.000000000000000000e+00
2.951191295928653344e-07 0.000000000000000000e+00 0.000000000000000000e+00
0.000000000000000000e+00 0.000000000000000000e+00 0.000000000000000000e+00
2.984773547326942926e-07 0.000000000000000000e+00 0.000000000000000000e+00
2.985794157183506031e-07 0.000000000000000000e+00 0.000000000000000000e+00
0.000000000000000000e+00 0.000000000000000000e+00 0.000000000000000000e+00
0.000000000000000000e+00 0.000000000000000000e+00 0.000000000000000000e+00
0.000000000000000000e+00 0.000000000000000000e+00 0.000000000000000000e+00
0.000000000000000000e+00 0.000000000000000000e+00 0.000000000000000000e+00
0.000000000000000000e+00 4.239170419566860871e-07 0.000000000000000000e+00
0.000000000000000000e+00 0.000000000000000000e+00 0.000000000000000000e+00
0.000000000000000000e+00 0.000000000000000000e+00 0.000000000000000000e+00
0.000000000000000000e+00 0.000000000000000000e+00 0.000000000000000000e+00
0.000000000000000000e+00 4.294450097048673853e-07 0.000000000000000000e+00
6.240962497085152494e-07 0.000000000000000000e+00 0.000000000000000000e+00
0.000000000000000000e+00 0.000000000000000000e+00 0.000000000000000000e+00
0.000000000000000000e+00 0.000000000000000000e+00 0.000000000000000000e+00
0.000000000000000000e+00 0.000000000000000000e+00 0.000000000000000000e+00
0.000000000000000000e+00 0.000000000000000000e+00 0.000000000000000000e+00
0.000000000000000000e+00 0.000000000000000000e+00 0.000000000000000000e+00
0.000000000000000000e+00 0.000000000000000000e+00 0.000000000000000000e+00
0.000000000000000000e+00 0.000000000000000000e+00 0.000000000000000000e+00
0.000000000000000000e+00 0.000000000000000000e+00 0.000000000000000000e+00
0.000000000000000000e+00 0.000000000000000000e+00 0.000000000000000000e+00
0.000000000000000000e+00 0.000000000000000000e+00 0.000000000000000000e+00
0.000000000000000000e+00 0.000000000000000000e+00 0.000000000000000000e+00
3.284313446332721013e-07 0.000000000000000000e+00 0.000000000000000000e+00
0.000000000000000000e+00 0.000000000000000000e+00 0.000000000000000000e+00
0.000000000000000000e+00 0.000000000000000000e+00 0.000000000000000000e+00
0.000000000000000000e+00 0.000000000000000000e+00 0.000000000000000000e+00
0.000000000000000000e+00 0.000000000000000000e+00 0.000000000000000000e+00
3.343995243287972232e-07 4.632152052616581239e-07 0.000000000000000000e+00
0.000000000000000000e+00 0.000000000000000000e+00 0.000000000000000000e+00
0.000000000000000000e+00 0.000000000000000000e+00 0.000000000000000000e+00
3.391692441770918745e-07 0.000000000000000000e+00 0.000000000000000000e+00
0.000000000000000000e+00 0.000000000000000000e+00 0.000000000000000000e+00
0.000000000000000000e+00 4.732929810311219349e-07 0.000000000000000000e+00
3.426046758356214302e-07 0.000000000000000000e+00 0.000000000000000000e+00
0.000000000000000000e+00 0.000000000000000000e+00 0.000000000000000000e+00
3.456180155331727698e-07 0.000000000000000000e+00 0.000000000000000000e+00
0.000000000000000000e+00 0.000000000000000000e+00 0.000000000000000000e+00
0.000000000000000000e+00 0.000000000000000000e+00 2.601650051600827342e-06
0.000000000000000000e+00 0.000000000000000000e+00 0.000000000000000000e+00
0.000000000000000000e+00 0.000000000000000000e+00 0.000000000000000000e+00
3.522383714694126393e-07 0.000000000000000000e+00 0.000000000000000000e+00
0.000000000000000000e+00 4.903815829980049192e-07 0.000000000000000000e+00
3.556277971759463899e-07 0.000000000000000000e+00 0.000000000000000000e+00
0.000000000000000000e+00 0.000000000000000000e+00 0.000000000000000000e+00
0.000000000000000000e+00 0.000000000000000000e+00 0.000000000000000000e+00
0.000000000000000000e+00 0.000000000000000000e+00 0.000000000000000000e+00
0.000000000000000000e+00 0.000000000000000000e+00 0.000000000000000000e+00
0.000000000000000000e+00 0.000000000000000000e+00 0.000000000000000000e+00
0.000000000000000000e+00 0.000000000000000000e+00 0.000000000000000000e+00
3.650465083219815110e-07 0.000000000000000000e+00 0.000000000000000000e+00
0.000000000000000000e+00 0.000000000000000000e+00 0.000000000000000000e+00
0.000000000000000000e+00 0.000000000000000000e+00 0.000000000000000000e+00
0.000000000000000000e+00 0.000000000000000000e+00 0.000000000000000000e+00
0.000000000000000000e+00 0.000000000000000000e+00 0.000000000000000000e+00
0.000000000000000000e+00 0.000000000000000000e+00 0.000000000000000000e+00
0.000000000000000000e+00 0.000000000000000000e+00 0.000000000000000000e+00
0.000000000000000000e+00 0.000000000000000000e+00 0.000000000000000000e+00
0.000000000000000000e+00 0.000000000000000000e+00 0.000000000000000000e+00
3.775092995855212079e-07 0.000000000000000000e+00 0.000000000000000000e+00
0.000000000000000000e+00 0.000000000000000000e+00 0.000000000000000000e+00
0.000000000000000000e+00 0.000000000000000000e+00 0.000000000000000000e+00
0.000000000000000000e+00 0.000000000000000000e+00 0.000000000000000000e+00
0.000000000000000000e+00 0.000000000000000000e+00 0.000000000000000000e+00
0.000000000000000000e+00 0.000000000000000000e+00 0.000000000000000000e+00
0.000000000000000000e+00 0.000000000000000000e+00 0.000000000000000000e+00
0.000000000000000000e+00 0.000000000000000000e+00 0.000000000000000000e+00
0.000000000000000000e+00 0.000000000000000000e+00 0.000000000000000000e+00
0.000000000000000000e+00 0.000000000000000000e+00 0.000000000000000000e+00
0.000000000000000000e+00 0.000000000000000000e+00 0.000000000000000000e+00
0.000000000000000000e+00 0.000000000000000000e+00 0.000000000000000000e+00
0.000000000000000000e+00 0.000000000000000000e+00 0.000000000000000000e+00
0.000000000000000000e+00 0.000000000000000000e+00 0.000000000000000000e+00
0.000000000000000000e+00 0.000000000000000000e+00 0.000000000000000000e+00
3.989814196799384424e-07 0.000000000000000000e+00 0.000000000000000000e+00
0.000000000000000000e+00 0.000000000000000000e+00 0.000000000000000000e+00
0.000000000000000000e+00 0.000000000000000000e+00 0.000000000000000000e+00
0.000000000000000000e+00 0.000000000000000000e+00 0.000000000000000000e+00
0.000000000000000000e+00 5.620136651774233277e-07 0.000000000000000000e+00
0.000000000000000000e+00 0.000000000000000000e+00 0.000000000000000000e+00
0.000000000000000000e+00 0.000000000000000000e+00 0.000000000000000000e+00
0.000000000000000000e+00 0.000000000000000000e+00 0.000000000000000000e+00
0.000000000000000000e+00 0.000000000000000000e+00 0.000000000000000000e+00
0.000000000000000000e+00 0.000000000000000000e+00 0.000000000000000000e+00
0.000000000000000000e+00 0.000000000000000000e+00 0.000000000000000000e+00
0.000000000000000000e+00 0.000000000000000000e+00 0.000000000000000000e+00
0.000000000000000000e+00 0.000000000000000000e+00 0.000000000000000000e+00
0.000000000000000000e+00 0.000000000000000000e+00 0.000000000000000000e+00
0.000000000000000000e+00 0.000000000000000000e+00 0.000000000000000000e+00
0.000000000000000000e+00 0.000000000000000000e+00 0.000000000000000000e+00
0.000000000000000000e+00 0.000000000000000000e+00 0.000000000000000000e+00
0.000000000000000000e+00 0.000000000000000000e+00 0.000000000000000000e+00
0.000000000000000000e+00 0.000000000000000000e+00 0.000000000000000000e+00
0.000000000000000000e+00 0.000000000000000000e+00 0.000000000000000000e+00
0.000000000000000000e+00 0.000000000000000000e+00 0.000000000000000000e+00
0.000000000000000000e+00 0.000000000000000000e+00 0.000000000000000000e+00
0.000000000000000000e+00 0.000000000000000000e+00 0.000000000000000000e+00
0.000000000000000000e+00 0.000000000000000000e+00 0.000000000000000000e+00
0.000000000000000000e+00 0.000000000000000000e+00 0.000000000000000000e+00
0.000000000000000000e+00 0.000000000000000000e+00 0.000000000000000000e+00
0.000000000000000000e+00 0.000000000000000000e+00 0.000000000000000000e+00
0.000000000000000000e+00 0.000000000000000000e+00 0.000000000000000000e+00
0.000000000000000000e+00 0.000000000000000000e+00 0.000000000000000000e+00
0.000000000000000000e+00 0.000000000000000000e+00 0.000000000000000000e+00
0.000000000000000000e+00 0.000000000000000000e+00 0.000000000000000000e+00
0.000000000000000000e+00 0.000000000000000000e+00 0.000000000000000000e+00
4.481979747591829906e-07 0.000000000000000000e+00 0.000000000000000000e+00
0.000000000000000000e+00 0.000000000000000000e+00 0.000000000000000000e+00
0.000000000000000000e+00 0.000000000000000000e+00 0.000000000000000000e+00
0.000000000000000000e+00 0.000000000000000000e+00 0.000000000000000000e+00
0.000000000000000000e+00 0.000000000000000000e+00 0.000000000000000000e+00
0.000000000000000000e+00 0.000000000000000000e+00 0.000000000000000000e+00
0.000000000000000000e+00 0.000000000000000000e+00 0.000000000000000000e+00
0.000000000000000000e+00 0.000000000000000000e+00 0.000000000000000000e+00
0.000000000000000000e+00 0.000000000000000000e+00 0.000000000000000000e+00
0.000000000000000000e+00 0.000000000000000000e+00 0.000000000000000000e+00
0.000000000000000000e+00 0.000000000000000000e+00 0.000000000000000000e+00
