2.355656792584262451e-08 1.668386242723160784e-08 1.489186521622229922e-09
1.658405564134620204e-07 1.209422476711946725e-07 2.187423947696707290e-08
4.594666160713019406e-07 3.383123123573932030e-07 8.646959110277171654e-08
8.871727517126350726e-07 6.719259818505939679e-07 2.162046170249527797e-07
1.434139822389714981e-06 1.121611909674944955e-06 4.072716828979464898e-07
2.098706354652705682e-06 1.681301829924817748e-06 7.030858442065319277e-07
2.919408417891865438e-06 2.377657029301275636e-06 1.122107686391493709e-06
3.833291173521017863e-06 3.185757436665228578e-06 1.641652079112617276e-06
4.776008444241967054e-06 4.118091845814809664e-06 2.253761473033639307e-06
5.893854777574882297e-06 5.086939744498476897e-06 2.921750068523598342e-06
7.184659000134386370e-06 6.192030723966725401e-06 3.797677830021659393e-06
8.329237057044237860e-06 7.392562111497977921e-06 4.637264401643133890e-06
9.735157831663549950e-06 8.569216434680697859e-06 5.807662887679581359e-06
1.117719581453806133e-05 9.939028036029882155e-06 6.894776495052502920e-06
1.257739071700342387e-05 1.146288001090931707e-05 7.687733217155972437e-06
1.424310906911866489e-05 1.296837674190854407e-05 9.126410478984827931e-06
1.568811653504678940e-05 1.466016940401451838e-05 1.043253993823474702e-05
1.715702873675582218e-05 1.615297424430814924e-05 1.229433794646648685e-05
1.894554785383226913e-05 1.750176136422311939e-05 1.368573537327774252e-05
2.042090057725580595e-05 1.925006743691216106e-05 1.568148422637253173e-05
2.213047328866126994e-05 2.103994091122556381e-05 1.579818486809914812e-05
2.351053991502651604e-05 2.280873523249587315e-05 1.839581291283501054e-05
2.575898789324315458e-05 2.474003146242801705e-05 1.991816401457038293e-05
2.698274419915327056e-05 2.683298098818860677e-05 2.178396832032450890e-05
2.874360336570554519e-05 2.850584159387547662e-05 2.376335140851110487e-05
3.027479832035462820e-05 2.986665007435434756e-05 2.462021564051455744e-05
3.248815561974081260e-05 3.185470050451329969e-05 2.798710883938738763e-05
3.403426841849866352e-05 3.397730763389467345e-05 2.830652055137964997e-05
3.529385472096836812e-05 3.582803591968032608e-05 3.030162748884631074e-05
3.716891239086590341e-05 3.725685146096913142e-05 3.178346665494865512e-05
3.900467434766549142e-05 3.857530712712953073e-05 3.459670624676664728e-05
4.084484053506475145e-05 4.119517276600105751e-05 3.793531612081821097e-05
4.170174257819461272e-05 4.222723768661633425e-05 3.715433931970758949e-05
4.292371449662715549e-05 4.387206586089767099e-05 3.898371045217234176e-05
4.463753044224826456e-05 4.597624717250897697e-05 4.092583346768085010e-05
4.673663982791272591e-05 4.711391713211653603e-05 4.320836278586626605e-05
4.695085524212352934e-05 4.871620979628278272e-05 4.623415934720535072e-05
4.931677850051891242e-05 5.025879732254219686e-05 4.504111627701206456e-05
5.063123067298039504e-05 5.053017702457342518e-05 4.764904902271917671e-05
5.147607594838425268e-05 5.277583651522215814e-05 5.234061289938850547e-05
5.274903387464577027e-05 5.520696960741496029e-05 5.094180427978157408e-05
5.573792467955870363e-05 5.608914127570708663e-05 5.324857608227952493e-05
5.514020872730713012e-05 5.709128588028396998e-05 5.329831329156655507e-05
5.631278964580252753e-05 5.795916521719053345e-05 5.563208799928243370e-05
5.821651880050341825e-05 5.930831970144771065e-05 5.881886957325327967e-05
5.757250035615269358e-05 6.086052907601646750e-05 5.766564377366124904e-05
5.866372650400838480e-05 6.317849230470275190e-05 6.056368980856324590e-05
6.031686009203268001e-05 6.305489827349395487e-05 5.968829964484288915e-05
6.115248618384378095e-05 6.547882387937920109e-05 6.157329905836147750e-05
6.268831293991593105e-05 6.419539120673855767e-05 5.976895879728463714e-05
6.235645605767748680e-05 6.530711509134697859e-05 6.529941421969576078e-05
6.317355713884524441e-05 6.701430865545836204e-05 6.814782450918225253e-05
6.392118458270072733e-05 6.723851437335244660e-05 6.465836328156066644e-05
6.584019689165209095e-05 6.678766813836480726e-05 6.913971891495293532e-05
6.619811837245762054e-05 6.914673142565842139e-05 6.534505311524324751e-05
6.638614983667281131e-05 6.914544455582562622e-05 6.882751153149062437e-05
6.704507135646006700e-05 6.826513601055867549e-05 6.784581832894963208e-05
6.828542361265051944e-05 7.102887961137369999e-05 6.920709381242339550e-05
6.835484782652052665e-05 7.026064861612857501e-05 6.965344699703341432e-05
6.800579854172698890e-05 7.185761374552305874e-05 6.960922574170820781e-05
6.679015293278221755e-05 7.051285405869452594e-05 7.406079246157988344e-05
6.896949434770684986e-05 7.191013120881423421e-05 7.910785526879786800e-05
6.837833582529986192e-05 7.356000158499636935e-05 7.336503455271478798e-05
7.049002661279783278e-05 7.243868814982774341e-05 7.185468590856446374e-05
7.012571910759296805e-05 7.211090432028645955e-05 7.534553764720636898e-05
6.860737998379738635e-05 7.143505519039084145e-05 6.619848929209846120e-05
6.840012769585937535e-05 7.225604072763771408e-05 7.499753352775545003e-05
7.043568157477528248e-05 7.449467365951888348e-05 7.592603138426720568e-05
7.100674043946767790e-05 7.410471191745451999e-05 7.758485090112737120e-05
7.277636440142519524e-05 7.365760823978269409e-05 7.779774506661848261e-05
6.981641146617823803e-05 7.316635308794700683e-05 7.707441952555574825e-05
7.228763105903683475e-05 7.410240111274226716e-05 7.587661316453293142e-05
7.107443716292123723e-05 7.244778866916170852e-05 6.834762140452833965e-05
7.093631374589516288e-05 7.128254702328281733e-05 7.393478643796315994e-05
6.952546848360071795e-05 7.390443732805552634e-05 7.474191641307157536e-05
6.896891030355570046e-05 7.226780904706530859e-05 7.554526650631919265e-05
7.002841558638771898e-05 7.394754226493000968e-05 7.268310614001349433e-05
7.047431562435411609e-05 7.363524027423026287e-05 7.212566274418248224e-05
7.109486434022337098e-05 7.246882884838460486e-05 7.690778202723465024e-05
6.907541825710245356e-05 7.366778034069421371e-05 7.465508623649332466e-05
7.007493959114950710e-05 7.450615310956217323e-05 7.593453079594737873e-05
6.923467767801429900e-05 7.282339868686607705e-05 7.446141509527316748e-05
7.045508075057627182e-05 7.147550505380802276e-05 7.071499531726317949e-05
6.853209131353548236e-05 7.151859251862268286e-05 7.685521780420058718e-05
6.923354770255502771e-05 7.168357948948016233e-05 7.184178467724782564e-05
6.721990113896276098e-05 7.098859328162492358e-05 7.278399708346177299e-05
6.767259811535312878e-05 6.846399695093414496e-05 7.561430720896118957e-05
6.968017963689475240e-05 6.872913624667274259e-05 7.233267932049690667e-05
6.815307042170294324e-05 6.507138692590330557e-05 6.952924508175097301e-05
6.664333781896342797e-05 6.723921038683924119e-05 6.993419457712845557e-05
6.495528431297606603e-05 6.724081358215029875e-05 6.648218093188090554e-05
6.625357451897157185e-05 6.762564973157051079e-05 6.422518714728821536e-05
6.541119177485215730e-05 6.614949231799383304e-05 6.590224050588405476e-05
6.477340420326994669e-05 6.542230557301069991e-05 6.898632922596416501e-05
6.667864921779997672e-05 6.825278929678438126e-05 7.047850209208805154e-05
6.479329364585532697e-05 6.789874833544876293e-05 6.933373824160220320e-05
6.299474305514692648e-05 6.784178309318846932e-05 6.774536696386487648e-05
6.165439670963106353e-05 6.544560431518626543e-05 6.970924123532162831e-05
6.319446192655858653e-05 6.489842589339059656e-05 6.599614271102661328e-05
6.280289158304873593e-05 6.403201461247935754e-05 7.344206498576579803e-05
6.278091522821093189e-05 6.619435767465987907e-05 6.457095512504308892e-05
6.068431002749694433e-05 6.244633031700716356e-05 5.595613116139956932e-05
6.271244223268324493e-05 6.153896241077010251e-05 6.137437203610977669e-05
6.216471743025575689e-05 6.223073838475151370e-05 6.498813657727661004e-05
5.916263115858026814e-05 6.101459834911555739e-05 6.245797688961998002e-05
6.097283135286520972e-05 5.867888190779596661e-05 5.680473939004056786e-05
5.724702849660475709e-05 5.995065105126662282e-05 6.624522365629305733e-05
5.681216513400763472e-05 6.014639250421872566e-05 6.204695986784754041e-05
6.049574659927883579e-05 5.579232032392332139e-05 5.839553392551760099e-05
5.804087101386599972e-05 5.785502773499187564e-05 5.605333302544299721e-05
5.778417990092749615e-05 5.812118806061684456e-05 5.609127113134461184e-05
5.818782567443425030e-05 5.722942876038315173e-05 5.755945289293202833e-05
5.594833970631363679e-05 6.001416668603757026e-05 5.290889964370782620e-05
5.418370873584895926e-05 5.415721928139616536e-05 5.388159316814747509e-05
5.465502451767049780e-05 5.527710307504313594e-05 6.100475338926427782e-05
5.237586724790666633e-05 5.252648010702824864e-05 6.043458498711430258e-05
5.414514580759651028e-05 5.106196134072430207e-05 5.868485298846181470e-05
5.533319413379208390e-05 5.105878956342548936e-05 5.577207533762014907e-05
5.211618587298938405e-05 5.412149769417837626e-05 5.266476241322612823e-05
5.357536123411786903e-05 5.139988624849736661e-05 5.211153299929207797e-05
5.406449608753370568e-05 5.238818112715601242e-05 4.433561793489440366e-05
5.157538068347451672e-05 4.986717108560265047e-05 5.567915152237996347e-05
4.989083223505070874e-05 5.148388364824183991e-05 5.599426133680256005e-05
4.999823575548183928e-05 5.019994514593667870e-05 4.908308430422504991e-05
4.669661641690795633e-05 4.973325163841282485e-05 5.433557471038648616e-05
4.714107174250314794e-05 4.811921699823447655e-05 5.164057910680762653e-05
5.116183168990710915e-05 4.984198723748328399e-05 5.183427485129439197e-05
4.799603188162077604e-05 4.947377495005354233e-05 4.369238445738016463e-05
4.673147989511178480e-05 4.541818454758521242e-05 4.097641066529443587e-05
4.504988074748645966e-05 4.581267255154763073e-05 4.950006131971518525e-05
4.768536557897788545e-05 4.371327779643166398e-05 4.851244283046460482e-05
4.507900614139919056e-05 4.374606345810758135e-05 3.966597445343023997e-05
4.691212835591316568e-05 4.162262855004609282e-05 4.606021175911216738e-05
4.470765309106171050e-05 4.668419657216261597e-05 4.238780096899121176e-05
4.218776754382200570e-05 4.344977697092012128e-05 3.968764579796853572e-05
4.405894567384570658e-05 4.085572663424336343e-05 3.614660096791141706e-05
4.224177196600294632e-05 4.656420535787791611e-05 4.278530387567347579e-05
3.997749008531485996e-05 3.943450700630775520e-05 4.301998525068645863e-05
4.300419224941669363e-05 3.899514088295605313e-05 4.050306559772992707e-05
4.156121564795473824e-05 3.971959534662230563e-05 4.866716247363347839e-05
3.921340103775313503e-05 4.080409608398415723e-05 4.490904902543665065e-05
4.010726974257470618e-05 3.808443471865738302e-05 3.898530133219597151e-05
3.917692429007012576e-05 3.556126203906776557e-05 4.745261549233231832e-05
3.837337840672401231e-05 3.698655153824957512e-05 4.008547609211854845e-05
3.733172212480378657e-05 3.693866345508902842e-05 4.151194488500988472e-05
3.751308344951087651e-05 3.841840655034080699e-05 4.686204720965830134e-05
3.322701739278464652e-05 3.992482244400532768e-05 3.123211181310447888e-05
3.694532391316622001e-05 3.875340889674309090e-05 3.659417598354585348e-05
3.612878557023851554e-05 3.430899719956594102e-05 3.481532450985516284e-05
3.685827679713132946e-05 3.359597327620445504e-05 3.664716213620016009e-05
3.388855496662153134e-05 3.158838173948317360e-05 3.064258267399918087e-05
3.660663679221835658e-05 3.449568061344522910e-05 3.763539380446345966e-05
3.322710412770289181e-05 3.531347005084252709e-05 3.624166218373763308e-05
3.449058825776534491e-05 3.294711588649801753e-05 4.104054386916015712e-05
3.351585114677932539e-05 3.022994458139848228e-05 3.572706655767199721e-05
3.151314000321542275e-05 3.534052356573960852e-05 3.418251878244959476e-05
3.459617575849637867e-05 3.212600905526475444e-05 3.965660218345930775e-05
3.213119420715726754e-05 3.010953769448086148e-05 3.305225189834866428e-05
2.728386689084740199e-05 3.126213122904259958e-05 3.295680706838941486e-05
3.129118345291056639e-05 2.916345072331198387e-05 2.762276359109925341e-05
3.055727268233887953e-05 2.982236737028571874e-05 3.060836162961763136e-05
3.144677867956904312e-05 3.037892466749132105e-05 2.459201449060381000e-05
2.882213919270658177e-05 3.086363806360735407e-05 3.573758120651836516e-05
3.019131742709502513e-05 2.692999102475858675e-05 2.848974524400849358e-05
2.879516416276723677e-05 2.775881081109520611e-05 2.996653355630109089e-05
3.018885521809950000e-05 2.707767823255469793e-05 2.806685849107328279e-05
2.791979103141544773e-05 2.666133737905906125e-05 2.727721448400417581e-05
2.763821075988386161e-05 2.552005022792395181e-05 3.393026158826761011e-05
2.889857391803198164e-05 2.539578842721904321e-05 2.676646969562027222e-05
2.729041501351043962e-05 2.634148646612607996e-05 2.589346949321881202e-05
2.594405737415512062e-05 2.893454043829247037e-05 2.917745621166863365e-05
2.753047533412264082e-05 2.630529000576425878e-05 2.291834083353622587e-05
2.551044980164535045e-05 2.426510269647988950e-05 1.890318587273597689e-05
2.506165605336485504e-05 2.693575143958603014e-05 2.407271731150561317e-05
2.353276783379158524e-05 2.311847942791231530e-05 3.311144191229933794e-05
2.572833501096842755e-05 2.175972426630986238e-05 2.652348635834276977e-05
2.415926585514523099e-05 2.682291300391312198e-05 2.108242355912997844e-05
2.657902254402561048e-05 2.439432800564987692e-05 2.969317532130094265e-05
2.497462002581111434e-05 2.322709308343271222e-05 2.286762211793308291e-05
2.349888582989179077e-05 2.155740528953492468e-05 1.847986626633013968e-05
2.411590009457644692e-05 1.971657007496319325e-05 3.005180483710233308e-05
2.455828551954817736e-05 2.141349223912429145e-05 2.633329762908790647e-05
2.139345669375473997e-05 2.102369095732983304e-05 2.867188335797058325e-05
1.987850350256746435e-05 1.910565814391563180e-05 2.139752641902922255e-05
2.196116245575666361e-05 2.213570879355680019e-05 2.163989762703335878e-05
2.396782838930324526e-05 1.811191734149191214e-05 1.198127348360840048e-05
2.309275404156158352e-05 2.079099918327563783e-05 1.926208205514310580e-05
2.057310686617952158e-05 2.141092215626160927e-05 1.873589418995775502e-05
1.983493932961253301e-05 2.150596625831222207e-05 2.404716268577801499e-05
2.003764795343805410e-05 1.916172810700441840e-05 1.693909407559799081e-05
2.063109873405074700e-05 1.596100644352533822e-05 1.488039136802153909e-05
1.866098596550456434e-05 1.915781089524960199e-05 2.027899959047382064e-05
1.795033703834693093e-05 1.824099346753904716e-05 1.975047713772163185e-05
1.783160609438325526e-05 1.899530928129721132e-05 1.613455239694173141e-05
1.914789555761388116e-05 1.819594794115728627e-05 2.016081602785747598e-05
1.820025071134145643e-05 1.795851636716303082e-05 1.410068389864206218e-05
1.807709663496814465e-05 1.668852716648091571e-05 1.819733376844876729e-05
1.656187057394244323e-05 1.539500573555630089e-05 1.918751286727547785e-05
1.736486053066849380e-05 1.688001732144512492e-05 1.776011777779827605e-05
1.559644228642300206e-05 1.675113609457135874e-05 2.284775229018499068e-05
1.685489777722431218e-05 1.496385783161150106e-05 1.234335450967220143e-05
1.878601739664466429e-05 1.495148694564840826e-05 7.487330425364055625e-06
1.540131509146319916e-05 1.340898453628766137e-05 1.431203028903267304e-05
1.589019358581515555e-05 1.307109611234070923e-05 1.358604549569687221e-05
1.320475524261981915e-05 1.146883801939645986e-05 1.800756316350892160e-05
1.367564272423576184e-05 1.492378210483924664e-05 9.518296492703426530e-06
1.334542149749108652e-05 1.409959096486690467e-05 1.135435200466369864e-05
1.686973769709723968e-05 1.439776823566581840e-05 1.767552305402456776e-05
1.337067628415951970e-05 1.601055454678911510e-05 1.247993882258492130e-05
1.206645715527655977e-05 1.335570011272218566e-05 9.891193377205659030e-06
1.398886918993120680e-05 1.382300597233793280e-05 1.272531494235589206e-05
1.423800406044798196e-05 1.361339856039031176e-05 1.374435672372607145e-05
1.523834155635660494e-05 1.289779891258536739e-05 8.340989310988656676e-06
1.389663981605441644e-05 1.370326696317701746e-05 2.054846289873845831e-05
1.402436496851988162e-05 1.072108592623314552e-05 1.130597440469412968e-05
1.491546589524732199e-05 1.221242045510202209e-05 1.236191787115872327e-05
1.377734910413510984e-05 1.356831799967172501e-05 1.824091881610367407e-05
1.390321872166508834e-05 1.369001911212925054e-05 9.696232827988796811e-06
1.442465104112369381e-05 1.436028517612274352e-05 1.076464106382030123e-05
1.389366847330659961e-05 1.158537330836364079e-05 8.889183190746957446e-06
1.071762210272789397e-05 1.059182134251904282e-05 1.793316708422518468e-05
1.228471088020956269e-05 1.290447940427883997e-05 1.006528835526802432e-05
1.185603610084765610e-05 1.116754388348675708e-05 1.014175327403481109e-05
1.102017803504960649e-05 1.201291401082957348e-05 9.212847724993090249e-06
1.303228501137942299e-05 9.845841499626370393e-06 1.858508820481138740e-05
1.176232469005788243e-05 1.070040597216654969e-05 9.379986441061678636e-06
9.354630657209289887e-06 1.021607088072896814e-05 9.472302850855706451e-06
9.015193143116937029e-06 1.167334653696965022e-05 8.477977904778382910e-06
1.293134969466834396e-05 1.000286857292534146e-05 7.485781994176426038e-06
1.146464281590501181e-05 1.088474113519089325e-05 1.296351448608164284e-05
1.229505547059830920e-05 9.183840104856645772e-06 1.414504001267265679e-05
9.334012575981897849e-06 8.259670596762715418e-06 1.317483276313960119e-05
1.088854914926459478e-05 1.116738887834879007e-05 5.548178139483960838e-06
9.647294431819946280e-06 8.604897448227014610e-06 4.474488566441058870e-06
8.229823675744065903e-06 7.230985692732761502e-06 5.635527937053121347e-06
9.208426237351588969e-06 8.540061996310482868e-06 6.825233065662679911e-06
8.985082128696705910e-06 9.668339066773394739e-06 1.490658810620341452e-05
1.028700107280850355e-05 8.907360642366111993e-06 1.041244031597648272e-05
1.192154193467305236e-05 8.764644316785627444e-06 7.001365194200698689e-06
9.990725637039334989e-06 6.467888367576324806e-06 8.237598478826259785e-06
7.241507913884206097e-06 6.522234647307750787e-06 2.376897706023767743e-06
7.777622000813729360e-06 6.358184455522865394e-06 9.572069851476324126e-06
9.760250737831056091e-06 6.848102973731275104e-06 8.441224134522855915e-06
9.032649975024844584e-06 6.461369033832250833e-06 1.337119438637925281e-05
7.972976666426030042e-06 7.415777114090430927e-06 8.587832671167430250e-06
9.026100711284794080e-06 4.986294196299673194e-06 6.173092713568769453e-06
8.100624578430790795e-06 8.678635579224169605e-06 6.219878547797111099e-06
8.168329881738167693e-06 7.367975116159588163e-06 7.535930176428970002e-06
1.058560498073492791e-05 9.288788134254739499e-06 8.856728628103943996e-06
6.100220984375529883e-06 4.911979276821555403e-06 5.095384410152754285e-06
8.027048712662982074e-06 5.423881657946719112e-06 1.287332917843737882e-05
7.921202165675256978e-06 8.322394196898807677e-06 9.076470177932994052e-06
6.074446158394415559e-06 5.748876916667581223e-06 5.222087493519182700e-06
5.244250456410985235e-06 7.729020665373109467e-06 5.278109951708525815e-06
6.697619734640405881e-06 5.597666637916807915e-06 7.970314396700883206e-06
7.817592870013123174e-06 6.380651593810031807e-06 5.357884272269761885e-06
6.264401657007503951e-06 4.204035278169532977e-06 5.394849138552837812e-06
7.575791609954700057e-06 8.479644545680350631e-06 4.072258355307199136e-06
6.908432949362697588e-06 4.771919606506210789e-06 4.104393501940848698e-06
8.613732192367078771e-06 6.324216245142442888e-06 6.889898979457134884e-06
5.723228609526328929e-06 3.819423534953839824e-06 4.165635034674876263e-06
6.513018970707378535e-06 7.447725921238286648e-06 0.000000000000000000e+00
6.750239311795650402e-06 5.176341092963084381e-06 4.237223421976958486e-06
3.971611539567295073e-06 5.478257955939961542e-06 4.269137992124322506e-06
6.662756117068403763e-06 7.097352047543205852e-06 1.003174921502395021e-05
7.288093109989280309e-06 4.238587283898284465e-06 4.335514226600726751e-06
6.379124193434973050e-06 7.210327330643716302e-06 5.820234238397465644e-06
4.676787774298167208e-06 5.107513825701352047e-06 7.344926980636106295e-06
6.472547347267757475e-06 5.421182973506345113e-06 1.476106244133341761e-06
4.744149591650401904e-06 4.642045972648872222e-06 1.492434972924186757e-06
5.780323834765022594e-06 4.121899816597990489e-06 1.497750065817378217e-06
6.219393904047848919e-06 3.880867903644746774e-06 7.553618908189535865e-06
5.052585528627009084e-06 5.583646936823790578e-06 4.559550588258657019e-06
4.889073248384290233e-06 3.376365941266060240e-06 3.066403695211722177e-06
3.485640261177519011e-06 5.947538380851617207e-06 6.184504528733306226e-06
4.546773486345372591e-06 4.567080136243200749e-06 1.554580560891041293e-06
6.450651285924974508e-06 4.888216301114271311e-06 1.254211334399331593e-05
5.658159115708632333e-06 5.205047837617253159e-06 4.737196211345712323e-06
7.805496861432816474e-06 4.079001507129806844e-06 1.587725852043156995e-06
5.314787364085476458e-06 4.695336176128116811e-06 3.205189606834145364e-06
3.638427218929188813e-06 3.845553490601875912e-06 4.843851142487633817e-06
3.881626402846323221e-06 4.465725487052558494e-06 3.253521083879899722e-06
4.127938126902652018e-06 3.299318668297346117e-06 1.641578367725841238e-06
3.935812826809750174e-06 5.434728655511248023e-06 1.648547489026969925e-06
3.745262822721185008e-06 2.131650499141306235e-06 4.969391803517431497e-06
5.768660860553306734e-06 4.592284205039045934e-06 1.669543424690166720e-06
4.470491068668757936e-06 4.317224285760878514e-06 5.053669604412791192e-06
3.372929709182547476e-06 2.484895311938855720e-06 3.383701855384418654e-06
4.076344791725260738e-06 3.443571699129913982e-06 3.410136917208897544e-06
3.419655279535659544e-06 2.837296269355452976e-06 1.202245721963740628e-05
2.524918750808854842e-06 4.438737710404667614e-06 5.194267202175614287e-06
4.390244074749793054e-06 2.233759051173575590e-06 3.479545684719453281e-06
4.889392784788066130e-06 2.251668183145563318e-06 1.759177159901297555e-06
3.513498066615094026e-06 2.266825595006424995e-06 5.296290158322975030e-06
3.302790436357919691e-06 2.283004932910969210e-06 1.780863955291020377e-06
4.041840365160629410e-06 3.280371942565378864e-06 1.794910288244602372e-06
2.154769092476800993e-06 1.651039957671148404e-06 0.000000000000000000e+00
2.887899732217756288e-06 3.658220278488029520e-06 3.625340181282653840e-06
2.426306605908785135e-06 2.677097881872512122e-06 0.000000000000000000e+00
2.196169456783828609e-06 3.374129782245531825e-06 3.683605342039122631e-06
2.946859877968078762e-06 2.718800813753711520e-06 0.000000000000000000e+00
1.730663895354330619e-06 2.050329055123248935e-06 0.000000000000000000e+00
1.992668228675101716e-06 2.061677624101558648e-06 5.632603822413849888e-06
4.261303744956834884e-06 1.732871910617925912e-06 3.776611266581101422e-06
2.019767004496034641e-06 4.525392018022362901e-06 1.899769115314977767e-06
2.790308733646314527e-06 2.456888454095577480e-06 0.000000000000000000e+00
2.046181225573629313e-06 1.765346028325905409e-06 0.000000000000000000e+00
3.859745266964991770e-06 3.551182193779306814e-06 3.880852682876883726e-06
1.810716178854534387e-06 3.221163245722246934e-06 3.911693861708404815e-06
2.606638243630716488e-06 2.879340222163354656e-06 0.000000000000000000e+00
2.101622424849815821e-06 3.259600929295431937e-06 0.000000000000000000e+00
2.113478114773160435e-06 1.458809035486196242e-06 0.000000000000000000e+00
2.659462705082150587e-06 2.201441388092867426e-06 0.000000000000000000e+00
2.673640543331399856e-06 3.327719396289246480e-06 2.010685266625761042e-06
2.424745643051119631e-06 2.975792872959775503e-06 0.000000000000000000e+00
1.355826039392520907e-06 3.739395203797173309e-07 4.088422570255283902e-06
1.090138710179324259e-06 1.128659633392096728e-06 2.047319825853453132e-06
1.921099604466281006e-06 3.031774248795840076e-06 0.000000000000000000e+00
1.932734339199722202e-06 1.907544362966507514e-06 2.078536450533506629e-06
1.665596404954277765e-06 1.918383986780487772e-06 0.000000000000000000e+00
5.592863078907907468e-07 1.545004203835399933e-06 0.000000000000000000e+00
1.408355593411437884e-06 1.555723093009475341e-06 4.235257522561419994e-06
2.267118815888241554e-06 2.343363982955594070e-06 6.391153761875004711e-06
1.424513243818968999e-06 1.967987898389569491e-06 0.000000000000000000e+00
2.007230300652275758e-06 1.582437680018342051e-06 0.000000000000000000e+00
2.019264499442996066e-06 3.977339939105132302e-07 2.172535494133455716e-06
1.448850160338344616e-06 2.404241054012491459e-06 2.184833092504814276e-06
2.629061343182170542e-06 3.226438370329004744e-06 0.000000000000000000e+00
2.940415436523392593e-06 1.623579052077949728e-06 6.639375626679991916e-06
1.477912167858924287e-06 1.224215248789331693e-06 0.000000000000000000e+00
8.919499794804078845e-07 8.214026653835571806e-07 0.000000000000000000e+00
1.497349970423141286e-06 4.122434239092928535e-07 4.510531597530636078e-06
1.805267148532255753e-06 1.661646628706768795e-06 0.000000000000000000e+00
1.512194942392732938e-06 1.255022556047935426e-06 0.000000000000000000e+00
2.741087954524864422e-06 8.390908073747723156e-07 2.295426547370685681e-06
1.836970474941033477e-06 2.961182225303580335e-06 2.306416006458346356e-06
1.233475795151744150e-06 2.553269454410520153e-06 2.325710708246062554e-06
6.204082066083010905e-07 2.142470666117581223e-06 2.337879943174405645e-06
1.560774832564982541e-06 1.293637925357231724e-06 0.000000000000000000e+00
9.405256711861153583e-07 2.599818522210330703e-06 2.357861732187766453e-06
1.263115967228230519e-06 1.306299328671688222e-06 0.000000000000000000e+00
1.903659052504364488e-06 3.066719896123034892e-06 0.000000000000000000e+00
3.187525666234470165e-07 4.404965746440776792e-07 0.000000000000000000e+00
9.659696327432514020e-07 8.884208857956384735e-07 0.000000000000000000e+00
2.260201450287562122e-06 0.000000000000000000e+00 0.000000000000000000e+00
2.599065446881890514e-06 1.795395264709334582e-06 0.000000000000000000e+00
1.306123756261252349e-06 1.351824666084288489e-06 2.468143152024259840e-06
6.578601831585952376e-07 4.545036032310541177e-07 2.482390903720522941e-06
9.919815588473304739e-07 4.569118424938023590e-07 4.980205464064044692e-06
1.328163419096583161e-06 1.379977844158691636e-06 2.498397067283878572e-06
3.336779583904401134e-07 0.000000000000000000e+00 2.525380191475455082e-06
6.726278449833903454e-07 1.394005430232925080e-06 2.534022334906346984e-06
6.762294280801035921e-07 1.867811521609268158e-06 0.000000000000000000e+00
1.021648515746672255e-06 4.700050252143947496e-07 2.562356211239396389e-06
1.709738428886699683e-06 3.304941050844931826e-06 0.000000000000000000e+00
2.750700282698800221e-06 1.424193661212757566e-06 5.172952965851140863e-06
1.037421945492045564e-06 2.387498207595345119e-06 2.603106437710661979e-06
3.477763001565062576e-07 9.593557465870843157e-07 2.617151950555356820e-06
3.501153338089485715e-07 9.659197739203347352e-07 0.000000000000000000e+00
1.056603458676469545e-06 4.859826134546484455e-07 2.656562348735526043e-06
7.073568111134064107e-07 0.000000000000000000e+00 2.662469757071364441e-06
1.777625128596009676e-06 1.471278420562453874e-06 2.684384214688156877e-06
7.164113921703854033e-07 4.949986955259738466e-07 0.000000000000000000e+00
1.079045669090149429e-06 1.488491400714652874e-06 0.000000000000000000e+00
1.085229426701992339e-06 4.982779094528922885e-07 0.000000000000000000e+00
1.089758914457007273e-06 5.032170292079543688e-07 0.000000000000000000e+00
7.307809095803939089e-07 2.020136938790353624e-06 0.000000000000000000e+00
1.471552118204881995e-06 1.524101491531379083e-06 0.000000000000000000e+00
1.109977400969449466e-06 1.021231924756519679e-06 0.000000000000000000e+00
1.858804491310418709e-06 0.000000000000000000e+00 0.000000000000000000e+00
3.728883258967486044e-07 1.031788374897290570e-06 2.812894752433128832e-06
0.000000000000000000e+00 0.000000000000000000e+00 0.000000000000000000e+00
0.000000000000000000e+00 0.000000000000000000e+00 2.851299762726376391e-06
1.139719442477900097e-06 5.256882753838852119e-07 0.000000000000000000e+00
2.289455507165640173e-06 1.052501546928223574e-06 2.869065781548465741e-06
7.669613430832960369e-07 1.057796471197956119e-06 0.000000000000000000e+00
3.865517736000198788e-07 5.314393136394618016e-07 0.000000000000000000e+00
3.880302958216172729e-07 5.351772458213820538e-07 0.000000000000000000e+00
0.000000000000000000e+00 5.384729093467929649e-07 0.000000000000000000e+00
7.837257503007248924e-07 0.000000000000000000e+00 0.000000000000000000e+00
3.948014990393678146e-07 5.449800758010128079e-07 2.963086738457878924e-06
7.924252299354826294e-07 1.641359155444284061e-06 0.000000000000000000e+00
3.974598077802420186e-07 5.496848353897636388e-07 0.000000000000000000e+00
4.002940340113211398e-07 1.659190261587663058e-06 0.000000000000000000e+00
8.047690351468720382e-07 0.000000000000000000e+00 0.000000000000000000e+00
4.038929168494701145e-07 1.117382408156865013e-06 0.000000000000000000e+00
1.220165928886438031e-06 5.612446629227541314e-07 3.068768200350765666e-06
8.171236980108432607e-07 5.646195130711095969e-07 0.000000000000000000e+00
4.103776705413673616e-07 5.677707088247502983e-07 3.099303019306407563e-06
8.266003512576928926e-07 0.000000000000000000e+00 0.000000000000000000e+00
0.000000000000000000e+00 0.000000000000000000e+00 0.000000000000000000e+00
4.173402959597884528e-07 1.152552148935699764e-06 0.000000000000000000e+00
2.094041226812650639e-06 0.000000000000000000e+00 0.000000000000000000e+00
4.217002510295260678e-07 0.000000000000000000e+00 0.000000000000000000e+00
4.241035856778434369e-07 1.168383410930349721e-06 0.000000000000000000e+00
0.000000000000000000e+00 5.888837474392958534e-07 0.000000000000000000e+00
4.287578732863396428e-07 0.000000000000000000e+00 0.000000000000000000e+00
0.000000000000000000e+00 5.946108781431326439e-07 0.000000000000000000e+00
4.317013815946672772e-07 0.000000000000000000e+00 0.000000000000000000e+00
8.693103453236356464e-07 0.000000000000000000e+00 0.000000000000000000e+00
4.376186062651961122e-07 0.000000000000000000e+00 0.000000000000000000e+00
4.388418582368457587e-07 0.000000000000000000e+00 0.000000000000000000e+00
4.418197208025197894e-07 0.000000000000000000e+00 3.319918870817858402e-06
4.434003127978457243e-07 0.000000000000000000e+00 0.000000000000000000e+00
0.000000000000000000e+00 6.147524702314172186e-07 0.000000000000000000e+00
0.000000000000000000e+00 0.000000000000000000e+00 0.000000000000000000e+00
1.351643870217704416e-06 1.866090647013329407e-06 0.000000000000000000e+00
0.000000000000000000e+00 6.234172947337615449e-07 0.000000000000000000e+00
1.361495654707964027e-06 0.000000000000000000e+00 0.000000000000000000e+00
0.000000000000000000e+00 0.000000000000000000e+00 6.883603823639456130e-06
0.000000000000000000e+00 0.000000000000000000e+00 0.000000000000000000e+00
4.603460075358178328e-07 1.274418094188938554e-06 0.000000000000000000e+00
4.633059917766431330e-07 0.000000000000000000e+00 0.000000000000000000e+00
4.664557345104429578e-07 6.439125201100051046e-07 0.000000000000000000e+00
0.000000000000000000e+00 6.444104708077738128e-07 0.000000000000000000e+00
0.000000000000000000e+00 0.000000000000000000e+00 0.000000000000000000e+00
0.000000000000000000e+00 6.530304152721102227e-07 0.000000000000000000e+00
4.736043772571504162e-07 0.000000000000000000e+00 0.000000000000000000e+00
4.762422032302380926e-07 0.000000000000000000e+00 0.000000000000000000e+00
0.000000000000000000e+00 0.000000000000000000e+00 0.000000000000000000e+00
4.823645038282098789e-07 0.000000000000000000e+00 0.000000000000000000e+00
4.840159645450801404e-07 0.000000000000000000e+00 3.635994871922584610e-06
9.718925497330438438e-07 0.000000000000000000e+00 0.000000000000000000e+00
4.889872799300418744e-07 0.000000000000000000e+00 0.000000000000000000e+00
0.000000000000000000e+00 6.783393404848178489e-07 0.000000000000000000e+00
4.932421383233055556e-07 1.360002450152727130e-06 0.000000000000000000e+00
0.000000000000000000e+00 0.000000000000000000e+00 0.000000000000000000e+00
4.975154281588981491e-07 6.879542360571004263e-07 0.000000000000000000e+00
0.000000000000000000e+00 6.916901353453130799e-07 0.000000000000000000e+00
1.003802175896130131e-06 6.949188577258529342e-07 0.000000000000000000e+00
0.000000000000000000e+00 0.000000000000000000e+00 0.000000000000000000e+00
0.000000000000000000e+00 6.989329146122682979e-07 0.000000000000000000e+00
0.000000000000000000e+00 7.028284922881881207e-07 0.000000000000000000e+00
0.000000000000000000e+00 0.000000000000000000e+00 0.000000000000000000e+00
0.000000000000000000e+00 0.000000000000000000e+00 0.000000000000000000e+00
0.000000000000000000e+00 0.000000000000000000e+00 0.000000000000000000e+00
0.000000000000000000e+00 0.000000000000000000e+00 0.000000000000000000e+00
5.218246016991537110e-07 7.181246882387084294e-07 3.930451096935845568e-06
0.000000000000000000e+00 7.235238554485045454e-07 0.000000000000000000e+00
5.258367852420951849e-07 1.454974564911075094e-06 0.000000000000000000e+00
0.000000000000000000e+00 0.000000000000000000e+00 0.000000000000000000e+00
5.293840582996210135e-07 7.339841461082153048e-07 0.000000000000000000e+00
5.337143802092439643e-07 0.000000000000000000e+00 0.000000000000000000e+00
0.000000000000000000e+00 7.407768679691007815e-07 0.000000000000000000e+00
5.389340496980243862e-07 0.000000000000000000e+00 0.000000000000000000e+00
5.410678636995839837e-07 0.000000000000000000e+00 0.000000000000000000e+00
5.422335391902346850e-07 0.000000000000000000e+00 0.000000000000000000e+00
0.000000000000000000e+00 0.000000000000000000e+00 0.000000000000000000e+00
0.000000000000000000e+00 0.000000000000000000e+00 0.000000000000000000e+00
0.000000000000000000e+00 7.609367982021033995e-07 0.000000000000000000e+00
0.000000000000000000e+00 0.000000000000000000e+00 0.000000000000000000e+00
0.000000000000000000e+00 0.000000000000000000e+00 0.000000000000000000e+00
0.000000000000000000e+00 7.707097001370910328e-07 0.000000000000000000e+00
0.000000000000000000e+00 0.000000000000000000e+00 0.000000000000000000e+00
0.000000000000000000e+00 0.000000000000000000e+00 0.000000000000000000e+00
0.000000000000000000e+00 0.000000000000000000e+00 4.253536371872814858e-06
0.000000000000000000e+00 0.000000000000000000e+00 0.000000000000000000e+00
0.000000000000000000e+00 0.000000000000000000e+00 0.000000000000000000e+00
0.000000000000000000e+00 0.000000000000000000e+00 0.000000000000000000e+00
0.000000000000000000e+00 7.926505174317578030e-07 0.000000000000000000e+00
0.000000000000000000e+00 7.984610088065661282e-07 0.000000000000000000e+00
0.000000000000000000e+00 0.000000000000000000e+00 0.000000000000000000e+00
0.000000000000000000e+00 0.000000000000000000e+00 0.000000000000000000e+00
0.000000000000000000e+00 0.000000000000000000e+00 0.000000000000000000e+00
5.868518277598090950e-07 0.000000000000000000e+00 0.000000000000000000e+00
0.000000000000000000e+00 0.000000000000000000e+00 0.000000000000000000e+00
0.000000000000000000e+00 0.000000000000000000e+00 0.000000000000000000e+00
5.952740953661566608e-07 0.000000000000000000e+00 0.000000000000000000e+00
0.000000000000000000e+00 0.000000000000000000e+00 0.000000000000000000e+00
0.000000000000000000e+00 8.293848405701772773e-07 0.000000000000000000e+00
0.000000000000000000e+00 0.000000000000000000e+00 0.000000000000000000e+00
0.000000000000000000e+00 0.000000000000000000e+00 0.000000000000000000e+00
0.000000000000000000e+00 0.000000000000000000e+00 0.000000000000000000e+00
0.000000000000000000e+00 0.000000000000000000e+00 0.000000000000000000e+00
0.000000000000000000e+00 0.000000000000000000e+00 0.000000000000000000e+00
0.000000000000000000e+00 0.000000000000000000e+00 0.000000000000000000e+00
0.000000000000000000e+00 0.000000000000000000e+00 0.000000000000000000e+00
0.000000000000000000e+00 0.000000000000000000e+00 0.000000000000000000e+00
0.000000000000000000e+00 0.000000000000000000e+00 0.000000000000000000e+00
0.000000000000000000e+00 0.000000000000000000e+00 0.000000000000000000e+00
0.000000000000000000e+00 0.000000000000000000e+00 0.000000000000000000e+00
0.000000000000000000e+00 0.000000000000000000e+00 0.000000000000000000e+00
0.000000000000000000e+00 0.000000000000000000e+00 0.000000000000000000e+00
0.000000000000000000e+00 0.000000000000000000e+00 0.000000000000000000e+00
0.000000000000000000e+00 0.000000000000000000e+00 0.000000000000000000e+00
0.000000000000000000e+00 0.000000000000000000e+00 0.000000000000000000e+00
0.000000000000000000e+00 0.000000000000000000e+00 0.000000000000000000e+00
0.000000000000000000e+00 0.000000000000000000e+00 0.000000000000000000e+00
0.000000000000000000e+00 0.000000000000000000e+00 0.000000000000000000e+00
0.000000000000000000e+00 0.000000000000000000e+00 0.000000000000000000e+00
0.000000000000000000e+00 9.035794464218793681e-07 0.000000000000000000e+00
0.000000000000000000e+00 0.000000000000000000e+00 0.000000000000000000e+00
0.000000000000000000e+00 0.000000000000000000e+00 0.000000000000000000e+00
0.000000000000000000e+00 0.000000000000000000e+00 0.000000000000000000e+00
0.000000000000000000e+00 0.000000000000000000e+00 0.000000000000000000e+00
0.000000000000000000e+00 0.000000000000000000e+00 0.000000000000000000e+00
0.000000000000000000e+00 9.279211953880079597e-07 0.000000000000000000e+00
6.747502307938651830e-07 0.000000000000000000e+00 0.000000000000000000e+00
0.000000000000000000e+00 0.000000000000000000e+00 0.000000000000000000e+00
0.000000000000000000e+00 9.369075478924782093e-07 0.000000000000000000e+00
0.000000000000000000e+00 0.000000000000000000e+00 0.000000000000000000e+00
0.000000000000000000e+00 0.000000000000000000e+00 0.000000000000000000e+00
0.000000000000000000e+00 0.000000000000000000e+00 0.000000000000000000e+00
6.902336527694385553e-07 0.000000000000000000e+00 0.000000000000000000e+00
0.000000000000000000e+00 0.000000000000000000e+00 0.000000000000000000e+00
6.955072054823429495e-07 0.000000000000000000e+00 0.000000000000000000e+00
0.000000000000000000e+00 0.000000000000000000e+00 0.000000000000000000e+00
0.000000000000000000e+00 0.000000000000000000e+00 0.000000000000000000e+00
7.048950245776845906e-07 9.708392143019899412e-07 0.000000000000000000e+00
0.000000000000000000e+00 0.000000000000000000e+00 0.000000000000000000e+00
0.000000000000000000e+00 0.000000000000000000e+00 0.000000000000000000e+00
0.000000000000000000e+00 0.000000000000000000e+00 0.000000000000000000e+00
0.000000000000000000e+00 0.000000000000000000e+00 0.000000000000000000e+00
0.000000000000000000e+00 0.000000000000000000e+00 0.000000000000000000e+00
0.000000000000000000e+00 0.000000000000000000e+00 0.000000000000000000e+00
7.237471715461066658e-07 0.000000000000000000e+00 0.000000000000000000e+00
0.000000000000000000e+00 0.000000000000000000e+00 0.000000000000000000e+00
0.000000000000000000e+00 0.000000000000000000e+00 0.000000000000000000e+00
0.000000000000000000e+00 0.000000000000000000e+00 0.000000000000000000e+00
0.000000000000000000e+00 0.000000000000000000e+00 0.000000000000000000e+00
0.000000000000000000e+00 0.000000000000000000e+00 0.000000000000000000e+00
0.000000000000000000e+00 0.000000000000000000e+00 0.000000000000000000e+00
0.000000000000000000e+00 0.000000000000000000e+00 0.000000000000000000e+00
0.000000000000000000e+00 0.000000000000000000e+00 0.000000000000000000e+00
0.000000000000000000e+00 0.000000000000000000e+00 0.000000000000000000e+00
0.000000000000000000e+00 0.000000000000000000e+00 0.000000000000000000e+00
0.000000000000000000e+00 0.000000000000000000e+00 0.000000000000000000e+00
0.000000000000000000e+00 0.000000000000000000e+00 0.000000000000000000e+00
7.597798704187541860e-07 0.000000000000000000e+00 0.000000000000000000e+00
0.000000000000000000e+00 0.000000000000000000e+00 0.000000000000000000e+00
0.000000000000000000e+00 0.000000000000000000e+00 0.000000000000000000e+00
0.000000000000000000e+00 0.000000000000000000e+00 0.000000000000000000e+00
0.000000000000000000e+00 0.000000000000000000e+00 0.000000000000000000e+00
0.000000000000000000e+00 0.000000000000000000e+00 0.000000000000000000e+00
0.000000000000000000e+00 0.000000000000000000e+00 0.000000000000000000e+00
0.000000000000000000e+00 0.000000000000000000e+00 0.000000000000000000e+00
0.000000000000000000e+00 0.000000000000000000e+00 0.000000000000000000e+00
0.000000000000000000e+00 0.000000000000000000e+00 0.000000000000000000e+00
0.000000000000000000e+00 0.000000000000000000e+00 0.000000000000000000e+00
0.000000000000000000e+00 0.000000000000000000e+00 0.000000000000000000e+00
0.000000000000000000e+00 0.000000000000000000e+00 0.000000000000000000e+00
0.000000000000000000e+00 0.000000000000000000e+00 0.000000000000000000e+00
8.018799370486140408e-07 0.000000000000000000e+00 0.000000000000000000e+00
0.000000000000000000e+00 0.000000000000000000e+00 0.000000000000000000e+00
0.000000000000000000e+00 0.000000000000000000e+00 0.000000000000000000e+00
0.000000000000000000e+00 0.000000000000000000e+00 0.000000000000000000e+00
0.000000000000000000e+00 0.000000000000000000e+00 0.000000000000000000e+00
0.000000000000000000e+00 0.000000000000000000e+00 0.000000000000000000e+00
0.000000000000000000e+00 0.000000000000000000e+00 0.000000000000000000e+00
0.000000000000000000e+00 0.000000000000000000e+00 0.000000000000000000e+00
0.000000000000000000e+00 0.000000000000000000e+00 0.000000000000000000e+00
0.000000000000000000e+00 0.000000000000000000e+00 0.000000000000000000e+00
0.000000000000000000e+00 0.000000000000000000e+00 0.000000000000000000e+00
0.000000000000000000e+00 1.153212538666772672e-06 0.000000000000000000e+00
0.000000000000000000e+00 0.000000000000000000e+00 0.000000000000000000e+00
0.000000000000000000e+00 0.000000000000000000e+00 0.000000000000000000e+00
0.000000000000000000e+00 0.000000000000000000e+00 0.000000000000000000e+00
0.000000000000000000e+00 0.000000000000000000e+00 0.000000000000000000e+00
0.000000000000000000e+00 0.000000000000000000e+00 0.000000000000000000e+00
0.000000000000000000e+00 0.000000000000000000e+00 0.000000000000000000e+00
0.000000000000000000e+00 0.000000000000000000e+00 0.000000000000000000e+00
0.000000000000000000e+00 0.000000000000000000e+00 0.000000000000000000e+00
0.000000000000000000e+00 0.000000000000000000e+00 0.000000000000000000e+00
0.000000000000000000e+00 0.000000000000000000e+00 0.000000000000000000e+00
0.000000000000000000e+00 0.000000000000000000e+00 0.000000000000000000e+00
0.000000000000000000e+00 1.204063702739253595e-06 0.000000000000000000e+00
0.000000000000000000e+00 0.000000000000000000e+00 0.000000000000000000e+00
0.000000000000000000e+00 0.000000000000000000e+00 0.000000000000000000e+00
0.000000000000000000e+00 0.000000000000000000e+00 0.000000000000000000e+00
0.000000000000000000e+00 0.000000000000000000e+00 0.000000000000000000e+00
0.000000000000000000e+00 0.000000000000000000e+00 0.000000000000000000e+00
0.000000000000000000e+00 0.000000000000000000e+00 0.000000000000000000e+00
0.000000000000000000e+00 0.000000000000000000e+00 0.000000000000000000e+00
0.000000000000000000e+00 0.000000000000000000e+00 0.000000000000000000e+00
0.000000000000000000e+00 0.000000000000000000e+00 0.000000000000000000e+00
0.000000000000000000e+00 0.000000000000000000e+00 0.000000000000000000e+00
0.000000000000000000e+00 0.000000000000000000e+00 0.000000000000000000e+00
0.000000000000000000e+00 0.000000000000000000e+00 0.000000000000000000e+00
0.000000000000000000e+00 0.000000000000000000e+00 0.000000000000000000e+00
0.000000000000000000e+00 0.000000000000000000e+00 0.000000000000000000e+00
0.000000000000000000e+00 0.000000000000000000e+00 0.000000000000000000e+00
0.000000000000000000e+00 0.000000000000000000e+00 0.000000000000000000e+00
0.000000000000000000e+00 0.000000000000000000e+00 0.000000000000000000e+00
0.000000000000000000e+00 0.000000000000000000e+00 0.000000000000000000e+00
0.000000000000000000e+00 0.000000000000000000e+00 0.000000000000000000e+00
0.000000000000000000e+00 0.000000000000000000e+00 0.000000000000000000e+00
0.000000000000000000e+00 0.000000000000000000e+00 0.000000000000000000e+00
0.000000000000000000e+00 0.000000000000000000e+00 0.000000000000000000e+00
0.000000000000000000e+00 0.000000000000000000e+00 0.000000000000000000e+00
0.000000000000000000e+00 0.000000000000000000e+00 0.000000000000000000e+00
0.000000000000000000e+00 0.000000000000000000e+00 0.000000000000000000e+00
0.000000000000000000e+00 0.000000000000000000e+00 0.000000000000000000e+00
0.000000000000000000e+00 0.000000000000000000e+00 0.000000000000000000e+00
0.000000000000000000e+00 0.000000000000000000e+00 0.000000000000000000e+00
0.000000000000000000e+00 0.000000000000000000e+00 0.000000000000000000e+00
0.000000000000000000e+00 0.000000000000000000e+00 0.000000000000000000e+00
0.000000000000000000e+00 0.000000000000000000e+00 0.000000000000000000e+00
0.000000000000000000e+00 0.000000000000000000e+00 0.000000000000000000e+00
0.000000000000000000e+00 0.000000000000000000e+00 0.000000000000000000e+00
0.000000000000000000e+00 0.000000000000000000e+00 0.000000000000000000e+00
0.000000000000000000e+00 0.000000000000000000e+00 0.000000000000000000e+00
0.000000000000000000e+00 0.000000000000000000e+00 0.000000000000000000e+00
0.000000000000000000e+00 0.000000000000000000e+00 0.000000000000000000e+00
0.000000000000000000e+00 0.000000000000000000e+00 0.000000000000000000e+00
0.000000000000000000e+00 0.000000000000000000e+00 0.000000000000000000e+00
0.000000000000000000e+00 0.000000000000000000e+00 0.000000000000000000e+00
0.000000000000000000e+00 0.000000000000000000e+00 0.000000000000000000e+00
0.000000000000000000e+00 0.000000000000000000e+00 0.000000000000000000e+00
0.000000000000000000e+00 0.000000000000000000e+00 0.000000000000000000e+00
0.000000000000000000e+00 0.000000000000000000e+00 0.000000000000000000e+00
0.000000000000000000e+00 0.000000000000000000e+00 0.000000000000000000e+00
0.000000000000000000e+00 0.000000000000000000e+00 0.000000000000000000e+00
0.000000000000000000e+00 0.000000000000000000e+00 0.000000000000000000e+00
0.000000000000000000e+00 0.000000000000000000e+00 0.000000000000000000e+00
0.000000000000000000e+00 0.000000000000000000e+00 0.000000000000000000e+00
0.000000000000000000e+00 0.000000000000000000e+00 0.000000000000000000e+00
0.000000000000000000e+00 0.000000000000000000e+00 0.000000000000000000e+00
0.000000000000000000e+00 0.000000000000000000e+00 0.000000000000000000e+00
0.000000000000000000e+00 0.000000000000000000e+00 0.000000000000000000e+00
0.000000000000000000e+00 0.000000000000000000e+00 0.000000000000000000e+00
0.000000000000000000e+00 0.000000000000000000e+00 0.000000000000000000e+00
0.000000000000000000e+00 0.000000000000000000e+00 0.000000000000000000e+00
0.000000000000000000e+00 0.000000000000000000e+00 0.000000000000000000e+00
0.000000000000000000e+00 0.000000000000000000e+00 0.000000000000000000e+00
0.000000000000000000e+00 0.000000000000000000e+00 0.000000000000000000e+00
0.000000000000000000e+00 0.000000000000000000e+00 0.000000000000000000e+00
0.000000000000000000e+00 0.000000000000000000e+00 0.000000000000000000e+00
0.000000000000000000e+00 0.000000000000000000e+00 0.000000000000000000e+00
0.000000000000000000e+00 0.000000000000000000e+00 0.000000000000000000e+00
0.000000000000000000e+00 0.000000000000000000e+00 0.000000000000000000e+00
0.000000000000000000e+00 0.000000000000000000e+00 0.000000000000000000e+00
0.000000000000000000e+00 0.000000000000000000e+00 0.000000000000000000e+00
0.000000000000000000e+00 0.000000000000000000e+00 0.000000000000000000e+00
0.000000000000000000e+00 0.000000000000000000e+00 0.000000000000000000e+00
0.000000000000000000e+00 0.000000000000000000e+00 0.000000000000000000e+00
0.000000000000000000e+00 0.000000000000000000e+00 0.000000000000000000e+00
0.000000000000000000e+00 0.000000000000000000e+00 0.000000000000000000e+00
0.000000000000000000e+00 0.000000000000000000e+00 0.000000000000000000e+00
0.000000000000000000e+00 0.000000000000000000e+00 0.000000000000000000e+00
0.000000000000000000e+00 0.000000000000000000e+00 0.000000000000000000e+00
0.000000000000000000e+00 0.000000000000000000e+00 0.000000000000000000e+00
0.000000000000000000e+00 0.000000000000000000e+00 0.000000000000000000e+00
0.000000000000000000e+00 0.000000000000000000e+00 0.000000000000000000e+00
0.000000000000000000e+00 0.000000000000000000e+00 0.000000000000000000e+00
0.000000000000000000e+00 0.000000000000000000e+00 0.000000000000000000e+00
