2.185246045674084182e-08 2.206865076291818646e-08 1.258153939344568778e-09
1.628439170282659020e-07 1.587115748381040440e-07 2.783406011515275165e-08
4.407286662076855781e-07 4.460696388536129974e-07 7.273912810566397352e-08
8.183336978607192131e-07 8.133597634854113541e-07 2.423127866533637859e-07
1.353610710735008754e-06 1.358826605375207715e-06 3.472136090986706158e-07
2.042535454813329928e-06 1.984953447510619684e-06 7.479521086379718694e-07
2.799409144075918256e-06 2.844777288871029440e-06 9.859397673495932627e-07
3.614931696756971847e-06 3.734557916580474658e-06 1.384183799474149788e-06
4.659500868640702708e-06 4.808672622467221058e-06 2.293493971812866587e-06
5.613718548555535960e-06 5.982297451788418749e-06 2.563798356354095652e-06
6.539900980911416357e-06 6.984724471026304348e-06 3.321027291562476517e-06
7.619742845777773142e-06 8.377936700301639878e-06 3.587016215252560849e-06
8.979417873092443363e-06 9.255561263479166259e-06 4.874963769780590928e-06
1.047591102981880984e-05 1.092478572275577327e-05 6.188688084328306697e-06
1.212758907798446385e-05 1.207413556944005978e-05 6.964804724363734993e-06
1.343089304067973777e-05 1.399328267016365815e-05 8.505962382932120457e-06
1.478935975194774476e-05 1.505924524608093630e-05 9.311035181672885425e-06
1.556521225235583223e-05 1.695381314263294433e-05 9.444484712856830131e-06
1.766087155514593193e-05 1.763141409070178919e-05 1.358085232749660635e-05
1.835368712936300648e-05 1.990783380746242380e-05 1.387655967788772144e-05
2.027244200043561969e-05 2.284518396161734470e-05 1.400649325241703936e-05
2.233313863240139711e-05 2.485456737590015455e-05 1.652848824470109631e-05
2.324692142767501924e-05 2.509774690407860144e-05 1.648533471031083427e-05
2.529845697773590923e-05 2.760928650002497374e-05 2.038103652410287820e-05
2.615181993143520092e-05 2.933536323985945523e-05 2.135262245211601561e-05
2.800733802756308834e-05 2.850012938520604189e-05 2.555114731106027849e-05
2.866368883299825018e-05 3.260511271518884370e-05 2.980749712555943827e-05
2.916438523727822189e-05 3.244720254340810765e-05 2.835006076805674256e-05
3.149030934439107075e-05 3.570610887600305505e-05 2.708543668077879256e-05
3.421719362455453523e-05 3.541446653150453957e-05 2.838891387929234691e-05
3.564235753270881749e-05 3.775385702521913227e-05 2.849948856783804103e-05
3.759541230594603937e-05 3.875718687444085030e-05 3.073669608366271378e-05
3.699415283363679694e-05 4.103219615262774665e-05 3.042308456540283019e-05
3.831456464769617307e-05 4.440853632247154700e-05 3.912087389139946874e-05
4.050252448034896870e-05 4.523401121240114601e-05 3.784605030745955635e-05
4.228781999665951884e-05 4.592219444879017744e-05 4.176537705851218426e-05
4.262184778072846954e-05 4.569449135435708361e-05 4.678748468841015967e-05
4.459923818988835648e-05 4.555761950876096580e-05 3.924715402176341390e-05
4.441083782839276713e-05 5.083875309189336773e-05 4.348327312192316624e-05
4.841369898176160281e-05 5.274274450967759276e-05 3.936157263196328877e-05
4.768229079158100209e-05 5.031813098892070745e-05 4.836231103333033264e-05
4.891732129563605811e-05 5.070066270130692228e-05 4.846343094923053141e-05
5.175728687635855772e-05 5.465425105841651028e-05 5.529459530688110450e-05
5.111063149860871894e-05 5.329142928669445769e-05 5.322494675631537142e-05
5.187320951230074727e-05 5.790179105833100916e-05 5.392721434302829870e-05
5.556037312389245004e-05 5.606892213275731831e-05 5.928004101918155620e-05
5.501783917729763683e-05 6.186532618586352129e-05 5.356248754616951287e-05
5.655931652837268403e-05 6.067151034805761257e-05 5.655513307915913232e-05
5.971019414966961038e-05 5.895396656312441554e-05 6.725972627386331618e-05
5.693751853486273993e-05 6.354195214476016465e-05 6.451615368817841185e-05
5.998769746124393105e-05 6.227472057089474813e-05 6.205324323755016141e-05
5.675094107867295330e-05 6.924620734690062947e-05 6.106749358964900143e-05
6.249853673112313918e-05 6.148751295836685270e-05 5.915736384928761606e-05
5.961595116129540778e-05 6.350897968468995579e-05 6.341108958574993067e-05
6.078645187522271616e-05 7.022563142645604263e-05 5.903535048628142241e-05
6.275063567357224564e-05 6.495444810918387572e-05 5.716193277560830332e-05
6.680484270096313467e-05 6.795100078114705232e-05 5.579625930638747113e-05
6.525320720007740151e-05 6.591589586563126649e-05 5.770725120801406814e-05
6.652659962529985894e-05 6.742863747644036072e-05 6.424196241713590514e-05
6.650718307702500811e-05 7.084612006897855556e-05 6.016451070712705546e-05
6.475824306178068284e-05 6.499637896034631099e-05 6.544728606440133227e-05
6.905487450804862436e-05 6.979716012952423326e-05 5.574509855665869980e-05
6.666902064005735277e-05 6.750133392259672997e-05 6.205792246744011359e-05
6.228986412688244847e-05 6.534844017558949839e-05 6.948254808475661263e-05
6.437260031528313313e-05 6.942758855073878231e-05 6.702238129765631411e-05
6.403388905207833695e-05 6.615899950134895412e-05 8.723924198016924235e-05
6.516873063841874128e-05 7.136428653837945265e-05 6.533205434447002236e-05
6.551181369293466300e-05 6.525995039578730359e-05 5.900708749377601075e-05
6.282963673172292077e-05 6.630032423784441734e-05 5.979957767900214897e-05
6.447854981530979149e-05 7.400054025653843618e-05 6.902394918366357255e-05
7.496896900766224160e-05 6.769859152115020537e-05 6.329843289232168254e-05
6.768291056882549353e-05 7.129911375441460263e-05 7.204787992811189745e-05
6.630530868197889976e-05 7.370668115309873011e-05 7.748487903622543410e-05
6.703676351081862847e-05 6.736543416403877581e-05 8.689912867009479775e-05
7.360306526249444411e-05 6.676904134818026154e-05 7.835399237173537807e-05
6.865229668143407824e-05 7.128341847074732738e-05 6.500579576542485989e-05
7.127416948160283331e-05 7.303724181415131606e-05 5.111926000808011245e-05
6.686156717835049171e-05 7.423842076101166108e-05 8.183492336692414347e-05
6.957372142921610931e-05 7.051401276493053389e-05 5.643471872454595170e-05
6.872427449885982814e-05 6.595375275499583867e-05 6.931586703454014817e-05
6.592553499431749991e-05 6.334025125294878494e-05 5.366737655328185494e-05
6.841955190805321834e-05 6.686559628673230241e-05 6.384545881935942775e-05
6.726939197904328155e-05 6.349307562269973580e-05 8.072570671202311391e-05
6.781821256704020288e-05 7.066418297211993118e-05 7.642996779982073495e-05
6.333627490117732029e-05 7.584501664072170845e-05 6.544233185948992201e-05
6.500999850217689690e-05 6.630973549542371157e-05 5.397994223555518316e-05
6.617045628876664287e-05 7.617094211578929650e-05 8.691194508398575639e-05
6.353522888332806956e-05 6.574544507197069428e-05 8.750591118060513948e-05
6.820422034432885555e-05 7.271486948072364829e-05 7.004084977787625383e-05
6.669590224706914135e-05 6.964377939279522707e-05 6.618759794910314973e-05
6.373287177781541545e-05 7.096782254610958015e-05 8.805520028096403733e-05
7.037685696223785776e-05 5.764048543644283720e-05 5.618102598205647514e-05
6.744337824651501262e-05 6.684193187997392233e-05 6.689440477191254829e-05
6.755831039393371984e-05 5.340413640404043262e-05 7.614981837860615302e-05
7.297242376806023945e-05 6.182572596195575008e-05 6.392126778579061230e-05
5.623595517221571512e-05 6.346039666087350520e-05 6.323137085267993671e-05
6.682677881951469849e-05 6.342216208654621488e-05 7.282749856122665798e-05
6.286159608110691182e-05 5.632862411910492838e-05 7.653690694622070740e-05
6.207172108484513694e-05 6.567077382222808303e-05 6.716161711962390579e-05
7.111408199261306780e-05 6.342886088477915694e-05 5.965952445081841831e-05
6.464911063983434108e-05 6.058863110059339163e-05 6.337556410192247676e-05
6.161615757728153286e-05 6.983844260668947647e-05 6.904958451772818747e-05
6.668388071625919742e-05 5.015618963001552613e-05 6.825682114768254324e-05
5.437832671840341688e-05 5.471977516345256692e-05 6.709804919617285194e-05
6.567425260317829195e-05 6.304634250245043858e-05 6.590027984314937484e-05
5.733085345371057750e-05 6.104017038788828588e-05 5.730194554522767878e-05
5.454306732975891102e-05 5.538578352333152157e-05 3.798148481457967783e-05
5.982334149390135990e-05 7.016142030246212658e-05 6.201639873291663594e-05
5.972148974142170533e-05 5.487299736136424502e-05 6.315648455634027293e-05
5.865262037066791578e-05 5.055891649801546602e-05 6.703240893492985503e-05
5.912096516112719767e-05 5.106294546389179498e-05 4.922815438593532080e-05
6.210179964701602318e-05 5.198793545381062714e-05 3.609386113525222552e-05
5.860545427826301584e-05 6.228170249954914184e-05 7.356408145524027389e-05
5.328260842934087440e-05 4.960929297653507355e-05 6.340213499553279202e-05
5.490133164259985185e-05 5.484229089258098631e-05 7.327974009710996775e-05
4.793488922574118275e-05 5.286399471276855298e-05 5.372388929079813946e-05
4.697082150265764018e-05 4.919386445956060367e-05 6.073681464391769496e-05
5.065454809492068614e-05 5.364554339003853745e-05 4.320057230487142126e-05
5.338102645218298961e-05 5.454069218001813949e-05 5.651311131044964655e-05
4.941681050819417943e-05 5.442966423520524026e-05 4.785789978989208286e-05
4.988642641032334094e-05 5.267442867588650635e-05 4.869952314210411525e-05
5.495992004232808304e-05 5.300059871307582837e-05 5.606840079618276767e-05
6.088994335134607374e-05 4.445441707702999510e-05 5.379227679597301274e-05
5.797260710838479132e-05 4.800611948541193546e-05 6.148646995070291914e-05
4.717681205086447571e-05 4.587838719948823492e-05 3.470369054237460718e-05
5.616057044238144597e-05 5.133927868167784315e-05 7.392206491934619954e-05
4.495820932826523743e-05 6.220196019970708132e-05 6.086098913873317723e-05
4.736545072757994526e-05 5.054544822262247475e-05 3.629082703207069560e-05
5.670912681404602839e-05 3.666373511231941660e-05 2.951203825520073586e-05
5.454806470372742931e-05 4.964851841847043408e-05 5.617709935307162178e-05
4.477202738456163654e-05 4.916228188015321274e-05 3.811194900497072560e-05
4.273007308075451406e-05 5.376062142103520141e-05 5.017409209042968067e-05
5.024016427472809121e-05 5.844471914633491457e-05 5.901189239584373245e-05
4.544428655334614958e-05 4.682163178487117511e-05 6.386606332786865306e-05
3.340031338719258539e-05 4.887676348256317235e-05 3.633357132629229169e-05
5.639495731298062591e-05 4.352216380537630086e-05 3.283231939058518724e-05
4.657788838418661347e-05 5.034473292564088464e-05 5.419438408393295581e-05
4.820239399998741791e-05 5.039230849333322244e-05 5.498399562440315817e-05
4.042329526754347710e-05 3.694287303344981333e-05 6.006820464430437937e-05
4.356096931787119768e-05 4.682692417316997328e-05 5.671271238455713508e-05
4.617430753490893815e-05 3.575070076211225959e-05 3.087031031342722426e-05
3.852856138801096230e-05 3.184877751584902408e-05 5.809079553378298811e-05
4.434653894126945243e-05 3.154187977958096883e-05 4.998836114308835826e-05
4.020315217657892252e-05 4.342613164205737653e-05 4.596754605257160378e-05
3.964934637397817777e-05 4.404825982240864670e-05 4.204345199369245760e-05
4.184391186478994036e-05 3.132427103411859038e-05 4.261700370125105905e-05
3.462493605804393520e-05 3.654562795905468600e-05 5.760402852088854469e-05
4.132430015289587772e-05 4.508431312622632046e-05 1.463066542675207643e-05
3.443793210797299598e-05 3.918087824972916127e-05 1.473388668171603416e-05
4.129020720978120667e-05 3.722172130724174749e-05 1.505386021971075698e-05
2.889907048121190304e-05 3.351257048027115010e-05 3.544375179880164474e-05
5.315873402694030586e-05 3.486763036686284445e-05 2.569574801026951888e-05
4.235206283410853907e-05 3.961173302018806383e-05 3.115415685973504684e-05
3.985909183394571357e-05 3.839299453668445973e-05 2.641148364438779185e-05
3.910353289681261628e-05 3.621186286981030770e-05 3.207992579087790122e-05
3.206141575759981248e-05 2.689220458762951786e-05 4.867216778199376739e-05
3.633124538227640977e-05 4.167621068779994167e-05 3.286224297443113431e-05
4.129544602209408554e-05 2.571967187510876003e-05 2.784689228282096794e-05
2.875848736275782145e-05 3.158177326475391963e-05 4.490600032769337103e-05
3.506417353640893162e-05 3.864077797050260370e-05 2.854311364142526748e-05
2.946891373630782860e-05 4.478898416177874318e-05 1.725188880754261492e-05
3.120921285726330831e-05 3.764346359114361469e-05 3.496742524375332927e-05
3.023639380620873567e-05 2.832916357736805707e-05 4.726095515524725863e-05
3.547728382971539267e-05 3.365709774827163489e-05 4.192545655997121474e-05
3.451366458730947362e-05 3.408951865237596214e-05 3.629717437214943879e-05
2.421351775727549266e-05 2.026748770497265026e-05 6.098190152753235241e-06
3.462032757553766278e-05 2.360038675776070965e-05 3.099256571173876284e-05
3.067378226994713878e-05 3.426554016593610767e-05 2.518221282350848118e-05
2.958568373838825662e-05 2.942919055242187984e-05 1.901071139410232029e-05
2.764701699149572610e-05 2.125440440249675670e-05 1.290683520187534326e-05
2.117090557856481908e-05 2.585719718974626168e-05 5.199598170193129356e-05
2.221928558695856012e-05 3.705708407750616848e-05 6.588810826000536102e-05
2.632592383659630979e-05 1.652952819469498321e-05 1.994383053646338989e-05
2.739328369717703115e-05 2.227199954606101624e-05 2.687008863216752182e-05
2.537240240523577807e-05 2.595012765603956184e-05 6.821824157930683295e-06
2.164330847371086190e-05 2.165727819735278133e-05 2.063786283610777105e-05
2.268102105479278865e-05 3.227571947009413638e-05 1.392010705670976544e-05
2.378529637184102622e-05 2.213963521497763591e-05 4.230524862242643434e-05
2.570508399772197450e-05 2.713080556689988484e-05 2.853285972262364857e-05
2.011289785182483316e-05 1.788806793723262398e-05 7.247095943206418366e-06
3.055240915713456642e-05 2.654202966439074326e-05 3.636774019507245707e-05
1.113186927932565806e-05 1.829222236552460444e-05 1.476935559516146096e-05
2.166185837575890802e-05 2.589127645930251276e-05 1.492256931405336258e-05
2.979538876430398457e-05 2.367838364949506242e-05 2.259691664786580865e-05
2.126205563264651748e-05 3.530006252746017639e-05 3.043980111328958155e-05
1.611591212846614520e-05 1.657237769417616645e-05 7.735070268304463449e-06
1.809793637990322841e-05 3.347703242846594365e-05 5.447893059920817614e-05
2.472926187507704655e-05 1.301101123107987288e-05 3.144829885753003306e-05
1.573455609936845698e-05 9.193923077563089649e-06 7.979947340249114742e-06
2.336213528092325446e-05 1.729628779522941864e-05 3.212641554564574188e-05
1.606174948764035388e-05 2.550797243300664479e-05 8.098707548248802293e-06
1.620805954194521801e-05 1.901175629756508956e-05 2.464136058695910224e-05
2.123589958991763265e-05 2.742527951183656418e-05 1.658110836706980982e-05
2.632713269398455108e-05 1.107352955454714030e-05 3.352852499541221645e-05
1.772353429980829455e-05 1.821271793315316459e-05 1.691702222138028477e-05
2.484632232773559710e-05 2.264873973355064650e-05 1.704955445307857506e-05
1.708353963049187455e-05 2.571658706282265645e-05 1.729503553916541777e-05
1.522173168655405637e-05 1.443796053252405935e-05 1.744314109577712013e-05
2.873223554421104687e-05 1.751841916260304480e-05 1.763451798206822904e-05
1.551627593134493387e-05 2.650872501928744254e-05 2.673504045063093687e-05
1.361405892059507609e-05 1.636884702980422995e-05 1.793426223788509489e-05
1.798790254094403566e-05 1.203213232125417278e-05 1.813189874435877741e-05
1.919923040394925647e-05 1.519039523854770607e-05 9.185248789010222429e-06
7.540986307454323777e-06 1.839011190943430366e-05 0.000000000000000000e+00
1.632350367357295485e-05 7.735639076536461513e-06 1.868740163573002054e-05
1.757641727177532530e-05 1.721258984525542667e-05 2.829329024145783600e-05
9.985069624065078648e-06 1.577612857024187504e-05 0.000000000000000000e+00
1.007813290421301274e-05 1.593179698181799458e-05 9.640495715948428808e-06
1.357000158631346839e-05 1.127802087173014352e-05 9.707495098521471200e-06
1.712717292775025165e-05 8.113751015810694394e-06 1.966936500648019441e-05
9.224457638064117228e-06 1.311953111076149777e-05 0.000000000000000000e+00
6.991834918110774493e-06 1.491243190284019532e-05 2.003888274183141416e-05
1.173956821792902195e-05 1.504557832320873499e-05 0.000000000000000000e+00
1.779780274166437259e-05 1.685794899728332888e-05 1.022503783139607605e-05
1.316387651489638576e-05 8.518646536055406428e-06 0.000000000000000000e+00
1.569079337983096938e-05 1.719590197588375356e-05 2.081523568852591604e-05
1.707635944235062647e-05 1.217635785599739497e-05 2.094284235854418835e-05
1.600080937516665288e-05 1.225804569254391579e-05 2.112526716090091047e-05
7.454812723227850870e-06 7.069263932719590325e-06 2.133579061522286144e-05
1.504730868135277859e-05 1.604804586582144171e-05 1.077958260667691474e-05
1.644852542863003714e-05 1.081558482524724950e-05 1.087803476361239368e-05
1.405210090854467354e-05 9.090925100148196524e-06 1.100073699633381688e-05
2.318150150542428616e-05 1.282160574733490240e-05 3.329260573604822667e-05
1.688614975073037135e-05 1.479042360456757513e-05 2.233615368174506513e-05
1.311767396886097702e-05 5.599658506495136474e-06 1.129239920637014615e-05
1.194165381947439079e-05 9.404729346567486953e-06 2.268545251808982342e-05
6.681872015891522665e-06 9.495084919707878963e-06 0.000000000000000000e+00
1.615277690703350517e-05 9.578445767338674433e-06 0.000000000000000000e+00
1.087388941016728276e-05 9.652695135572337369e-06 0.000000000000000000e+00
1.506660446881378817e-05 3.897150611717850496e-06 2.359314327373313079e-05
1.936266134345778593e-05 7.882199681886853349e-06 1.184594683915779263e-05
6.970366726892018869e-06 1.387477537819488953e-05 1.201542346875911874e-05
9.855609534324267284e-06 5.998921810841650464e-06 1.206941130542728730e-05
9.925951084364077135e-06 2.017119480572888434e-05 3.662938000211449642e-05
1.144212621330579267e-05 6.103324065381463852e-06 1.225722676393391389e-05
8.658029498783724869e-06 2.258695651660888300e-05 2.481285262592996811e-05
1.747328932734331346e-05 1.033744389745566456e-05 0.000000000000000000e+00
7.338438275275251769e-06 8.345996401395442603e-06 2.528296001936006855e-05
1.035774116005595687e-05 2.107999001991446194e-06 1.276943326279827756e-05
1.193690512949907550e-05 6.369316476244666521e-06 0.000000000000000000e+00
7.522014158974418282e-06 1.286093510447412610e-05 1.296690686089335485e-05
1.062655781315713668e-05 6.482604013916880593e-06 1.301003640657731826e-05
7.642129235598348652e-06 8.709904957038661457e-06 0.000000000000000000e+00
1.080529739282846469e-05 1.756016457785438071e-05 1.321805501031314107e-05
9.344226547568913163e-06 1.104851981914040098e-05 0.000000000000000000e+00
6.281551542021018175e-06 0.000000000000000000e+00 0.000000000000000000e+00
1.105724767455157232e-05 1.350599127996231685e-05 1.363020389912192808e-05
9.568126965510429053e-06 1.134721773345544816e-05 0.000000000000000000e+00
0.000000000000000000e+00 4.573857320284369847e-06 0.000000000000000000e+00
9.714021269482389973e-06 6.924983478139433665e-06 5.574264526388910350e-05
6.525793827563056685e-06 1.394702535629178052e-05 1.398595283313808152e-05
3.293988721643038816e-06 2.341727874865062529e-06 0.000000000000000000e+00
4.974562875403718657e-06 1.413991348048359198e-05 0.000000000000000000e+00
8.361145908820375513e-06 4.762002787749002803e-06 1.439164840191193697e-05
6.741799153345364320e-06 7.196828850653162042e-06 0.000000000000000000e+00
5.090317570531334651e-06 9.664245600780497635e-06 0.000000000000000000e+00
5.138816737396112287e-06 4.866992986691960610e-06 0.000000000000000000e+00
1.208439426740532595e-05 7.378912104186745836e-06 0.000000000000000000e+00
1.741002656800278037e-06 1.483427771642724475e-05 1.489537543016005085e-05
7.000141554795233362e-06 1.496391240720123195e-05 0.000000000000000000e+00
8.825521874311813977e-06 7.550144394685480716e-06 0.000000000000000000e+00
7.119973051714926498e-06 2.522380131914009759e-06 0.000000000000000000e+00
8.962141955988799970e-06 7.660207776537106332e-06 0.000000000000000000e+00
1.801838123782532196e-06 1.542795048961776125e-05 0.000000000000000000e+00
1.274745908259863878e-05 1.296614385711550946e-05 1.560096598975603321e-05
5.505136504428716718e-06 1.303758212357722750e-05 0.000000000000000000e+00
5.535580597090590825e-06 0.000000000000000000e+00 0.000000000000000000e+00
7.448197279278796746e-06 5.307087679057676448e-06 0.000000000000000000e+00
7.510710322173653510e-06 0.000000000000000000e+00 1.609162991428275157e-05
5.671679616676665834e-06 8.059665936702036353e-06 0.000000000000000000e+00
5.715535030549194110e-06 1.084539201872869738e-05 1.642942670301753588e-05
1.912506873130928162e-06 2.720974527879059583e-06 1.650226823067546273e-05
0.000000000000000000e+00 5.482979268990636827e-06 0.000000000000000000e+00
3.896461423714824040e-06 2.766938165772865035e-06 0.000000000000000000e+00
1.958497379833890691e-06 1.116433461722669703e-05 0.000000000000000000e+00
7.895802732493359448e-06 2.808389845801429524e-06 3.398399820387849911e-05
1.994645547075229314e-06 0.000000000000000000e+00 0.000000000000000000e+00
8.006865745078129565e-06 2.855082904442061644e-06 0.000000000000000000e+00
8.091383323771851051e-06 5.760451821603059278e-06 0.000000000000000000e+00
0.000000000000000000e+00 0.000000000000000000e+00 0.000000000000000000e+00
4.094891595425111084e-06 2.922930645858177458e-06 0.000000000000000000e+00
4.132934125060733823e-06 2.924595421929151662e-06 0.000000000000000000e+00
4.159380368517787301e-06 0.000000000000000000e+00 0.000000000000000000e+00
6.279749457545174475e-06 0.000000000000000000e+00 0.000000000000000000e+00
4.215481220405790381e-06 2.990733183568166619e-06 1.807424600623268494e-05
2.115151847094355249e-06 0.000000000000000000e+00 0.000000000000000000e+00
6.412706780454929597e-06 3.049104083522034711e-06 0.000000000000000000e+00
6.444372056436393004e-06 3.055057287205019607e-06 0.000000000000000000e+00
4.328211648338134943e-06 3.084055435062794000e-06 0.000000000000000000e+00
4.370941196650690591e-06 3.105464988537826327e-06 1.871580963459439651e-05
4.387850708788467687e-06 6.231535876194714752e-06 0.000000000000000000e+00
1.104380874492037033e-05 6.287514712139982728e-06 0.000000000000000000e+00
4.455209633292953790e-06 3.170137984213183452e-06 0.000000000000000000e+00
4.481440506084764455e-06 3.179679402398468706e-06 0.000000000000000000e+00
2.251423346435929676e-06 0.000000000000000000e+00 1.940017555972129869e-05
4.541516928889514242e-06 3.238104925965769115e-06 1.950574018905435353e-05
0.000000000000000000e+00 0.000000000000000000e+00 0.000000000000000000e+00
2.310595812086562114e-06 6.537674569365917036e-06 0.000000000000000000e+00
4.623673550389253425e-06 3.297946338619197990e-06 0.000000000000000000e+00
4.656620973080467468e-06 3.319197649500437830e-06 0.000000000000000000e+00
2.347968369055306315e-06 6.702405642706344495e-06 0.000000000000000000e+00
0.000000000000000000e+00 0.000000000000000000e+00 0.000000000000000000e+00
2.379970775915695610e-06 1.016442093589838248e-05 0.000000000000000000e+00
2.397632836132024723e-06 3.399497915927442606e-06 0.000000000000000000e+00
4.835796749139732799e-06 3.427379123455463351e-06 0.000000000000000000e+00
9.706530642766240540e-06 3.447234866182685797e-06 0.000000000000000000e+00
2.440160672243800233e-06 0.000000000000000000e+00 0.000000000000000000e+00
7.370294686475868160e-06 6.997896404429714671e-06 0.000000000000000000e+00
2.470216747918292511e-06 3.523575216859372855e-06 2.134969224954355805e-05
2.497876012929586535e-06 0.000000000000000000e+00 0.000000000000000000e+00
5.016415033941203269e-06 0.000000000000000000e+00 0.000000000000000000e+00
7.582910006363595609e-06 0.000000000000000000e+00 0.000000000000000000e+00
2.536727681659628744e-06 0.000000000000000000e+00 0.000000000000000000e+00
2.553656515527620762e-06 0.000000000000000000e+00 0.000000000000000000e+00
2.576534235293903082e-06 0.000000000000000000e+00 0.000000000000000000e+00
0.000000000000000000e+00 3.677830464605568141e-06 0.000000000000000000e+00
2.604780814277081944e-06 0.000000000000000000e+00 0.000000000000000000e+00
0.000000000000000000e+00 3.729356468896229769e-06 0.000000000000000000e+00
2.643124787889057184e-06 0.000000000000000000e+00 0.000000000000000000e+00
2.662401836603089583e-06 0.000000000000000000e+00 2.277730384234864615e-05
0.000000000000000000e+00 3.805892860285331301e-06 0.000000000000000000e+00
5.388925166858128446e-06 7.634595522531014471e-06 0.000000000000000000e+00
0.000000000000000000e+00 0.000000000000000000e+00 2.321920911014007107e-05
2.720653230377366748e-06 0.000000000000000000e+00 0.000000000000000000e+00
5.481097023991588251e-06 3.905301675282721755e-06 0.000000000000000000e+00
0.000000000000000000e+00 3.918781503392211825e-06 0.000000000000000000e+00
0.000000000000000000e+00 0.000000000000000000e+00 0.000000000000000000e+00
2.783619043040821545e-06 0.000000000000000000e+00 0.000000000000000000e+00
5.612273874447013511e-06 1.198195857724180312e-05 0.000000000000000000e+00
5.636909330321295631e-06 4.012815342978956529e-06 0.000000000000000000e+00
0.000000000000000000e+00 4.048977656188424124e-06 0.000000000000000000e+00
2.859714720935353441e-06 0.000000000000000000e+00 0.000000000000000000e+00
2.870076623388129410e-06 0.000000000000000000e+00 0.000000000000000000e+00
2.890162769554921591e-06 0.000000000000000000e+00 0.000000000000000000e+00
0.000000000000000000e+00 0.000000000000000000e+00 0.000000000000000000e+00
5.858299047659659861e-06 0.000000000000000000e+00 0.000000000000000000e+00
0.000000000000000000e+00 4.185284070367412823e-06 0.000000000000000000e+00
5.930466834338082171e-06 0.000000000000000000e+00 0.000000000000000000e+00
5.958611599462692007e-06 0.000000000000000000e+00 0.000000000000000000e+00
3.006486581249025419e-06 0.000000000000000000e+00 0.000000000000000000e+00
0.000000000000000000e+00 4.292524027549487216e-06 0.000000000000000000e+00
0.000000000000000000e+00 0.000000000000000000e+00 2.612469078368984487e-05
0.000000000000000000e+00 4.337016323317931451e-06 0.000000000000000000e+00
3.069798019690036171e-06 4.361381535632994403e-06 2.644373055234085500e-05
0.000000000000000000e+00 0.000000000000000000e+00 0.000000000000000000e+00
0.000000000000000000e+00 0.000000000000000000e+00 0.000000000000000000e+00
0.000000000000000000e+00 0.000000000000000000e+00 0.000000000000000000e+00
9.436023837971155377e-06 0.000000000000000000e+00 0.000000000000000000e+00
9.481678046628388734e-06 0.000000000000000000e+00 0.000000000000000000e+00
0.000000000000000000e+00 0.000000000000000000e+00 2.727479529337721164e-05
0.000000000000000000e+00 0.000000000000000000e+00 0.000000000000000000e+00
0.000000000000000000e+00 0.000000000000000000e+00 0.000000000000000000e+00
3.226929200673567813e-06 0.000000000000000000e+00 0.000000000000000000e+00
3.260741895416809249e-06 0.000000000000000000e+00 0.000000000000000000e+00
6.536231684403575140e-06 0.000000000000000000e+00 0.000000000000000000e+00
0.000000000000000000e+00 0.000000000000000000e+00 0.000000000000000000e+00
3.299918494019413904e-06 0.000000000000000000e+00 0.000000000000000000e+00
0.000000000000000000e+00 0.000000000000000000e+00 0.000000000000000000e+00
0.000000000000000000e+00 0.000000000000000000e+00 0.000000000000000000e+00
0.000000000000000000e+00 0.000000000000000000e+00 0.000000000000000000e+00
0.000000000000000000e+00 0.000000000000000000e+00 0.000000000000000000e+00
0.000000000000000000e+00 0.000000000000000000e+00 0.000000000000000000e+00
0.000000000000000000e+00 0.000000000000000000e+00 0.000000000000000000e+00
0.000000000000000000e+00 0.000000000000000000e+00 0.000000000000000000e+00
0.000000000000000000e+00 0.000000000000000000e+00 0.000000000000000000e+00
0.000000000000000000e+00 0.000000000000000000e+00 0.000000000000000000e+00
0.000000000000000000e+00 0.000000000000000000e+00 0.000000000000000000e+00
7.027666816944819911e-06 0.000000000000000000e+00 0.000000000000000000e+00
3.529915584110370155e-06 5.027561171939751518e-06 0.000000000000000000e+00
0.000000000000000000e+00 0.000000000000000000e+00 0.000000000000000000e+00
0.000000000000000000e+00 0.000000000000000000e+00 0.000000000000000000e+00
0.000000000000000000e+00 0.000000000000000000e+00 0.000000000000000000e+00
0.000000000000000000e+00 0.000000000000000000e+00 0.000000000000000000e+00
3.627192167411686218e-06 5.172674666247095440e-06 0.000000000000000000e+00
0.000000000000000000e+00 0.000000000000000000e+00 0.000000000000000000e+00
0.000000000000000000e+00 0.000000000000000000e+00 0.000000000000000000e+00
0.000000000000000000e+00 0.000000000000000000e+00 0.000000000000000000e+00
0.000000000000000000e+00 0.000000000000000000e+00 0.000000000000000000e+00
0.000000000000000000e+00 0.000000000000000000e+00 0.000000000000000000e+00
0.000000000000000000e+00 5.338957536015531361e-06 0.000000000000000000e+00
0.000000000000000000e+00 0.000000000000000000e+00 0.000000000000000000e+00
0.000000000000000000e+00 0.000000000000000000e+00 0.000000000000000000e+00
3.812950282300347743e-06 0.000000000000000000e+00 0.000000000000000000e+00
0.000000000000000000e+00 0.000000000000000000e+00 0.000000000000000000e+00
7.704200543764492794e-06 0.000000000000000000e+00 0.000000000000000000e+00
0.000000000000000000e+00 0.000000000000000000e+00 0.000000000000000000e+00
0.000000000000000000e+00 0.000000000000000000e+00 0.000000000000000000e+00
0.000000000000000000e+00 0.000000000000000000e+00 0.000000000000000000e+00
0.000000000000000000e+00 0.000000000000000000e+00 0.000000000000000000e+00
0.000000000000000000e+00 0.000000000000000000e+00 0.000000000000000000e+00
0.000000000000000000e+00 0.000000000000000000e+00 0.000000000000000000e+00
3.985402054603079020e-06 0.000000000000000000e+00 3.423898776866972100e-05
0.000000000000000000e+00 0.000000000000000000e+00 0.000000000000000000e+00
0.000000000000000000e+00 0.000000000000000000e+00 0.000000000000000000e+00
0.000000000000000000e+00 0.000000000000000000e+00 0.000000000000000000e+00
0.000000000000000000e+00 0.000000000000000000e+00 0.000000000000000000e+00
0.000000000000000000e+00 0.000000000000000000e+00 0.000000000000000000e+00
0.000000000000000000e+00 0.000000000000000000e+00 0.000000000000000000e+00
0.000000000000000000e+00 0.000000000000000000e+00 0.000000000000000000e+00
0.000000000000000000e+00 0.000000000000000000e+00 0.000000000000000000e+00
0.000000000000000000e+00 0.000000000000000000e+00 0.000000000000000000e+00
0.000000000000000000e+00 0.000000000000000000e+00 0.000000000000000000e+00
0.000000000000000000e+00 0.000000000000000000e+00 0.000000000000000000e+00
4.238617992938599328e-06 0.000000000000000000e+00 0.000000000000000000e+00
4.258807868480318449e-06 0.000000000000000000e+00 0.000000000000000000e+00
0.000000000000000000e+00 0.000000000000000000e+00 0.000000000000000000e+00
0.000000000000000000e+00 0.000000000000000000e+00 0.000000000000000000e+00
0.000000000000000000e+00 0.000000000000000000e+00 3.716292570837355006e-05
0.000000000000000000e+00 0.000000000000000000e+00 0.000000000000000000e+00
0.000000000000000000e+00 0.000000000000000000e+00 0.000000000000000000e+00
0.000000000000000000e+00 0.000000000000000000e+00 0.000000000000000000e+00
0.000000000000000000e+00 0.000000000000000000e+00 0.000000000000000000e+00
0.000000000000000000e+00 0.000000000000000000e+00 0.000000000000000000e+00
4.446977660104778620e-06 0.000000000000000000e+00 0.000000000000000000e+00
0.000000000000000000e+00 6.353800704018484017e-06 0.000000000000000000e+00
0.000000000000000000e+00 0.000000000000000000e+00 0.000000000000000000e+00
0.000000000000000000e+00 0.000000000000000000e+00 0.000000000000000000e+00
0.000000000000000000e+00 0.000000000000000000e+00 0.000000000000000000e+00
0.000000000000000000e+00 0.000000000000000000e+00 0.000000000000000000e+00
0.000000000000000000e+00 6.516807045651502222e-06 0.000000000000000000e+00
0.000000000000000000e+00 0.000000000000000000e+00 0.000000000000000000e+00
0.000000000000000000e+00 0.000000000000000000e+00 0.000000000000000000e+00
0.000000000000000000e+00 0.000000000000000000e+00 0.000000000000000000e+00
0.000000000000000000e+00 0.000000000000000000e+00 0.000000000000000000e+00
0.000000000000000000e+00 0.000000000000000000e+00 0.000000000000000000e+00
0.000000000000000000e+00 0.000000000000000000e+00 0.000000000000000000e+00
0.000000000000000000e+00 0.000000000000000000e+00 0.000000000000000000e+00
0.000000000000000000e+00 6.751266820389445819e-06 0.000000000000000000e+00
0.000000000000000000e+00 0.000000000000000000e+00 0.000000000000000000e+00
0.000000000000000000e+00 0.000000000000000000e+00 0.000000000000000000e+00
0.000000000000000000e+00 0.000000000000000000e+00 0.000000000000000000e+00
0.000000000000000000e+00 0.000000000000000000e+00 0.000000000000000000e+00
0.000000000000000000e+00 0.000000000000000000e+00 0.000000000000000000e+00
0.000000000000000000e+00 0.000000000000000000e+00 0.000000000000000000e+00
0.000000000000000000e+00 0.000000000000000000e+00 0.000000000000000000e+00
0.000000000000000000e+00 0.000000000000000000e+00 0.000000000000000000e+00
0.000000000000000000e+00 0.000000000000000000e+00 0.000000000000000000e+00
0.000000000000000000e+00 0.000000000000000000e+00 0.000000000000000000e+00
0.000000000000000000e+00 0.000000000000000000e+00 0.000000000000000000e+00
0.000000000000000000e+00 0.000000000000000000e+00 0.000000000000000000e+00
0.000000000000000000e+00 0.000000000000000000e+00 0.000000000000000000e+00
0.000000000000000000e+00 0.000000000000000000e+00 0.000000000000000000e+00
0.000000000000000000e+00 0.000000000000000000e+00 0.000000000000000000e+00
5.128820198867706190e-06 0.000000000000000000e+00 0.000000000000000000e+00
0.000000000000000000e+00 0.000000000000000000e+00 0.000000000000000000e+00
0.000000000000000000e+00 0.000000000000000000e+00 0.000000000000000000e+00
0.000000000000000000e+00 0.000000000000000000e+00 0.000000000000000000e+00
0.000000000000000000e+00 0.000000000000000000e+00 0.000000000000000000e+00
0.000000000000000000e+00 0.000000000000000000e+00 0.000000000000000000e+00
0.000000000000000000e+00 0.000000000000000000e+00 0.000000000000000000e+00
0.000000000000000000e+00 0.000000000000000000e+00 0.000000000000000000e+00
0.000000000000000000e+00 0.000000000000000000e+00 0.000000000000000000e+00
0.000000000000000000e+00 0.000000000000000000e+00 0.000000000000000000e+00
0.000000000000000000e+00 0.000000000000000000e+00 0.000000000000000000e+00
0.000000000000000000e+00 0.000000000000000000e+00 0.000000000000000000e+00
0.000000000000000000e+00 0.000000000000000000e+00 0.000000000000000000e+00
0.000000000000000000e+00 0.000000000000000000e+00 0.000000000000000000e+00
0.000000000000000000e+00 0.000000000000000000e+00 0.000000000000000000e+00
0.000000000000000000e+00 0.000000000000000000e+00 0.000000000000000000e+00
0.000000000000000000e+00 0.000000000000000000e+00 0.000000000000000000e+00
0.000000000000000000e+00 0.000000000000000000e+00 0.000000000000000000e+00
0.000000000000000000e+00 0.000000000000000000e+00 0.000000000000000000e+00
0.000000000000000000e+00 0.000000000000000000e+00 0.000000000000000000e+00
0.000000000000000000e+00 0.000000000000000000e+00 0.000000000000000000e+00
0.000000000000000000e+00 0.000000000000000000e+00 0.000000000000000000e+00
0.000000000000000000e+00 0.000000000000000000e+00 0.000000000000000000e+00
5.674047986086120820e-06 0.000000000000000000e+00 0.000000000000000000e+00
0.000000000000000000e+00 0.000000000000000000e+00 0.000000000000000000e+00
0.000000000000000000e+00 0.000000000000000000e+00 0.000000000000000000e+00
0.000000000000000000e+00 0.000000000000000000e+00 0.000000000000000000e+00
0.000000000000000000e+00 0.000000000000000000e+00 0.000000000000000000e+00
0.000000000000000000e+00 0.000000000000000000e+00 0.000000000000000000e+00
0.000000000000000000e+00 0.000000000000000000e+00 0.000000000000000000e+00
0.000000000000000000e+00 0.000000000000000000e+00 0.000000000000000000e+00
0.000000000000000000e+00 0.000000000000000000e+00 0.000000000000000000e+00
0.000000000000000000e+00 0.000000000000000000e+00 0.000000000000000000e+00
0.000000000000000000e+00 0.000000000000000000e+00 0.000000000000000000e+00
0.000000000000000000e+00 0.000000000000000000e+00 0.000000000000000000e+00
0.000000000000000000e+00 0.000000000000000000e+00 0.000000000000000000e+00
0.000000000000000000e+00 0.000000000000000000e+00 0.000000000000000000e+00
0.000000000000000000e+00 0.000000000000000000e+00 0.000000000000000000e+00
0.000000000000000000e+00 0.000000000000000000e+00 0.000000000000000000e+00
0.000000000000000000e+00 0.000000000000000000e+00 0.000000000000000000e+00
0.000000000000000000e+00 0.000000000000000000e+00 0.000000000000000000e+00
0.000000000000000000e+00 0.000000000000000000e+00 0.000000000000000000e+00
0.000000000000000000e+00 0.000000000000000000e+00 0.000000000000000000e+00
0.000000000000000000e+00 0.000000000000000000e+00 0.000000000000000000e+00
0.000000000000000000e+00 0.000000000000000000e+00 0.000000000000000000e+00
0.000000000000000000e+00 0.000000000000000000e+00 0.000000000000000000e+00
0.000000000000000000e+00 0.000000000000000000e+00 0.000000000000000000e+00
0.000000000000000000e+00 0.000000000000000000e+00 0.000000000000000000e+00
0.000000000000000000e+00 0.000000000000000000e+00 0.000000000000000000e+00
0.000000000000000000e+00 0.000000000000000000e+00 0.000000000000000000e+00
0.000000000000000000e+00 0.000000000000000000e+00 0.000000000000000000e+00
0.000000000000000000e+00 0.000000000000000000e+00 0.000000000000000000e+00
0.000000000000000000e+00 0.000000000000000000e+00 0.000000000000000000e+00
0.000000000000000000e+00 0.000000000000000000e+00 0.000000000000000000e+00
0.000000000000000000e+00 0.000000000000000000e+00 0.000000000000000000e+00
0.000000000000000000e+00 0.000000000000000000e+00 0.000000000000000000e+00
0.000000000000000000e+00 0.000000000000000000e+00 0.000000000000000000e+00
0.000000000000000000e+00 0.000000000000000000e+00 0.000000000000000000e+00
0.000000000000000000e+00 0.000000000000000000e+00 0.000000000000000000e+00
0.000000000000000000e+00 0.000000000000000000e+00 0.000000000000000000e+00
0.000000000000000000e+00 0.000000000000000000e+00 0.000000000000000000e+00
0.000000000000000000e+00 0.000000000000000000e+00 0.000000000000000000e+00
0.000000000000000000e+00 0.000000000000000000e+00 0.000000000000000000e+00
0.000000000000000000e+00 0.000000000000000000e+00 0.000000000000000000e+00
0.000000000000000000e+00 0.000000000000000000e+00 0.000000000000000000e+00
0.000000000000000000e+00 0.000000000000000000e+00 0.000000000000000000e+00
0.000000000000000000e+00 0.000000000000000000e+00 0.000000000000000000e+00
0.000000000000000000e+00 0.000000000000000000e+00 0.000000000000000000e+00
0.000000000000000000e+00 0.000000000000000000e+00 0.000000000000000000e+00
0.000000000000000000e+00 0.000000000000000000e+00 0.000000000000000000e+00
0.000000000000000000e+00 0.000000000000000000e+00 0.000000000000000000e+00
0.000000000000000000e+00 0.000000000000000000e+00 0.000000000000000000e+00
0.000000000000000000e+00 0.000000000000000000e+00 0.000000000000000000e+00
0.000000000000000000e+00 0.000000000000000000e+00 0.000000000000000000e+00
0.000000000000000000e+00 0.000000000000000000e+00 0.000000000000000000e+00
0.000000000000000000e+00 0.000000000000000000e+00 0.000000000000000000e+00
0.000000000000000000e+00 0.000000000000000000e+00 0.000000000000000000e+00
