2.297349713417318819e-08 1.615651405011922829e-08 1.219282686573666468e-09
1.651167012178951058e-07 1.211800816511875543e-07 2.172445401921986808e-08
4.512595806122107881e-07 3.420303943025753088e-07 8.269327606880228271e-08
8.721714134145678329e-07 6.806317354268087000e-07 2.002684018053505378e-07
1.425119196631743735e-06 1.128361585380871494e-06 4.061613342079944993e-07
2.107186975419339962e-06 1.682744286119556929e-06 7.195521749677707235e-07
2.925353278206620247e-06 2.379443028611471658e-06 1.133266658881026692e-06
3.809601062738648895e-06 3.187726081535005540e-06 1.605174164397188979e-06
4.797320053779149616e-06 4.088231496160640640e-06 2.191707700746761290e-06
5.928618768866450942e-06 5.079389856562250800e-06 2.861360901345347383e-06
7.113207230885131752e-06 6.178845090274972213e-06 3.650979382074206678e-06
8.380032513748847338e-06 7.400829017270027385e-06 4.662143484130982199e-06
9.645730905101497857e-06 8.663736591025621069e-06 5.496869505205342457e-06
1.120292534417120522e-05 1.004874313435212770e-05 6.952653025328656094e-06
1.262630021978890508e-05 1.147795421924002468e-05 8.033772180784167372e-06
1.406179519652118925e-05 1.283398162004335294e-05 9.246667404783613732e-06
1.563075647397735605e-05 1.456572694636231523e-05 1.061641357564503372e-05
1.720833901768306900e-05 1.611917036067576101e-05 1.180138659533185223e-05
1.869938163747153503e-05 1.788709075710549166e-05 1.398346388114784090e-05
2.048539649747293734e-05 1.953503083265830404e-05 1.555053601245081317e-05
2.219679715141173611e-05 2.116198728551907146e-05 1.676724902868295984e-05
2.390137397947276310e-05 2.286767245104428346e-05 1.837699331051115311e-05
2.555261052281123627e-05 2.463712640746237300e-05 2.021736080156795017e-05
2.715348991211416477e-05 2.649665865645388672e-05 2.144712806198644702e-05
2.896905639090450557e-05 2.866129201492283770e-05 2.363530640575140795e-05
3.045619642752009744e-05 3.022937233353657600e-05 2.530430875072981704e-05
3.211377257026650466e-05 3.230196975621835582e-05 2.703032205556055143e-05
3.400998836600341269e-05 3.358094143828820082e-05 2.925298016351355549e-05
3.536240183911397000e-05 3.556977853279014027e-05 3.053884628723227976e-05
3.716707503523108546e-05 3.697895329469021381e-05 3.261330140768371787e-05
3.851449097256710397e-05 3.871276193979606513e-05 3.487160436208857798e-05
4.018325750729127897e-05 4.115980587170826269e-05 3.706072048765976859e-05
4.196204483951726738e-05 4.288161463838316331e-05 3.922492908870924266e-05
4.355056467435444327e-05 4.449419744586062352e-05 3.921626272410365393e-05
4.487902607997079244e-05 4.605181816549733015e-05 4.031578114088330299e-05
4.681777512238451339e-05 4.718435110571008557e-05 4.256812384178538790e-05
4.780125505350792114e-05 4.934616662469849336e-05 4.412562792428769548e-05
4.885512381598024044e-05 5.044046040703942957e-05 4.881953948808462535e-05
5.074455159999925215e-05 5.184613609884966990e-05 4.892531225034368783e-05
5.174885804087238930e-05 5.276653961033338865e-05 4.921491256190215668e-05
5.239586911170730082e-05 5.433185918680651154e-05 5.240307662958359173e-05
5.463531966499726646e-05 5.636407292351891925e-05 5.268204575180534730e-05
5.576179821533641553e-05 5.779934094833717647e-05 5.520642927465714149e-05
5.733597827752308888e-05 5.875520528979689657e-05 5.518445321747980008e-05
5.820995685714390466e-05 6.027088631828686781e-05 5.773907554286439417e-05
5.830535809819301703e-05 6.022009045207331085e-05 5.581465222593238600e-05
5.881840035041990112e-05 6.234751364481045950e-05 6.041019388927552447e-05
6.074677695716706473e-05 6.310875809979141779e-05 6.379085238931959338e-05
6.155315415338085446e-05 6.408153176090062436e-05 6.209515874480657353e-05
6.163956267265962891e-05 6.514916422177902057e-05 5.997595446783320072e-05
6.269209551794744913e-05 6.460328280848055035e-05 6.237124308247133687e-05
6.379723130033728101e-05 6.614033988208683080e-05 6.490116956525629358e-05
6.416653696789223786e-05 6.814326794947635603e-05 6.465486398540419739e-05
6.538774891381308790e-05 6.842031385703411096e-05 6.755671811115271071e-05
6.631086441347312658e-05 6.939359680048784462e-05 6.673242337080125062e-05
6.549798053538297723e-05 6.797808684675672025e-05 6.834204680880129161e-05
6.701651173099865046e-05 7.065363626156562649e-05 6.998094134820324885e-05
6.574531633165576333e-05 7.103073803463958997e-05 6.846611760353595033e-05
6.704013303890336167e-05 7.140930955894848225e-05 6.900567473267170654e-05
6.703702675008768846e-05 7.078834687080711602e-05 7.404757119971724976e-05
6.865770181511035683e-05 7.149000600409008291e-05 6.925883438694788749e-05
6.892922403871068265e-05 7.140590229068809972e-05 7.566453807131891815e-05
6.778240026674677216e-05 7.225267637877728563e-05 7.308553417505653281e-05
7.022654954424686121e-05 7.113255611522267471e-05 7.352420040360523274e-05
7.005080331524016907e-05 7.376292511996577084e-05 7.546685184764496588e-05
6.982017360483628221e-05 7.325348235375246501e-05 7.347714017907764337e-05
6.805849844470006989e-05 7.363232397319916813e-05 7.999994749519287744e-05
7.081375454165737349e-05 7.234443255692377551e-05 7.387030589801414952e-05
7.079930136861965946e-05 7.529495137923917060e-05 7.208336557177870765e-05
7.100400375053251786e-05 7.367804132452397074e-05 7.488197772128886258e-05
6.877443440720320492e-05 7.207646973623483275e-05 7.391236654938962956e-05
7.072558988127050942e-05 7.437759918953996778e-05 8.020662396826247281e-05
7.030858641841098735e-05 7.375769725096480210e-05 7.659746154088421810e-05
7.117474188254687057e-05 7.279559803861022080e-05 7.397366701149102103e-05
6.938509604918091135e-05 7.460311450221728186e-05 7.114080596264652943e-05
6.922115834650965807e-05 7.485891437766102445e-05 6.984386608121292018e-05
7.105554344769261191e-05 7.234051692023058021e-05 7.630652836121758177e-05
7.079556838276715111e-05 7.282733699325809990e-05 7.272988041964579902e-05
7.112450933115700843e-05 7.225794465717051739e-05 7.634149571318629896e-05
6.973520011749402320e-05 7.260063956192637090e-05 7.803548397779767887e-05
7.018690052815213800e-05 7.152751668171353531e-05 7.605488109099733625e-05
7.068532803028112523e-05 7.051105310394631929e-05 7.367048278648939328e-05
6.899091415681330548e-05 7.028503716491667447e-05 7.357151117277328995e-05
6.847119806482505487e-05 7.200936262306565695e-05 7.450219533750727702e-05
6.752154642206158923e-05 6.988890887287464466e-05 7.553746415407759152e-05
6.835453388134537221e-05 7.064491088457944365e-05 7.239640556795266454e-05
6.876315441456141097e-05 6.921118327610053915e-05 7.635777610306164660e-05
6.729920056135675502e-05 6.884839394048016025e-05 7.007606974366133775e-05
6.695311881449466816e-05 6.959810984586854623e-05 7.397929525770121370e-05
6.704388303408883123e-05 7.087703398037215161e-05 7.337060610502169229e-05
6.716499089419140239e-05 6.874613648576088031e-05 6.721818356682702806e-05
6.837915735048747474e-05 6.899350822293724001e-05 6.722243334226166579e-05
6.816168128442270273e-05 6.523841994950834236e-05 6.441618612674372528e-05
6.482702312000984798e-05 6.743317136971493041e-05 7.385511951850513596e-05
6.418303175978988528e-05 6.714982653289422758e-05 6.712631853799394944e-05
6.410821523432564577e-05 6.471164325703456345e-05 7.111952893754555876e-05
6.415887422860396927e-05 6.366369785589927831e-05 6.522364473386569694e-05
6.439046520126944526e-05 6.496496954784517657e-05 6.839040818911316694e-05
6.318314564831581739e-05 6.401140134720530129e-05 7.201645084022025511e-05
6.054166819896962754e-05 6.280695669478710626e-05 6.104632420401430004e-05
5.957206603870441030e-05 6.404068168604741670e-05 6.161706647203965418e-05
6.142753060835218464e-05 6.115847726234958123e-05 6.466985170923860479e-05
6.287966472136037165e-05 6.165255818290587381e-05 6.211180261667197903e-05
6.100811613636523685e-05 6.056870960241271838e-05 6.258530375287224524e-05
5.933918386216736890e-05 5.954200981870899027e-05 6.350406358697572575e-05
6.139401496510627756e-05 5.909969436432191788e-05 6.129104215864962480e-05
5.911964832962577189e-05 6.029203687279429210e-05 6.229099565178462610e-05
5.683036988695429353e-05 5.947544945021320098e-05 5.832817164236574062e-05
5.721055022959883164e-05 5.949776899444928467e-05 6.050879294799333573e-05
5.811913650152999945e-05 5.540636597094226941e-05 6.424113062099292789e-05
5.713199628901001692e-05 5.789128510242511945e-05 6.132303777639957121e-05
5.504456223392716345e-05 5.820727963310264361e-05 6.123349465997716533e-05
5.527615426532499877e-05 5.468190675702479914e-05 6.252962347928562572e-05
5.426050503012741049e-05 5.442455306657103533e-05 6.082147458194612854e-05
5.354523399215067094e-05 5.494123791895340651e-05 5.503073591482807918e-05
5.400470162012614033e-05 5.379684682507069633e-05 6.121900139348680487e-05
5.391601007070656739e-05 5.074118444699863000e-05 4.945361569537115392e-05
5.348906361432722109e-05 5.340950761409111775e-05 5.832759866029601787e-05
5.426427345015644009e-05 5.419013726014704305e-05 5.780144865055806121e-05
5.261948464485833546e-05 5.129107043630324117e-05 5.375330027910432803e-05
4.824121240229765559e-05 5.340340491818355417e-05 4.958430874917058994e-05
5.072946659579793667e-05 5.284900544495028528e-05 5.219362275748967375e-05
4.998489915444262796e-05 4.756106657997098881e-05 4.578252110849735310e-05
5.154318496672846152e-05 4.953156283891756655e-05 4.818374483144413037e-05
4.663084124540226992e-05 4.970215590547426683e-05 5.253052947453134419e-05
4.729465140521679333e-05 4.761539696960785813e-05 5.271303210540595480e-05
4.882241809428218489e-05 4.622319033576544680e-05 4.683397506995938943e-05
4.716594473005493476e-05 5.001938773574977421e-05 4.386739559433627908e-05
4.662516114052904287e-05 4.640678145756104420e-05 5.060202624183950619e-05
4.580105965378807796e-05 4.336829304704029693e-05 4.527694241664222022e-05
4.556500991538818042e-05 4.498351599654432000e-05 4.551205333014409377e-05
4.779299935158624456e-05 4.458560604364831783e-05 4.643099609337466123e-05
4.722391836112590667e-05 4.327717027011386449e-05 4.526552025541278712e-05
4.621428698962715332e-05 4.456173379961607763e-05 4.209485432652281548e-05
4.324900187455707435e-05 4.268652470737367141e-05 3.929370990042635773e-05
4.216053939214083231e-05 4.165579791857900170e-05 4.534339742751657864e-05
4.420130211759047234e-05 4.054290038800539766e-05 4.550333131775492339e-05
4.059576176664177037e-05 4.252044915078847430e-05 3.852427957580345893e-05
4.070027774763965264e-05 4.231747435573604153e-05 4.662449991950101149e-05
4.278596200820720990e-05 3.818530732209420638e-05 4.463494851914271203e-05
4.167171475778667038e-05 4.131429322079770399e-05 3.703402979299237141e-05
3.944054289686391363e-05 4.000118377111498268e-05 4.052574323105035569e-05
3.849367840617742484e-05 3.801491469610765363e-05 4.056731514971791987e-05
3.933501660093921933e-05 3.937020758565038778e-05 4.166395301601106838e-05
3.693391692403656272e-05 4.065350196552951152e-05 3.803233759365819920e-05
3.806043366705760513e-05 3.711433612023103785e-05 3.887900974218507069e-05
3.822962738122927316e-05 3.525748081934992282e-05 4.345497038488708319e-05
3.820915420092228749e-05 3.677724682794812606e-05 3.697466557564630264e-05
3.747693493193478644e-05 3.516659229772770468e-05 3.780996943933048461e-05
3.625861077857777000e-05 3.429886635242466450e-05 3.438548658152804376e-05
3.448057018913425220e-05 3.499023356336388271e-05 3.546978656083639675e-05
3.198992280511702411e-05 3.401321904584477077e-05 3.746888157768042503e-05
3.431111995136512888e-05 3.522062664840654411e-05 3.607267179658521505e-05
3.416648704678409287e-05 3.206625844166862690e-05 3.467356796350321919e-05
3.344103698178685537e-05 3.560826061403646363e-05 3.413806778677560687e-05
3.154606867442758043e-05 3.277718999856434810e-05 3.493681742935829095e-05
2.885650471256781692e-05 3.240249561795276455e-05 3.238210906161268274e-05
3.053147138699367807e-05 2.938906099842059479e-05 3.080232828132587077e-05
3.269592768411407486e-05 2.900596765627428639e-05 2.951758701620131221e-05
3.103439935150795930e-05 2.969717655515589536e-05 2.815265962800254652e-05
3.262719479428317953e-05 2.831713750053399284e-05 2.677278067838773624e-05
2.968845130161900815e-05 3.024245293070632369e-05 2.747420336280828417e-05
3.187206750133043508e-05 2.789634207463427944e-05 3.064852284088027262e-05
2.853949287287676429e-05 2.872053847264481943e-05 2.525550415396775715e-05
2.986710594091433293e-05 3.117915001481746359e-05 2.519181546008629033e-05
2.973701556638156461e-05 2.590258593277549443e-05 3.511959356822508244e-05
2.893820672274167031e-05 2.629728751600685145e-05 3.291189661315392477e-05
2.812113033995158396e-05 2.978701652612183851e-05 2.235921513061289248e-05
2.624085729856045934e-05 2.692285653265140608e-05 2.644830063419675143e-05
2.842504776920314362e-05 2.760716101360524534e-05 2.828806351726956649e-05
2.687214761527042988e-05 2.625800690539229564e-05 2.667057092965038914e-05
2.559375573656609754e-05 2.612138852353006251e-05 3.097018573763010674e-05
2.486491495213116027e-05 2.514708695499667495e-05 2.407998075872229350e-05
2.624072941529480965e-05 2.287656149069903461e-05 2.966004663830068121e-05
2.627117331630674399e-05 2.427928108066461230e-05 2.343763526055295525e-05
2.600687803745387565e-05 2.200417978111243302e-05 2.577421122944758961e-05
2.382785535254931187e-05 2.319801704254598415e-05 2.019676878858547359e-05
2.643186812468246983e-05 2.235426173776284127e-05 1.955610181853400544e-05
2.390548306766586420e-05 2.148028162071543347e-05 2.533732881911661367e-05
2.277475882075311579e-05 2.318666480947474502e-05 2.087623868161396775e-05
2.450806315324040202e-05 1.991333065946435864e-05 2.329637051042764175e-05
2.298381315245821637e-05 2.113540620711692726e-05 1.912524643472561666e-05
2.209467734278518827e-05 2.145762528188937431e-05 2.111009008875960576e-05
2.276721648398874587e-05 2.117225224142768938e-05 2.455085847780869444e-05
2.511205540793391672e-05 2.166640181809299513e-05 2.066894103151922091e-05
2.213780794655982934e-05 2.077699779393779445e-05 2.044042500684076349e-05
2.206707579586500740e-05 1.977275632411569135e-05 2.018563275115007076e-05
2.058120454700146967e-05 2.131739191613713646e-05 1.661958355210954903e-05
2.163986647219598187e-05 1.957509006385910915e-05 2.014113852455593710e-05
1.965870094533042826e-05 1.996817043612285239e-05 1.890039750393427423e-05
1.908012248752675752e-05 1.771617711688551396e-05 2.155638531304156937e-05
1.914374647164153502e-05 1.807402726285657401e-05 1.287652287957129574e-05
2.076011230744754293e-05 1.986250526222637275e-05 1.901013992330125021e-05
1.717211116610760065e-05 1.836829091312973785e-05 1.618085091778185470e-05
1.714498244905611290e-05 1.836287639275542284e-05 1.686337042168281310e-05
1.884174515070498218e-05 1.721021713139260102e-05 1.702661438293592020e-05
2.043165538828421929e-05 1.893928792925290861e-05 1.875855903725764012e-05
1.824113028992470313e-05 1.638185185456652852e-05 1.946354171086383552e-05
1.765021380908064137e-05 1.467314181030635827e-05 1.702992458356510070e-05
1.760005697590813679e-05 1.692366051484895908e-05 2.150297270823810889e-05
1.638839484511903641e-05 1.557071152304654132e-05 1.140228490399068386e-05
1.567326759749896299e-05 1.461022658076165940e-05 9.324606770198326245e-06
1.664981739441385227e-05 1.568451163058653090e-05 1.769745822143808155e-05
1.666402402784521273e-05 1.531645731390205226e-05 1.564701641574385354e-05
1.470418245540012667e-05 1.241242035221743937e-05 1.691770393681773209e-05
1.637575772293742209e-05 1.264211576429172795e-05 1.710917843344519589e-05
1.360235962638122863e-05 1.566279284844097349e-05 1.726157751441626968e-05
1.576306682751352892e-05 1.386159238451860004e-05 1.103542578904147634e-05
1.552268201232438738e-05 1.553197911453289040e-05 1.467343781178397476e-05
1.527260166852478500e-05 1.390602385801221365e-05 1.244575939237444997e-05
1.341153943879734638e-05 1.314775656108012424e-05 1.553601865928394495e-05
1.443180895297553368e-05 1.338848781159489130e-05 1.690658487886909862e-05
1.522626940880490429e-05 1.363218845794786508e-05 1.219860753848446008e-05
1.354733581218612763e-05 1.295640089755869650e-05 9.848734838458347098e-06
1.259579488619479475e-05 1.238602116237992814e-05 9.946985558468807466e-06
1.624080587569093730e-05 1.156658310819915233e-05 1.065423646252054909e-05
1.350720006927283796e-05 1.309291329384245842e-05 1.836061780526660459e-05
1.192005200348829848e-05 1.189688378765130240e-05 1.149553922640193077e-05
1.125378580506401262e-05 1.188829859747774612e-05 1.159158833776985602e-05
1.406033729306522529e-05 1.332993595094452328e-05 1.755360723193010277e-05
1.109910360153299548e-05 1.173939324409378799e-05 1.246404547872258901e-05
1.146698306668922716e-05 1.296697089868323520e-05 6.615782103464546985e-06
1.175886898606871907e-05 1.021348712959771211e-05 6.681936430526944005e-06
1.059464289423828320e-05 1.156284733094500758e-05 1.078607573968821949e-05
1.123297453815952302e-05 1.001342923883659506e-05 8.155825592147378220e-06
1.170570374606201408e-05 1.099964557525472520e-05 8.927294211265379153e-06
1.320194108109863616e-05 1.109625255127936872e-05 9.014708627146777591e-06
1.238265079613877689e-05 1.093671036848532294e-05 8.391357925277352869e-06
1.268358876980987723e-05 9.978583576132498171e-06 7.053399578675874740e-06
1.021238540283629768e-05 1.099796228673216022e-05 1.349644692227068868e-05
1.030664418175714390e-05 1.042786900450335647e-05 4.302794508507726476e-06
7.768129541444976596e-06 1.240094297765577172e-05 5.787611266001554592e-06
8.919272381584854190e-06 8.025195958165669266e-06 8.027882804757275961e-06
9.586475256475027572e-06 1.056475285558012929e-05 5.893857120830619889e-06
8.768935818961523990e-06 6.497178099639108899e-06 6.680928851364844623e-06
9.446417557882737866e-06 9.348357478688344981e-06 8.988369187510804410e-06
1.003425620225536344e-05 6.891677229278866011e-06 8.301123942485951114e-06
1.012399285683692816e-05 8.085430712786406712e-06 8.379193224737009455e-06
8.452257210202345107e-06 6.869841756306862377e-06 7.672502146893102828e-06
8.628173425214677415e-06 8.079357084908339348e-06 6.198187223562066640e-06
8.386352559965583932e-06 8.441841302844009368e-06 1.249698261549402783e-05
8.776579179096792921e-06 9.097020793845772389e-06 3.931849126692939759e-06
1.086794880629235762e-05 8.282484676339647297e-06 6.348647553899354701e-06
6.233733081989826782e-06 7.008949098259931484e-06 9.608271238966535784e-06
7.800385664472711701e-06 8.425262283777329881e-06 8.072298571432953048e-06
9.505198546338832323e-06 6.063950998184937998e-06 7.313716821102561174e-06
8.369666630620327928e-06 6.269955120749689316e-06 7.383044864828042876e-06
7.327279484038667727e-06 8.479750751961323392e-06 9.095300745735166608e-06
7.946822730200485031e-06 5.901164863559389506e-06 8.349570025810024032e-06
7.218897050197174581e-06 7.048732299935748971e-06 7.565468301302580417e-06
7.848217730244632677e-06 6.156403101997185806e-06 7.623795128173914363e-06
6.425606484915578408e-06 5.250798933565316594e-06 5.978686895906983857e-06
5.433806904436398173e-06 5.454012601793112601e-06 6.880455664364919288e-06
6.174315673563054890e-06 6.468735532005031520e-06 5.195150138978682203e-06
8.336390600260604216e-06 5.539837835020726064e-06 1.048544003627806607e-05
8.401958338657658875e-06 6.239385216221105753e-06 4.410638033669764164e-06
7.391763765056844231e-06 7.446187008034594785e-06 8.885164410606025324e-06
6.371154055518339241e-06 6.838756329067326353e-06 6.259278552824638731e-06
5.937592711915529159e-06 7.399147930992905607e-06 8.124982332847403943e-06
6.469303852774010280e-06 6.942649697862766154e-06 6.359744188556319443e-06
4.920689113831615211e-06 4.605755408084765170e-06 6.416748926917306756e-06
6.073269680599389383e-06 5.681194023868063023e-06 1.293444690808371788e-05
4.748071705785583747e-06 7.456320880013514003e-06 1.855858766845856650e-06
6.041975661017827965e-06 3.317412994487434545e-06 6.552269101905985139e-06
5.328011113267441795e-06 5.108368717262429442e-06 5.657703956313922701e-06
5.749686936037382343e-06 5.498327762908306526e-06 7.608640439386369137e-06
4.761681768191640795e-06 5.360925953364645367e-06 3.831315184171014343e-06
7.521954716262476658e-06 5.399404471563037353e-06 5.805084021972499775e-06
4.315713557839784862e-06 7.980597480387903448e-06 3.894869835157657103e-06
4.211960931570067064e-06 4.017366824845421679e-06 8.822507901020765425e-06
4.377322568342271742e-06 4.784696502707886954e-06 3.949882918606145406e-06
4.939319191945723434e-06 4.451754666666403987e-06 2.978497973605435965e-06
3.096773883598668024e-06 4.671484100801402861e-06 4.012641434726358364e-06
7.597395136748637816e-06 3.954590284425394473e-06 1.008613679454064010e-06
6.144264388215763616e-06 4.361653695393497997e-06 3.055439092095047192e-06
5.779020493669948610e-06 4.391047564618418893e-06 5.126076787554583498e-06
4.435128609333399811e-06 5.194216190350836636e-06 3.098009668133320602e-06
4.048190322969789082e-06 5.231739179613373993e-06 1.042849487733753768e-06
3.376196498543126597e-06 4.685441481534571048e-06 0.000000000000000000e+00
5.666953355071843223e-06 3.538864395338820194e-06 7.373984105197313235e-06
4.705573321859844736e-06 3.565869033580755256e-06 4.244057603268522356e-06
4.453263328334476532e-06 4.784135199863496685e-06 4.286250007684401313e-06
3.909145663002065621e-06 2.812941799386201604e-06 1.076131442021280517e-06
3.931720743198435626e-06 4.850313746505889219e-06 5.428645149721590102e-06
3.520727573376290984e-06 3.460270229000935586e-06 2.181943653366764504e-06
4.877378757607945200e-06 5.326747357651048917e-06 4.408832785870803932e-06
3.719529048157950518e-06 4.333199234828792778e-06 3.327952877000348341e-06
3.746374465835686782e-06 4.577374603974306305e-06 3.353079212236278682e-06
3.318529812835336068e-06 3.979654148573218849e-06 5.620833497672141290e-06
4.557052412705399424e-06 4.429944662441577068e-06 2.256254182745569332e-06
3.825303209279909372e-06 3.394960506435220553e-06 5.701214150362458549e-06
4.002747586967508406e-06 3.848415526231191783e-06 3.441606432572400983e-06
4.497638960746927859e-06 2.582871458043907952e-06 3.464939876582432007e-06
3.280427062288786656e-06 2.602512399465957744e-06 1.164159430882849961e-06
5.187650707142029980e-06 5.013387497607791033e-06 1.172420361636672790e-06
3.640901086224161837e-06 3.297883691208035987e-06 3.528091448378954541e-06
2.710791110434916789e-06 2.435567479314349072e-06 3.559726586872470270e-06
3.207505612623689653e-06 2.670201501287764740e-06 3.578960370528641712e-06
3.066992580802574945e-06 2.240499011139377462e-06 4.808836183009429261e-06
3.086368395178250907e-06 3.159348224487925276e-06 3.633105663948385412e-06
3.762803004293146763e-06 2.727978670769722443e-06 1.220974672987032526e-06
3.788639577666816018e-06 4.116812056413973612e-06 2.452030775821570210e-06
3.813643027300593481e-06 2.533447437754884006e-06 1.237596359187187973e-06
2.169442874289932839e-06 3.475509707111048739e-06 2.484685828447844904e-06
2.856800303260389203e-06 2.565828047010683048e-06 2.505699001829629464e-06
2.199644865111510710e-06 2.350417067235795921e-06 1.257295156115588677e-06
3.062429644506574896e-06 1.419235315612351663e-06 2.536395083975294943e-06
1.714477591212888371e-06 2.379112466335858647e-06 2.554302480243428738e-06
2.932044832155581788e-06 2.395357710344717933e-06 1.286468074607457202e-06
2.431033321132064461e-06 1.686840313689410816e-06 2.583953611074205721e-06
2.970102344373989378e-06 3.393269282582162290e-06 2.602362766297745308e-06
2.814148838239003690e-06 1.709654960547025318e-06 0.000000000000000000e+00
1.949105220012238765e-06 2.701241643597137943e-06 7.906653071321075203e-06
3.209074453826394442e-06 1.731926908904336504e-06 1.328482043195564497e-06
3.405215894028702852e-06 2.239180574699518488e-06 0.000000000000000000e+00
2.163235424984060919e-06 2.253889802833872799e-06 4.030297508667578897e-06
1.999712461132658791e-06 2.015725839073918294e-06 4.056574906209441254e-06
1.828160175541670138e-06 3.044009242582992722e-06 5.436601205797767600e-06
2.021679994294892522e-06 2.807152949624271637e-06 5.471613641976275018e-06
1.666084078224036903e-06 1.283057402969953205e-06 1.373926170542580029e-06
2.606913739388327283e-06 1.035181190544252138e-06 2.772370698362638661e-06
2.623208245230578338e-06 1.298467778547672385e-06 4.188550213692786276e-06
1.509451782519809627e-06 1.571550860163824599e-06 2.807088521003717581e-06
2.467138913776212604e-06 2.896383011330296914e-06 1.416283811719552087e-06
1.909269730693521113e-06 2.382821474430980156e-06 1.422237152454196220e-06
1.729614423988655630e-06 1.331658725555424049e-06 4.290232993473396293e-06
1.546735613743812096e-06 2.951735665589582932e-06 0.000000000000000000e+00
1.557030602413615003e-06 1.618001659873917554e-06 1.450066509649663738e-06
3.327375022732240847e-06 8.149092672631806250e-07 2.909698799847932761e-06
9.842548535902668381e-07 1.912449553946784387e-06 0.000000000000000000e+00
2.374747927266819406e-06 8.243952805021185118e-07 2.948475216679603868e-06
1.990793305307353766e-06 1.936204072459543896e-06 2.972077480960917307e-06
1.201936496471550147e-06 2.224786436758040907e-06 0.000000000000000000e+00
1.612835914818708889e-06 1.677384274339615896e-06 1.497527566717713994e-06
1.622814742802917414e-06 5.634977825701855069e-07 0.000000000000000000e+00
2.856992113655687361e-06 2.832665141827604628e-07 3.034394163184591576e-06
1.436292303716107748e-06 1.139221783675243828e-06 3.058704489345672152e-06
1.446359960795022215e-06 1.434763883730508499e-06 4.609891381882458064e-06
1.453959648945902787e-06 1.442933401082248930e-06 0.000000000000000000e+00
1.252549190788745648e-06 5.797125293043286244e-07 1.556002953296989050e-06
1.049335154512800200e-06 5.827218594617311457e-07 0.000000000000000000e+00
1.480193104820623947e-06 2.929385024198399737e-07 1.571810099385526655e-06
1.062800060362353939e-06 1.181252523781398759e-06 0.000000000000000000e+00
2.351668658419661934e-06 5.928346712104145766e-07 0.000000000000000000e+00
1.290432537184187036e-06 1.193559774481049786e-06 1.602919629873531831e-06
1.731400467759301886e-06 9.015581040539914009e-07 1.613357218497365579e-06
1.740732511798320930e-06 1.510655017226247561e-06 0.000000000000000000e+00
2.189188644557264282e-06 1.214865504758695479e-06 1.630953605006124767e-06
8.809248674744551317e-07 1.222009605096458330e-06 1.636965639462809627e-06
1.107914679255046284e-06 1.229104889664462686e-06 1.653555764555897960e-06
1.337866661722705676e-06 6.194505386489683720e-07 3.310514490448529090e-06
1.345303122351173248e-06 9.327819224910292902e-07 0.000000000000000000e+00
6.765844153918406330e-07 6.257524028971458844e-07 5.029703510565407748e-06
1.357110822005170261e-06 6.293776411183394569e-07 1.688514497166869068e-06
1.821950962648756380e-06 9.481290690655268574e-07 0.000000000000000000e+00
6.864933525375913088e-07 6.362308920673260763e-07 0.000000000000000000e+00
6.908281914746455016e-07 3.199069344582738942e-07 0.000000000000000000e+00
1.157954477542721224e-06 0.000000000000000000e+00 1.725769197705573389e-06
2.329197281782393331e-07 1.294817977438949166e-06 1.731179734923943336e-06
1.405380297972476747e-06 0.000000000000000000e+00 1.743578475870832747e-06
4.716278013844395209e-07 6.543948917418547810e-07 0.000000000000000000e+00
9.484411200984235089e-07 9.852251447945648172e-07 0.000000000000000000e+00
7.146520450306483159e-07 1.983490380741592576e-06 3.541710098482030680e-06
2.390417044259314065e-07 2.660218481109018199e-06 0.000000000000000000e+00
2.413645342012813075e-07 1.336519934780437660e-06 3.591169615218725105e-06
1.695379559200182440e-06 6.738460817375540318e-07 0.000000000000000000e+00
2.433265160838454193e-07 1.353813040992255622e-06 1.818107189494249376e-06
9.791600536698435227e-07 3.392842948798835488e-07 1.825645843988804347e-06
1.231395651668142529e-06 3.413571594144054151e-07 1.831210622346434706e-06
9.890973097305501032e-07 1.373746273126428041e-06 0.000000000000000000e+00
4.973915455747931982e-07 3.446272724724556949e-07 0.000000000000000000e+00
7.506337224799878367e-07 2.430978104477651916e-06 0.000000000000000000e+00
5.031018199691333084e-07 0.000000000000000000e+00 0.000000000000000000e+00
7.597669481857258172e-07 1.053642851672087685e-06 0.000000000000000000e+00
1.270021268064435894e-06 7.054401391026567640e-07 0.000000000000000000e+00
2.552651881814566887e-07 3.551358885214073850e-07 0.000000000000000000e+00
1.028585236072029992e-06 0.000000000000000000e+00 0.000000000000000000e+00
7.754039174229751562e-07 3.578636130844555176e-07 0.000000000000000000e+00
5.194396555206546525e-07 0.000000000000000000e+00 0.000000000000000000e+00
5.222981284498946121e-07 0.000000000000000000e+00 0.000000000000000000e+00
2.621683783767587893e-07 1.457459045687924802e-06 0.000000000000000000e+00
7.914771511041580326e-07 3.656488365924836198e-07 1.968542849890216151e-06
0.000000000000000000e+00 1.104403413515742224e-06 0.000000000000000000e+00
8.002428458504238001e-07 7.410757114171985296e-07 1.983418435663862068e-06
8.044203919675132609e-07 7.433176093614789041e-07 0.000000000000000000e+00
2.699466094112083830e-07 0.000000000000000000e+00 2.005420502131350182e-06
8.128653140160184989e-07 7.513852195161775122e-07 0.000000000000000000e+00
8.162327442425886464e-07 1.511417980531787873e-06 0.000000000000000000e+00
0.000000000000000000e+00 7.602787804170658387e-07 0.000000000000000000e+00
5.495056935056058201e-07 7.634116859342188981e-07 0.000000000000000000e+00
1.105231483092583438e-06 7.684376770677239980e-07 0.000000000000000000e+00
8.336296370180578832e-07 3.854784061749241848e-07 2.069616766013955392e-06
1.675104585192174696e-06 0.000000000000000000e+00 0.000000000000000000e+00
8.417686521312885518e-07 7.783016793672451933e-07 2.091240272015841592e-06
2.825710239039498823e-07 0.000000000000000000e+00 0.000000000000000000e+00
0.000000000000000000e+00 0.000000000000000000e+00 0.000000000000000000e+00
2.856714447318180833e-07 3.950709001956006456e-07 0.000000000000000000e+00
5.738211962604502797e-07 7.964557186117215873e-07 0.000000000000000000e+00
5.762470102370289832e-07 0.000000000000000000e+00 0.000000000000000000e+00
5.786203371946454522e-07 4.015581959261326633e-07 0.000000000000000000e+00
8.725714953177699764e-07 4.034098978478579383e-07 0.000000000000000000e+00
5.834387673621149652e-07 4.055890700442750298e-07 0.000000000000000000e+00
0.000000000000000000e+00 8.155483532557552737e-07 0.000000000000000000e+00
0.000000000000000000e+00 0.000000000000000000e+00 0.000000000000000000e+00
2.969495490591996362e-07 0.000000000000000000e+00 0.000000000000000000e+00
1.788689948884617369e-06 4.142827741512173829e-07 0.000000000000000000e+00
0.000000000000000000e+00 8.306088173958434252e-07 2.232116092523328841e-06
3.009543767709777499e-07 4.171465185725170550e-07 0.000000000000000000e+00
0.000000000000000000e+00 1.260061322490551402e-06 0.000000000000000000e+00
1.521601504935171089e-06 4.221611924995239155e-07 0.000000000000000000e+00
6.115199664482309842e-07 4.246384166754058550e-07 0.000000000000000000e+00
0.000000000000000000e+00 0.000000000000000000e+00 0.000000000000000000e+00
9.263552670693493152e-07 8.562379258840258273e-07 2.302045309451119663e-06
0.000000000000000000e+00 4.304467887191972939e-07 0.000000000000000000e+00
3.121059698338089587e-07 0.000000000000000000e+00 0.000000000000000000e+00
3.136121978952410757e-07 8.699927765307853432e-07 0.000000000000000000e+00
1.571199843738792989e-06 0.000000000000000000e+00 0.000000000000000000e+00
0.000000000000000000e+00 0.000000000000000000e+00 0.000000000000000000e+00
3.173632895213191830e-07 0.000000000000000000e+00 0.000000000000000000e+00
0.000000000000000000e+00 0.000000000000000000e+00 0.000000000000000000e+00
0.000000000000000000e+00 0.000000000000000000e+00 0.000000000000000000e+00
3.227869027041101456e-07 4.461569273445994621e-07 0.000000000000000000e+00
3.241959826451176445e-07 4.490435678716821073e-07 0.000000000000000000e+00
3.250551860085241502e-07 4.505755577033196516e-07 0.000000000000000000e+00
3.268385814979704792e-07 4.538183258782193061e-07 0.000000000000000000e+00
6.574389840767382302e-07 4.554440701700937459e-07 0.000000000000000000e+00
0.000000000000000000e+00 0.000000000000000000e+00 0.000000000000000000e+00
0.000000000000000000e+00 4.605109618730817292e-07 0.000000000000000000e+00
0.000000000000000000e+00 0.000000000000000000e+00 0.000000000000000000e+00
3.347060912257960795e-07 4.639620858184189828e-07 0.000000000000000000e+00
0.000000000000000000e+00 4.660389441874645812e-07 0.000000000000000000e+00
3.369532723990716524e-07 0.000000000000000000e+00 0.000000000000000000e+00
0.000000000000000000e+00 0.000000000000000000e+00 0.000000000000000000e+00
0.000000000000000000e+00 4.718613872510751174e-07 0.000000000000000000e+00
3.426041185511072895e-07 0.000000000000000000e+00 0.000000000000000000e+00
3.434242358365632469e-07 0.000000000000000000e+00 0.000000000000000000e+00
0.000000000000000000e+00 0.000000000000000000e+00 0.000000000000000000e+00
1.040841510471617006e-06 4.822918537819412292e-07 0.000000000000000000e+00
3.485562828313439433e-07 0.000000000000000000e+00 0.000000000000000000e+00
0.000000000000000000e+00 0.000000000000000000e+00 0.000000000000000000e+00
0.000000000000000000e+00 4.879486694680585095e-07 0.000000000000000000e+00
7.063645434301175560e-07 4.894568049957108840e-07 0.000000000000000000e+00
3.553940027583400412e-07 0.000000000000000000e+00 0.000000000000000000e+00
0.000000000000000000e+00 0.000000000000000000e+00 0.000000000000000000e+00
0.000000000000000000e+00 0.000000000000000000e+00 0.000000000000000000e+00
0.000000000000000000e+00 0.000000000000000000e+00 0.000000000000000000e+00
0.000000000000000000e+00 5.016955445238991240e-07 0.000000000000000000e+00
0.000000000000000000e+00 0.000000000000000000e+00 0.000000000000000000e+00
3.647660610790164296e-07 0.000000000000000000e+00 0.000000000000000000e+00
0.000000000000000000e+00 0.000000000000000000e+00 0.000000000000000000e+00
3.671770847096603960e-07 0.000000000000000000e+00 0.000000000000000000e+00
0.000000000000000000e+00 0.000000000000000000e+00 0.000000000000000000e+00
3.715632040008584700e-07 5.142674068909641247e-07 0.000000000000000000e+00
0.000000000000000000e+00 0.000000000000000000e+00 0.000000000000000000e+00
7.504324066986087102e-07 0.000000000000000000e+00 0.000000000000000000e+00
0.000000000000000000e+00 0.000000000000000000e+00 5.598163312163329909e-06
0.000000000000000000e+00 0.000000000000000000e+00 0.000000000000000000e+00
0.000000000000000000e+00 0.000000000000000000e+00 0.000000000000000000e+00
3.803471350493190470e-07 0.000000000000000000e+00 0.000000000000000000e+00
0.000000000000000000e+00 5.317036349006504275e-07 0.000000000000000000e+00
0.000000000000000000e+00 0.000000000000000000e+00 0.000000000000000000e+00
0.000000000000000000e+00 0.000000000000000000e+00 0.000000000000000000e+00
3.885619553989994534e-07 5.375492921274304079e-07 0.000000000000000000e+00
3.893681003180369844e-07 0.000000000000000000e+00 0.000000000000000000e+00
0.000000000000000000e+00 5.429592630733044144e-07 0.000000000000000000e+00
0.000000000000000000e+00 0.000000000000000000e+00 0.000000000000000000e+00
0.000000000000000000e+00 0.000000000000000000e+00 0.000000000000000000e+00
0.000000000000000000e+00 0.000000000000000000e+00 0.000000000000000000e+00
0.000000000000000000e+00 0.000000000000000000e+00 0.000000000000000000e+00
0.000000000000000000e+00 1.664699863944212352e-06 0.000000000000000000e+00
0.000000000000000000e+00 0.000000000000000000e+00 0.000000000000000000e+00
0.000000000000000000e+00 0.000000000000000000e+00 0.000000000000000000e+00
0.000000000000000000e+00 0.000000000000000000e+00 0.000000000000000000e+00
0.000000000000000000e+00 0.000000000000000000e+00 0.000000000000000000e+00
0.000000000000000000e+00 0.000000000000000000e+00 0.000000000000000000e+00
0.000000000000000000e+00 0.000000000000000000e+00 3.049355121644841649e-06
0.000000000000000000e+00 0.000000000000000000e+00 0.000000000000000000e+00
0.000000000000000000e+00 0.000000000000000000e+00 0.000000000000000000e+00
0.000000000000000000e+00 0.000000000000000000e+00 0.000000000000000000e+00
0.000000000000000000e+00 0.000000000000000000e+00 0.000000000000000000e+00
0.000000000000000000e+00 0.000000000000000000e+00 0.000000000000000000e+00
4.204110756046459717e-07 0.000000000000000000e+00 0.000000000000000000e+00
4.218090664119981390e-07 0.000000000000000000e+00 0.000000000000000000e+00
0.000000000000000000e+00 0.000000000000000000e+00 0.000000000000000000e+00
0.000000000000000000e+00 0.000000000000000000e+00 0.000000000000000000e+00
0.000000000000000000e+00 0.000000000000000000e+00 0.000000000000000000e+00
0.000000000000000000e+00 0.000000000000000000e+00 0.000000000000000000e+00
0.000000000000000000e+00 0.000000000000000000e+00 0.000000000000000000e+00
0.000000000000000000e+00 0.000000000000000000e+00 0.000000000000000000e+00
0.000000000000000000e+00 0.000000000000000000e+00 0.000000000000000000e+00
0.000000000000000000e+00 0.000000000000000000e+00 0.000000000000000000e+00
0.000000000000000000e+00 0.000000000000000000e+00 0.000000000000000000e+00
4.392655469647838991e-07 0.000000000000000000e+00 0.000000000000000000e+00
0.000000000000000000e+00 0.000000000000000000e+00 0.000000000000000000e+00
0.000000000000000000e+00 0.000000000000000000e+00 0.000000000000000000e+00
0.000000000000000000e+00 0.000000000000000000e+00 0.000000000000000000e+00
0.000000000000000000e+00 6.190443511841468391e-07 0.000000000000000000e+00
0.000000000000000000e+00 0.000000000000000000e+00 0.000000000000000000e+00
0.000000000000000000e+00 6.252502708047678996e-07 0.000000000000000000e+00
0.000000000000000000e+00 0.000000000000000000e+00 0.000000000000000000e+00
0.000000000000000000e+00 0.000000000000000000e+00 0.000000000000000000e+00
0.000000000000000000e+00 0.000000000000000000e+00 0.000000000000000000e+00
0.000000000000000000e+00 0.000000000000000000e+00 0.000000000000000000e+00
0.000000000000000000e+00 0.000000000000000000e+00 0.000000000000000000e+00
4.612363143368067059e-07 0.000000000000000000e+00 0.000000000000000000e+00
0.000000000000000000e+00 0.000000000000000000e+00 0.000000000000000000e+00
0.000000000000000000e+00 0.000000000000000000e+00 0.000000000000000000e+00
4.663713112789919047e-07 0.000000000000000000e+00 0.000000000000000000e+00
0.000000000000000000e+00 0.000000000000000000e+00 0.000000000000000000e+00
0.000000000000000000e+00 0.000000000000000000e+00 0.000000000000000000e+00
0.000000000000000000e+00 0.000000000000000000e+00 0.000000000000000000e+00
4.740529395126944915e-07 6.572584590172682678e-07 0.000000000000000000e+00
0.000000000000000000e+00 0.000000000000000000e+00 0.000000000000000000e+00
0.000000000000000000e+00 0.000000000000000000e+00 0.000000000000000000e+00
0.000000000000000000e+00 0.000000000000000000e+00 0.000000000000000000e+00
0.000000000000000000e+00 0.000000000000000000e+00 0.000000000000000000e+00
0.000000000000000000e+00 0.000000000000000000e+00 0.000000000000000000e+00
0.000000000000000000e+00 0.000000000000000000e+00 0.000000000000000000e+00
0.000000000000000000e+00 0.000000000000000000e+00 0.000000000000000000e+00
0.000000000000000000e+00 0.000000000000000000e+00 0.000000000000000000e+00
0.000000000000000000e+00 0.000000000000000000e+00 0.000000000000000000e+00
0.000000000000000000e+00 0.000000000000000000e+00 0.000000000000000000e+00
0.000000000000000000e+00 0.000000000000000000e+00 0.000000000000000000e+00
4.973983330643966146e-07 0.000000000000000000e+00 0.000000000000000000e+00
0.000000000000000000e+00 0.000000000000000000e+00 0.000000000000000000e+00
0.000000000000000000e+00 0.000000000000000000e+00 0.000000000000000000e+00
0.000000000000000000e+00 0.000000000000000000e+00 0.000000000000000000e+00
0.000000000000000000e+00 0.000000000000000000e+00 0.000000000000000000e+00
0.000000000000000000e+00 0.000000000000000000e+00 0.000000000000000000e+00
0.000000000000000000e+00 0.000000000000000000e+00 0.000000000000000000e+00
5.109354850693131573e-07 0.000000000000000000e+00 0.000000000000000000e+00
0.000000000000000000e+00 0.000000000000000000e+00 0.000000000000000000e+00
0.000000000000000000e+00 0.000000000000000000e+00 0.000000000000000000e+00
5.162619153240404514e-07 0.000000000000000000e+00 0.000000000000000000e+00
0.000000000000000000e+00 0.000000000000000000e+00 0.000000000000000000e+00
0.000000000000000000e+00 0.000000000000000000e+00 0.000000000000000000e+00
0.000000000000000000e+00 0.000000000000000000e+00 0.000000000000000000e+00
0.000000000000000000e+00 0.000000000000000000e+00 0.000000000000000000e+00
5.259815859327762210e-07 0.000000000000000000e+00 0.000000000000000000e+00
0.000000000000000000e+00 0.000000000000000000e+00 0.000000000000000000e+00
0.000000000000000000e+00 0.000000000000000000e+00 0.000000000000000000e+00
0.000000000000000000e+00 0.000000000000000000e+00 0.000000000000000000e+00
0.000000000000000000e+00 0.000000000000000000e+00 0.000000000000000000e+00
0.000000000000000000e+00 0.000000000000000000e+00 0.000000000000000000e+00
0.000000000000000000e+00 0.000000000000000000e+00 0.000000000000000000e+00
0.000000000000000000e+00 0.000000000000000000e+00 0.000000000000000000e+00
0.000000000000000000e+00 0.000000000000000000e+00 0.000000000000000000e+00
0.000000000000000000e+00 0.000000000000000000e+00 0.000000000000000000e+00
0.000000000000000000e+00 0.000000000000000000e+00 0.000000000000000000e+00
0.000000000000000000e+00 0.000000000000000000e+00 0.000000000000000000e+00
0.000000000000000000e+00 0.000000000000000000e+00 0.000000000000000000e+00
0.000000000000000000e+00 0.000000000000000000e+00 0.000000000000000000e+00
0.000000000000000000e+00 0.000000000000000000e+00 0.000000000000000000e+00
0.000000000000000000e+00 0.000000000000000000e+00 0.000000000000000000e+00
0.000000000000000000e+00 0.000000000000000000e+00 0.000000000000000000e+00
0.000000000000000000e+00 0.000000000000000000e+00 0.000000000000000000e+00
0.000000000000000000e+00 0.000000000000000000e+00 0.000000000000000000e+00
0.000000000000000000e+00 7.814574326776668164e-07 0.000000000000000000e+00
0.000000000000000000e+00 0.000000000000000000e+00 0.000000000000000000e+00
0.000000000000000000e+00 0.000000000000000000e+00 0.000000000000000000e+00
0.000000000000000000e+00 0.000000000000000000e+00 0.000000000000000000e+00
0.000000000000000000e+00 0.000000000000000000e+00 0.000000000000000000e+00
0.000000000000000000e+00 0.000000000000000000e+00 0.000000000000000000e+00
0.000000000000000000e+00 0.000000000000000000e+00 0.000000000000000000e+00
0.000000000000000000e+00 0.000000000000000000e+00 0.000000000000000000e+00
0.000000000000000000e+00 0.000000000000000000e+00 0.000000000000000000e+00
0.000000000000000000e+00 0.000000000000000000e+00 0.000000000000000000e+00
0.000000000000000000e+00 0.000000000000000000e+00 0.000000000000000000e+00
0.000000000000000000e+00 0.000000000000000000e+00 0.000000000000000000e+00
0.000000000000000000e+00 0.000000000000000000e+00 0.000000000000000000e+00
0.000000000000000000e+00 0.000000000000000000e+00 0.000000000000000000e+00
0.000000000000000000e+00 0.000000000000000000e+00 0.000000000000000000e+00
0.000000000000000000e+00 0.000000000000000000e+00 0.000000000000000000e+00
0.000000000000000000e+00 0.000000000000000000e+00 0.000000000000000000e+00
0.000000000000000000e+00 0.000000000000000000e+00 0.000000000000000000e+00
0.000000000000000000e+00 0.000000000000000000e+00 0.000000000000000000e+00
0.000000000000000000e+00 0.000000000000000000e+00 0.000000000000000000e+00
0.000000000000000000e+00 0.000000000000000000e+00 0.000000000000000000e+00
0.000000000000000000e+00 0.000000000000000000e+00 0.000000000000000000e+00
0.000000000000000000e+00 0.000000000000000000e+00 0.000000000000000000e+00
0.000000000000000000e+00 0.000000000000000000e+00 0.000000000000000000e+00
0.000000000000000000e+00 0.000000000000000000e+00 0.000000000000000000e+00
0.000000000000000000e+00 0.000000000000000000e+00 0.000000000000000000e+00
0.000000000000000000e+00 0.000000000000000000e+00 0.000000000000000000e+00
0.000000000000000000e+00 0.000000000000000000e+00 0.000000000000000000e+00
0.000000000000000000e+00 0.000000000000000000e+00 0.000000000000000000e+00
0.000000000000000000e+00 0.000000000000000000e+00 0.000000000000000000e+00
0.000000000000000000e+00 0.000000000000000000e+00 0.000000000000000000e+00
0.000000000000000000e+00 0.000000000000000000e+00 0.000000000000000000e+00
0.000000000000000000e+00 0.000000000000000000e+00 0.000000000000000000e+00
0.000000000000000000e+00 0.000000000000000000e+00 0.000000000000000000e+00
0.000000000000000000e+00 0.000000000000000000e+00 0.000000000000000000e+00
0.000000000000000000e+00 0.000000000000000000e+00 0.000000000000000000e+00
0.000000000000000000e+00 0.000000000000000000e+00 0.000000000000000000e+00
0.000000000000000000e+00 0.000000000000000000e+00 0.000000000000000000e+00
0.000000000000000000e+00 0.000000000000000000e+00 0.000000000000000000e+00
0.000000000000000000e+00 0.000000000000000000e+00 0.000000000000000000e+00
0.000000000000000000e+00 0.000000000000000000e+00 0.000000000000000000e+00
0.000000000000000000e+00 0.000000000000000000e+00 0.000000000000000000e+00
0.000000000000000000e+00 0.000000000000000000e+00 0.000000000000000000e+00
0.000000000000000000e+00 0.000000000000000000e+00 0.000000000000000000e+00
0.000000000000000000e+00 0.000000000000000000e+00 0.000000000000000000e+00
0.000000000000000000e+00 0.000000000000000000e+00 0.000000000000000000e+00
0.000000000000000000e+00 0.000000000000000000e+00 0.000000000000000000e+00
0.000000000000000000e+00 0.000000000000000000e+00 0.000000000000000000e+00
6.654977182712720462e-07 0.000000000000000000e+00 0.000000000000000000e+00
0.000000000000000000e+00 0.000000000000000000e+00 0.000000000000000000e+00
0.000000000000000000e+00 0.000000000000000000e+00 0.000000000000000000e+00
0.000000000000000000e+00 0.000000000000000000e+00 0.000000000000000000e+00
0.000000000000000000e+00 0.000000000000000000e+00 0.000000000000000000e+00
0.000000000000000000e+00 0.000000000000000000e+00 0.000000000000000000e+00
0.000000000000000000e+00 0.000000000000000000e+00 0.000000000000000000e+00
0.000000000000000000e+00 0.000000000000000000e+00 0.000000000000000000e+00
0.000000000000000000e+00 0.000000000000000000e+00 0.000000000000000000e+00
0.000000000000000000e+00 0.000000000000000000e+00 0.000000000000000000e+00
0.000000000000000000e+00 0.000000000000000000e+00 0.000000000000000000e+00
0.000000000000000000e+00 0.000000000000000000e+00 0.000000000000000000e+00
0.000000000000000000e+00 0.000000000000000000e+00 0.000000000000000000e+00
0.000000000000000000e+00 0.000000000000000000e+00 0.000000000000000000e+00
0.000000000000000000e+00 0.000000000000000000e+00 0.000000000000000000e+00
0.000000000000000000e+00 0.000000000000000000e+00 0.000000000000000000e+00
0.000000000000000000e+00 0.000000000000000000e+00 0.000000000000000000e+00
0.000000000000000000e+00 0.000000000000000000e+00 0.000000000000000000e+00
0.000000000000000000e+00 0.000000000000000000e+00 0.000000000000000000e+00
0.000000000000000000e+00 0.000000000000000000e+00 0.000000000000000000e+00
0.000000000000000000e+00 0.000000000000000000e+00 0.000000000000000000e+00
0.000000000000000000e+00 0.000000000000000000e+00 0.000000000000000000e+00
0.000000000000000000e+00 0.000000000000000000e+00 0.000000000000000000e+00
0.000000000000000000e+00 0.000000000000000000e+00 0.000000000000000000e+00
0.000000000000000000e+00 0.000000000000000000e+00 0.000000000000000000e+00
0.000000000000000000e+00 0.000000000000000000e+00 0.000000000000000000e+00
0.000000000000000000e+00 0.000000000000000000e+00 0.000000000000000000e+00
0.000000000000000000e+00 0.000000000000000000e+00 0.000000000000000000e+00
0.000000000000000000e+00 0.000000000000000000e+00 0.000000000000000000e+00
0.000000000000000000e+00 0.000000000000000000e+00 0.000000000000000000e+00
0.000000000000000000e+00 0.000000000000000000e+00 0.000000000000000000e+00
0.000000000000000000e+00 0.000000000000000000e+00 0.000000000000000000e+00
0.000000000000000000e+00 0.000000000000000000e+00 0.000000000000000000e+00
0.000000000000000000e+00 0.000000000000000000e+00 0.000000000000000000e+00
0.000000000000000000e+00 0.000000000000000000e+00 0.000000000000000000e+00
0.000000000000000000e+00 0.000000000000000000e+00 0.000000000000000000e+00
0.000000000000000000e+00 0.000000000000000000e+00 0.000000000000000000e+00
0.000000000000000000e+00 0.000000000000000000e+00 0.000000000000000000e+00
0.000000000000000000e+00 0.000000000000000000e+00 0.000000000000000000e+00
0.000000000000000000e+00 0.000000000000000000e+00 0.000000000000000000e+00
0.000000000000000000e+00 0.000000000000000000e+00 0.000000000000000000e+00
0.000000000000000000e+00 0.000000000000000000e+00 0.000000000000000000e+00
0.000000000000000000e+00 0.000000000000000000e+00 0.000000000000000000e+00
0.000000000000000000e+00 0.000000000000000000e+00 0.000000000000000000e+00
0.000000000000000000e+00 0.000000000000000000e+00 0.000000000000000000e+00
0.000000000000000000e+00 0.000000000000000000e+00 0.000000000000000000e+00
0.000000000000000000e+00 0.000000000000000000e+00 0.000000000000000000e+00
0.000000000000000000e+00 0.000000000000000000e+00 0.000000000000000000e+00
0.000000000000000000e+00 0.000000000000000000e+00 0.000000000000000000e+00
0.000000000000000000e+00 0.000000000000000000e+00 0.000000000000000000e+00
0.000000000000000000e+00 0.000000000000000000e+00 0.000000000000000000e+00
0.000000000000000000e+00 0.000000000000000000e+00 0.000000000000000000e+00
0.000000000000000000e+00 0.000000000000000000e+00 0.000000000000000000e+00
0.000000000000000000e+00 0.000000000000000000e+00 0.000000000000000000e+00
0.000000000000000000e+00 0.000000000000000000e+00 0.000000000000000000e+00
0.000000000000000000e+00 0.000000000000000000e+00 0.000000000000000000e+00
0.000000000000000000e+00 0.000000000000000000e+00 0.000000000000000000e+00
0.000000000000000000e+00 0.000000000000000000e+00 0.000000000000000000e+00
0.000000000000000000e+00 0.000000000000000000e+00 0.000000000000000000e+00
0.000000000000000000e+00 0.000000000000000000e+00 0.000000000000000000e+00
0.000000000000000000e+00 0.000000000000000000e+00 0.000000000000000000e+00
0.000000000000000000e+00 0.000000000000000000e+00 0.000000000000000000e+00
0.000000000000000000e+00 0.000000000000000000e+00 0.000000000000000000e+00
0.000000000000000000e+00 0.000000000000000000e+00 0.000000000000000000e+00
0.000000000000000000e+00 0.000000000000000000e+00 0.000000000000000000e+00
0.000000000000000000e+00 0.000000000000000000e+00 0.000000000000000000e+00
0.000000000000000000e+00 0.000000000000000000e+00 0.000000000000000000e+00
0.000000000000000000e+00 0.000000000000000000e+00 0.000000000000000000e+00
0.000000000000000000e+00 0.000000000000000000e+00 0.000000000000000000e+00
0.000000000000000000e+00 0.000000000000000000e+00 0.000000000000000000e+00
0.000000000000000000e+00 0.000000000000000000e+00 0.000000000000000000e+00
0.000000000000000000e+00 0.000000000000000000e+00 0.000000000000000000e+00
0.000000000000000000e+00 0.000000000000000000e+00 0.000000000000000000e+00
0.000000000000000000e+00 0.000000000000000000e+00 0.000000000000000000e+00
0.000000000000000000e+00 0.000000000000000000e+00 0.000000000000000000e+00
0.000000000000000000e+00 0.000000000000000000e+00 0.000000000000000000e+00
0.000000000000000000e+00 0.000000000000000000e+00 0.000000000000000000e+00
0.000000000000000000e+00 0.000000000000000000e+00 0.000000000000000000e+00
0.000000000000000000e+00 0.000000000000000000e+00 0.000000000000000000e+00
0.000000000000000000e+00 0.000000000000000000e+00 0.000000000000000000e+00
0.000000000000000000e+00 0.000000000000000000e+00 0.000000000000000000e+00
0.000000000000000000e+00 0.000000000000000000e+00 0.000000000000000000e+00
0.000000000000000000e+00 0.000000000000000000e+00 0.000000000000000000e+00
0.000000000000000000e+00 0.000000000000000000e+00 0.000000000000000000e+00
0.000000000000000000e+00 0.000000000000000000e+00 0.000000000000000000e+00
0.000000000000000000e+00 0.000000000000000000e+00 0.000000000000000000e+00
0.000000000000000000e+00 0.000000000000000000e+00 0.000000000000000000e+00
0.000000000000000000e+00 0.000000000000000000e+00 0.000000000000000000e+00
0.000000000000000000e+00 0.000000000000000000e+00 0.000000000000000000e+00
