2.283100845736264659e-08 1.935194183158280613e-08 1.562135887552089711e-09
1.642645200915240554e-07 1.402821685054722969e-07 1.915481290001791347e-08
4.480962272652763930e-07 3.852025985307115992e-07 8.628944257557222965e-08
8.641848851036254138e-07 7.399855277754813455e-07 2.142387217677680910e-07
1.433542453751302834e-06 1.233304901343426547e-06 3.974850861782559758e-07
2.064449408764960282e-06 1.887608831306550853e-06 6.666362983988496668e-07
2.807556038172250929e-06 2.581173593640486274e-06 9.624130976051072726e-07
3.728118144329663633e-06 3.502571792921503123e-06 1.609091502716783063e-06
4.662533528391643796e-06 4.441936194750405534e-06 2.150078780723718570e-06
5.715645054224770486e-06 5.369601192414175708e-06 2.716135324436451037e-06
6.731089248030276963e-06 6.413134990062901232e-06 3.379505308501028232e-06
7.904739559766572364e-06 7.841854549933199514e-06 4.269575715392735145e-06
9.548197273892675393e-06 9.351818004657444592e-06 4.578611979832768093e-06
1.065657412364210011e-05 1.029643656539860924e-05 6.225067653139966470e-06
1.211247224392021138e-05 1.185577569286878430e-05 7.800897606317391852e-06
1.354781795870012042e-05 1.337757144155649609e-05 9.146831096020584985e-06
1.493087440153964326e-05 1.503119335999899947e-05 1.016961743135320027e-05
1.626116389007529735e-05 1.645130488414519148e-05 1.074735518964228452e-05
1.782359911362682087e-05 1.850518121154432201e-05 1.047858657860737953e-05
1.988567836595125549e-05 2.050786396496802051e-05 1.398236633424352982e-05
2.110987800794874938e-05 2.100839783205235518e-05 1.509626591068739773e-05
2.305258045677246990e-05 2.246240111659526055e-05 1.721302798616456989e-05
2.434376565128400569e-05 2.417973405972822124e-05 1.945730175007271675e-05
2.632210895763406275e-05 2.674933312599916138e-05 1.952219493155143070e-05
2.755961732262046974e-05 2.764569522340026245e-05 2.042399954901525378e-05
3.005593122640700364e-05 3.010198778986737658e-05 2.275736091084875229e-05
3.113907216646768139e-05 3.182883654890060704e-05 2.482432485866139618e-05
3.238377487338163035e-05 3.391070325524787155e-05 2.757921088842371960e-05
3.330285871953945321e-05 3.511889831707937194e-05 2.862785279055282369e-05
3.549303180296432207e-05 3.808325934409956194e-05 3.330677090624721364e-05
3.771011080136546815e-05 3.778533716251318472e-05 3.744434838191904600e-05
3.848713370837065508e-05 4.036923487697451773e-05 2.998588880469207839e-05
3.935997206768127927e-05 4.231832654799472335e-05 3.801739292114789413e-05
4.042350866907529460e-05 4.299927170133144300e-05 3.512012293168058471e-05
4.336357733957273342e-05 4.512008136092938185e-05 3.777431058876000713e-05
4.548786668248272529e-05 4.608026843572292217e-05 3.857725524635936771e-05
4.487714366371553770e-05 4.798693266773699113e-05 4.467928131532512365e-05
4.575074132330256337e-05 4.960805048578624998e-05 3.968692228680331083e-05
4.703652475603028375e-05 5.201099536105684710e-05 4.353547638089781219e-05
5.049382665992748111e-05 5.207379791531249795e-05 4.481483776268608855e-05
5.164226301949134348e-05 5.403968670078349186e-05 4.900778292952667796e-05
5.028115188017723291e-05 5.510897254860232209e-05 4.742273881674794129e-05
5.334250097722388953e-05 5.672798717851535892e-05 5.380239911215210449e-05
5.373312032037918422e-05 5.716453364734266148e-05 5.004393588500613170e-05
5.467637981754960711e-05 5.937157242992928820e-05 5.785557190879663431e-05
5.680017807379836070e-05 5.731850604604355219e-05 6.118815632364742435e-05
5.573467974278887628e-05 6.153502284847160871e-05 6.015794224232602654e-05
5.801280455149350821e-05 6.079928961417529831e-05 5.355191561483913838e-05
6.042990645979953512e-05 6.466352366425999975e-05 5.177092703125524113e-05
6.120781317811367064e-05 6.381832723037534239e-05 5.791699642759363318e-05
6.065552840820243524e-05 6.111233620339224094e-05 6.509596509108247510e-05
6.124989224751391931e-05 6.378419015805188673e-05 5.556441346793755296e-05
6.053974187138832044e-05 6.518457943159918237e-05 6.121583186264940477e-05
6.321530464058190918e-05 6.536753264039651002e-05 6.268417929116008229e-05
6.153447882941815675e-05 7.094620639942078328e-05 7.329028204375290689e-05
6.466247218002591239e-05 7.218320379446734145e-05 6.521918460225183351e-05
6.678718729024140364e-05 6.662256970552173107e-05 6.492446373580120097e-05
6.861094870290157901e-05 7.112886147649798054e-05 6.760076883146210738e-05
6.731576417657849027e-05 7.078096657843306605e-05 6.037662282597038282e-05
6.513771751452682103e-05 7.168495012184951008e-05 5.330870752079364637e-05
6.565181948269323698e-05 6.805661572139647629e-05 6.112763539488470994e-05
6.627705905806081249e-05 7.009754771811412563e-05 6.712660152978914868e-05
6.516847839915545137e-05 7.208940970662875162e-05 7.377621827751248572e-05
6.649371955255823177e-05 7.111263787696280427e-05 7.482875314255268615e-05
6.916574948077895853e-05 6.885996825494680067e-05 6.783281985628120949e-05
6.740076772231102858e-05 6.865700069609097483e-05 7.031057902565855233e-05
6.654688442301558680e-05 7.523742176394371424e-05 6.883564564022027002e-05
6.817431344809406061e-05 7.131671669224425405e-05 6.858991101606967406e-05
6.811622526417624585e-05 7.177178034008905596e-05 7.313122278599654819e-05
7.048560672351824165e-05 7.290289997913506747e-05 6.862480148641914273e-05
7.179275513878500506e-05 7.462951543074003360e-05 7.325947758128971193e-05
6.626175930749134818e-05 7.277042406589926771e-05 6.794748940217853746e-05
6.764880350763770431e-05 7.104512817878004419e-05 7.371510193292279056e-05
6.760319649089710351e-05 6.863973810721109813e-05 7.010402389261772063e-05
6.832502998911998645e-05 7.326400942914258827e-05 9.855384053950930873e-05
6.966036449362909345e-05 6.933579170219539192e-05 5.925186305755532611e-05
6.905194946089280130e-05 7.385724398433141710e-05 7.648076359364741866e-05
6.651622841105941941e-05 7.118554785881575826e-05 6.290016090004858546e-05
7.069706605261164034e-05 6.558175534693942298e-05 6.906281521882176643e-05
6.823003902878675589e-05 7.418026298054886147e-05 6.695852448003954973e-05
7.216316052432219445e-05 7.348718644116870641e-05 6.729019485248680793e-05
6.804815213375063469e-05 7.332471845888330645e-05 6.887475818027582303e-05
7.018510221887451169e-05 6.827021725516479479e-05 7.414730869969600718e-05
7.007973197035941026e-05 7.054873622381120678e-05 9.261598626364008630e-05
6.835250956548705387e-05 7.012757937199748197e-05 6.307315145942384395e-05
6.955509292627747953e-05 7.017140683564051010e-05 7.667995278167258474e-05
7.052130183653547272e-05 7.002001639448701556e-05 4.734058571994799751e-05
6.439481077936947144e-05 7.160807994597701281e-05 5.966338709866046626e-05
6.371440113570633716e-05 6.489365089076813990e-05 7.394876509925553431e-05
7.048359178096835428e-05 6.547044795626985104e-05 8.475633536929627111e-05
6.752134157215500677e-05 7.046783127597222595e-05 5.958503825047151533e-05
6.719468466555902344e-05 6.423378701730484851e-05 7.035875554230548365e-05
6.437254149609487072e-05 6.590824238274936250e-05 7.111221805463507776e-05
6.330939087464635686e-05 6.754804601300874918e-05 8.623917844863465199e-05
6.385783376005301837e-05 6.328298166816340577e-05 7.141804432336958629e-05
6.378236164875409567e-05 6.533582545863578152e-05 7.292138738356298720e-05
6.615865944914343022e-05 6.161895629119071695e-05 7.724385692375190663e-05
6.624438291204896314e-05 6.415198935493534140e-05 6.998881059783597326e-05
6.294588706415229096e-05 6.168256218648562037e-05 5.945106686516553508e-05
6.172767999431988568e-05 6.682257764530747345e-05 4.213242932253547163e-05
6.606057796838677430e-05 5.833858677502883039e-05 6.183776662008564761e-05
6.407811379792547474e-05 5.521470390974375652e-05 7.053956857646554205e-05
6.034448776381639434e-05 6.284479685539285157e-05 4.694808541387247256e-05
6.264724196965112837e-05 5.782621752282266912e-05 5.338541216406086118e-05
5.892237215475521010e-05 6.366882140545170043e-05 5.556418752889606975e-05
5.605129195800703513e-05 6.177843698403702628e-05 5.665629113149764720e-05
5.757944088151251003e-05 6.656032707108707836e-05 8.244342381656014453e-05
5.651772034969828142e-05 5.264806254182309445e-05 5.761590258498834697e-05
6.243203779891364500e-05 5.895709689183130088e-05 5.619630599023225226e-05
5.800890622000175385e-05 5.887383981256861186e-05 6.476373784535061702e-05
5.696203328838921748e-05 5.837525664647836399e-05 5.954977863559986618e-05
5.848374004256142003e-05 6.150859590539614879e-05 5.159990513191053550e-05
6.310819715252381854e-05 5.645452668355593819e-05 6.174899434002849307e-05
5.790252596828878166e-05 5.867019510996396438e-05 3.073986881710565983e-05
5.664156310350924428e-05 5.330880097301293025e-05 5.844310545358721040e-05
5.762354187220813554e-05 4.952900935638350613e-05 5.536119591970803611e-05
4.946046981366255326e-05 5.906561911880519125e-05 5.498535296946590071e-05
5.065596113072169096e-05 5.613167884147579086e-05 5.439656081130893035e-05
5.339626133892838453e-05 5.083178035904058526e-05 5.248185452544575942e-05
5.694680653805087766e-05 5.300727978275545808e-05 5.189502488044837940e-05
5.479657345342379342e-05 4.928772178771513156e-05 7.076834597715782251e-05
5.102565857784717104e-05 4.874056412910847560e-05 5.975878753308387056e-05
5.464323130834005429e-05 4.643323529442421770e-05 4.984214158660631204e-05
5.372497497544057417e-05 4.547092744490417667e-05 6.021898067117275200e-05
5.318915410872092386e-05 5.405118106811434062e-05 4.663991253560787392e-05
5.298828996210998163e-05 4.486799574586532191e-05 4.581080945321744998e-05
4.808054614669940544e-05 4.682684770439763934e-05 5.811200275298168927e-05
4.450064193972729068e-05 5.031813019683383203e-05 3.716740194050396337e-05
4.345418549879516521e-05 4.303415164203298443e-05 4.619526832299594363e-05
5.108048190036401317e-05 4.874216564925258356e-05 5.571949586630050774e-05
4.685783419026326826e-05 4.498707208782548361e-05 4.590534683372870400e-05
4.413676089399630063e-05 3.889668257148181372e-05 4.490340852505405651e-05
4.456803523821319666e-05 4.676581896485076598e-05 5.284190500121478760e-05
4.358837239174052832e-05 4.307553240881539558e-05 4.068513609005810111e-05
3.992228086933040609e-05 4.748473542733001786e-05 4.508960223103437046e-05
4.710827311085828001e-05 4.370125803951662770e-05 4.575913187821739880e-05
3.986029777946360471e-05 4.644910707211977462e-05 3.486766446133442773e-05
4.297692990261025290e-05 3.970542233381023085e-05 3.138769801614406060e-05
4.206552444246573026e-05 3.993312243079027665e-05 4.975052081330996913e-05
4.294069587299306377e-05 4.123122014220599721e-05 4.042028502941821545e-05
3.592638208992423595e-05 4.147382322384186534e-05 4.709549983988342732e-05
4.021095580460467590e-05 3.454934101456336631e-05 4.776039889963757491e-05
4.076835203750823458e-05 3.728859284550229656e-05 4.010257652681310943e-05
4.162156027083648637e-05 4.401796311969471688e-05 4.697601280845303427e-05
3.582253080366523988e-05 3.521817969119101134e-05 4.553686202031476766e-05
4.250884218651634688e-05 3.809011133177267477e-05 3.070906751114374999e-05
3.709305008168088690e-05 3.945666574624612531e-05 6.020500667372027568e-05
3.759496013890506748e-05 3.754307341803849054e-05 4.748391845749555648e-05
3.838834771474506437e-05 3.557293657067405341e-05 3.662722538494000025e-05
3.300389747510112167e-05 3.186184606869172211e-05 4.407872554129432162e-05
3.852682574893654397e-05 3.736630420659555672e-05 4.463421793963284572e-05
3.112708231999500666e-05 3.700542320219436684e-05 4.043183367093934269e-05
3.280855798428013376e-05 3.138218799447783274e-05 5.073969406453574687e-05
3.256999431405028432e-05 3.315857847848241799e-05 4.640699530037533640e-05
3.647511646561553194e-05 3.403216741200353296e-05 4.708589842741025405e-05
3.986040718406530221e-05 3.628898692912654639e-05 2.261243480466378346e-05
3.323022563850599965e-05 3.812917736114416361e-05 3.049114448781496204e-05
3.363828359006660332e-05 2.140491752148240237e-05 2.827053368521102969e-05
3.539523074862744272e-05 3.769406479965078173e-05 4.694259725487584447e-05
3.076447736341072809e-05 3.532150048901226344e-05 2.635697154800866254e-05
3.627674794392747170e-05 3.284831189102679363e-05 2.410010367611758350e-05
2.913272196293204247e-05 2.983957188369146805e-05 2.166684320096043184e-05
3.968045763558871201e-05 3.019026124893842066e-05 2.192786226900409453e-05
3.270124436790984986e-05 3.055429811594878266e-05 2.218504236692230954e-05
2.735896987882330874e-05 3.400123365006956313e-05 3.933903779775993465e-05
2.618966998511655937e-05 2.774136417381373567e-05 3.124622296268611364e-05
2.874011225177275662e-05 1.766313868953781719e-05 3.739044946065157138e-05
3.618542510159116241e-05 2.734005426932699389e-05 3.497457648992142727e-05
3.095336832317619846e-05 2.926389933958620834e-05 2.947205192354730827e-05
2.444889383520290209e-05 1.993161943652074959e-05 2.387495110185626441e-05
2.744002160353300690e-05 3.432854242381272165e-05 3.618164585114898773e-05
3.401208592252933754e-05 2.152754686487318497e-05 3.056230947127463240e-05
2.530994426357376304e-05 2.681015796913911487e-05 1.851654673704194518e-05
2.040532679848731088e-05 1.806504638803833922e-05 3.435197986399894432e-05
2.429072835569865294e-05 2.685344682094597090e-05 3.474491510272932241e-05
2.580700143309238250e-05 2.367649617935803239e-05 2.878771978038249707e-05
2.029719613697691846e-05 2.337961760884825360e-05 3.879488371827597413e-05
2.095352625759134849e-05 2.656985353888617195e-05 1.960908693361484252e-05
2.159220810956218191e-05 2.150307266355654855e-05 3.972676231734611471e-05
2.356995339274218549e-05 2.657396264870955362e-05 2.002239971417561995e-05
2.859011635132637259e-05 2.931296961789044738e-05 2.369447298909889708e-05
2.233210204794644024e-05 2.409743124806209487e-05 2.051531048678779912e-05
2.124060203886622540e-05 2.184891818364976632e-05 2.424201449288863560e-05
2.058150603715407952e-05 2.275275905360161499e-05 3.493686527031802068e-05
2.488021324339225260e-05 2.426559377428699074e-05 1.762417839719303039e-05
2.195464172517842187e-05 2.000724561622552923e-05 2.857561252766048311e-05
1.386545960270955045e-05 2.347905029966341106e-05 2.164284797635992387e-05
2.198883568450658385e-05 2.042778675731149343e-05 1.824482928925238114e-05
2.267706592739924122e-05 2.134209693046775855e-05 1.108464081179699834e-05
2.243284270733532826e-05 3.030943158612177781e-05 7.462010641206163415e-06
1.737085727590800843e-05 1.904557403513694762e-05 7.531464302558239722e-06
2.436474182408138625e-05 1.858511880688335031e-05 2.279891841037011446e-05
2.265337708643858341e-05 1.529781240123274165e-05 1.922299681718317872e-05
2.191397904324144172e-05 1.894385187638018177e-05 3.498226988041559381e-05
1.810804003549540983e-05 1.559686552662227805e-05 1.570233443119875422e-05
1.625778704959636746e-05 2.006938279114088404e-05 3.171717329112431051e-05
1.488699181579083866e-05 1.592796204976410724e-05 1.604335618798870597e-05
1.503472166650929873e-05 1.463493497848993052e-05 3.640432622035418215e-05
1.570956152658002010e-05 1.626460396095166699e-05 1.639791501599649031e-05
2.169409747471574739e-05 1.939886993714197585e-05 1.652362351151844507e-05
2.139772153633530001e-05 1.959628715609643417e-05 1.669970046465303059e-05
1.727657187100018892e-05 1.140479672569290464e-05 1.683992022737756760e-05
1.690179645035008141e-05 1.537949386005680886e-05 1.708327966735456082e-05
2.037635613229278706e-05 1.475638316926260066e-05 1.720310593961047542e-05
1.168305339493986874e-05 1.408252826288286126e-05 1.734711533136095560e-05
1.571252777001423996e-05 1.665616981401053440e-05 2.192178666849961077e-05
1.360753865842507670e-05 1.919283465870716876e-05 1.329410002751887937e-05
1.373304033238208284e-05 1.455097626630148463e-05 1.338691744707684958e-05
1.272865802466436519e-05 1.630479481183208119e-05 0.000000000000000000e+00
1.342294522290465976e-05 1.399733689877776728e-05 2.732251340294337516e-05
1.708345445104446928e-05 5.820598256371536009e-06 1.842612011803250064e-05
1.250742162206177641e-05 1.340695662318468411e-05 2.790661965183262915e-05
1.260306435041607120e-05 2.286784215916011631e-05 9.400322074559989413e-06
1.635548046529457616e-05 1.025314291179235321e-05 1.889975995172260038e-05
1.223980068961855975e-05 9.493981518166952891e-06 1.432762079316504287e-05
1.481202496141078645e-05 1.045266908104229899e-05 1.445078764060195312e-05
1.869752464659239278e-05 9.671535403653967305e-06 1.948721657756009699e-05
1.508717036448636442e-05 1.242909187396458650e-05 1.469152004082675384e-05
1.649532188678150504e-05 1.073293483616444205e-05 1.978527154005742863e-05
1.602153389732034053e-05 1.444995748112275197e-05 1.497793665071295944e-05
9.049810632079597142e-06 1.004179960425828828e-05 5.062097771782111955e-06
1.632209550852786520e-05 1.838632791316618741e-05 2.545376610848764493e-05
5.927694853272803774e-06 9.277242068514688996e-06 1.027517100145327152e-05
1.195719277355359404e-05 1.124113474597603435e-05 1.554977357899141506e-05
1.205989026892542097e-05 1.512678125003638273e-05 1.050180779585915948e-05
1.148190739637270833e-05 7.624649685874307774e-06 1.059541434074583893e-05
2.046303961951453126e-05 1.058897734038868916e-05 5.344718273508094778e-06
8.253448536183415166e-06 1.359625417942502554e-05 2.150156679853535547e-05
6.943638516744828530e-06 1.077198363908059688e-05 1.084263401569924052e-05
1.119892560678356855e-05 1.382494428739591485e-05 1.643427708048526709e-05
9.886413025596689857e-06 6.968188427486761136e-06 0.000000000000000000e+00
1.426022183132239383e-05 1.207356268507091526e-05 5.584815054047074765e-06
1.150830103313127935e-05 1.114859293740910291e-05 0.000000000000000000e+00
1.160152081764387573e-05 1.533227134417207131e-05 5.677668025777747585e-06
7.315553226209736627e-06 1.030539963416568874e-05 5.710737028736899475e-06
1.178909081578012640e-05 7.282066268201946366e-06 1.728257135860664838e-05
5.949263049221233200e-06 9.427748378354071959e-06 5.826250855670142551e-06
8.248805947016043849e-06 8.461274487676560029e-06 0.000000000000000000e+00
1.436163740774181083e-05 5.330961232705492314e-06 5.915132118088499016e-06
6.104725754210557364e-06 1.183697367711323013e-05 1.190572887282242740e-05
9.224749760436964859e-06 3.251668440891655919e-06 5.996698604038821348e-06
8.517994437613924879e-06 9.839238877856443545e-06 6.068778474484849151e-06
1.015403070271045088e-05 8.815890224268549952e-06 6.082844010475447852e-06
5.521711142322182511e-06 5.558359476570906952e-06 1.228257924537894892e-05
6.362751209464229774e-06 6.728176276760913556e-06 0.000000000000000000e+00
1.122501090214034579e-05 5.643074832299452819e-06 0.000000000000000000e+00
7.279321345535526150e-06 4.558141390794420380e-06 0.000000000000000000e+00
8.149503824096715035e-06 4.582582069549011219e-06 6.369630927805378437e-06
7.381745563446361151e-06 6.945642268673305276e-06 0.000000000000000000e+00
1.076736966593041825e-05 3.509071058417599778e-06 0.000000000000000000e+00
7.513367086567162424e-06 7.072208277266591001e-06 6.508220772929916996e-06
8.403212967811814581e-06 4.739664653742334714e-06 1.970394361915385112e-05
2.537703907175287702e-06 1.076310001008230297e-05 6.633597005155569820e-06
1.110206912990547749e-05 9.635355495810489536e-06 6.658815789344701841e-06
1.033545440479065927e-05 3.641837600561949644e-06 0.000000000000000000e+00
5.204474861298331853e-06 1.102421024697947878e-05 0.000000000000000000e+00
5.248316808620595831e-06 8.639444954217490155e-06 6.828163746202630294e-06
8.819548668985539719e-06 6.223376491091620115e-06 0.000000000000000000e+00
7.990365192575117289e-06 8.780501923067033688e-06 6.911491892149932924e-06
9.839175152628683345e-06 7.557996718737833937e-06 0.000000000000000000e+00
9.917954189291566848e-06 5.101986858210260681e-06 7.066656193415428418e-06
3.634865572479215422e-06 6.403630548424971085e-06 1.416366829384407478e-05
4.574431909020265485e-06 5.183307341764599112e-06 0.000000000000000000e+00
2.765289308603370565e-06 1.298589145572819218e-06 0.000000000000000000e+00
9.306079400920212738e-06 9.187522217431317792e-06 2.174079786705582906e-05
5.628480799523387480e-06 7.931932345150425579e-06 0.000000000000000000e+00
6.606461023647281340e-06 2.663133226705911753e-06 0.000000000000000000e+00
5.715563139071794698e-06 1.208548432251442454e-05 7.450972688371446319e-06
1.919925440537336939e-06 2.704479450543918711e-06 1.496208951892759992e-05
6.750363117565511093e-06 1.362125504810185986e-06 1.511408602192617787e-05
5.836926885033745772e-06 5.484552518590453004e-06 7.569373218822939039e-06
2.939360710809107641e-06 6.899882350873874921e-06 7.643565785438486771e-06
4.941185346824493621e-06 1.396713916265773934e-06 0.000000000000000000e+00
6.961986362071506394e-06 5.612685414349716493e-06 2.330638115243867538e-05
3.002362208155715111e-06 1.411493854812038522e-06 0.000000000000000000e+00
2.023615981606518621e-06 2.845260255905600644e-06 2.362785203847941922e-05
8.142371503642143967e-06 1.431321444885214259e-06 0.000000000000000000e+00
5.119674167271904643e-06 5.769313898376245459e-06 0.000000000000000000e+00
5.160493317789399320e-06 0.000000000000000000e+00 0.000000000000000000e+00
8.313677641773399753e-06 1.469290863319248469e-06 8.107921518103387398e-06
3.144671850223440404e-06 4.424271665249683458e-06 0.000000000000000000e+00
1.054805063110069488e-06 4.449971345795117753e-06 0.000000000000000000e+00
6.371452130629958412e-06 4.495663468189301743e-06 0.000000000000000000e+00
6.413310795077043104e-06 3.018071674228675930e-06 8.365262763720311633e-06
4.306254847156665484e-06 6.073233017219226056e-06 0.000000000000000000e+00
6.514440604634224555e-06 1.530818569846045032e-06 0.000000000000000000e+00
3.272285126610846740e-06 1.535537688260411890e-06 0.000000000000000000e+00
2.192504133358582752e-06 7.758190758261514897e-06 8.574030438051211686e-06
8.870493830287241459e-06 1.557944564880087374e-06 0.000000000000000000e+00
1.112500564933520382e-06 0.000000000000000000e+00 1.741886891925001682e-05
3.369581753818705711e-06 3.165821931281232592e-06 0.000000000000000000e+00
2.262390758887744601e-06 3.186782505922306740e-06 0.000000000000000000e+00
0.000000000000000000e+00 0.000000000000000000e+00 8.909030420990681666e-06
6.874328467509296783e-06 1.620400339185483741e-06 0.000000000000000000e+00
5.760556387911630893e-06 4.880628917852257537e-06 0.000000000000000000e+00
2.327072942406776161e-06 3.274407331928439546e-06 9.053165408267162530e-06
4.679669178390926098e-06 1.650975346681942503e-06 0.000000000000000000e+00
4.710647616899862590e-06 1.663017269200365503e-06 0.000000000000000000e+00
5.921359152361752333e-06 3.339007949979824484e-06 0.000000000000000000e+00
5.959832955027914286e-06 3.370865878230376323e-06 0.000000000000000000e+00
1.198089240178244478e-06 1.693989865686957885e-06 1.876217752891244287e-05
2.417300334466186043e-06 5.100927521240625898e-06 9.429824397165014087e-06
2.438514784613739618e-06 1.714797022837274148e-06 0.000000000000000000e+00
3.669706491302576824e-06 1.724793168733533476e-06 1.911840365414105948e-05
3.697505941022848734e-06 5.209935330178602745e-06 0.000000000000000000e+00
6.207932229917312345e-06 1.753120423920660721e-06 0.000000000000000000e+00
3.747548652658718886e-06 3.519557648099846381e-06 0.000000000000000000e+00
7.555206644570773214e-06 3.540272160533032358e-06 9.793740424123188268e-06
2.528232175058391199e-06 7.131341356444977224e-06 0.000000000000000000e+00
1.272987541149755788e-06 5.381171158074292434e-06 0.000000000000000000e+00
0.000000000000000000e+00 5.430473933503119916e-06 0.000000000000000000e+00
3.871811599289431339e-06 1.819803012157169766e-06 0.000000000000000000e+00
1.299788285580284054e-06 0.000000000000000000e+00 0.000000000000000000e+00
1.306782201341322140e-06 1.838077070068943470e-06 0.000000000000000000e+00
3.947408540770838686e-06 5.569802494659446026e-06 1.025049297577886625e-05
1.325860283022615048e-06 5.603370523743012549e-06 0.000000000000000000e+00
0.000000000000000000e+00 1.882497435892634119e-06 0.000000000000000000e+00
2.683054558871405365e-06 1.895831552640237074e-06 1.046562415676049516e-05
1.347446053494773214e-06 1.897262999051951452e-06 0.000000000000000000e+00
1.359324495359412463e-06 0.000000000000000000e+00 0.000000000000000000e+00
5.459771031314842425e-06 1.926486239995452022e-06 0.000000000000000000e+00
5.493564734056567811e-06 0.000000000000000000e+00 0.000000000000000000e+00
0.000000000000000000e+00 1.950606278595258881e-06 0.000000000000000000e+00
1.391484597184178913e-06 0.000000000000000000e+00 0.000000000000000000e+00
0.000000000000000000e+00 0.000000000000000000e+00 0.000000000000000000e+00
1.407705648542995169e-06 1.992932849802808143e-06 0.000000000000000000e+00
1.419151067760009793e-06 2.000766505340292432e-06 0.000000000000000000e+00
1.424717042829713749e-06 0.000000000000000000e+00 0.000000000000000000e+00
2.871764411680474024e-06 4.046751555609165422e-06 0.000000000000000000e+00
0.000000000000000000e+00 0.000000000000000000e+00 1.124437622536133316e-05
0.000000000000000000e+00 0.000000000000000000e+00 1.132927531217354044e-05
2.923381107023268850e-06 4.114549091654585837e-06 0.000000000000000000e+00
4.411393073660547197e-06 2.077949908589763874e-06 0.000000000000000000e+00
2.954502397048328688e-06 2.090454844615114721e-06 0.000000000000000000e+00
1.484883765243458490e-06 0.000000000000000000e+00 0.000000000000000000e+00
1.497708997339851426e-06 2.106013064810015272e-06 0.000000000000000000e+00
0.000000000000000000e+00 2.120115229371287482e-06 0.000000000000000000e+00
3.029791252447896004e-06 0.000000000000000000e+00 0.000000000000000000e+00
1.524245166464600849e-06 4.288292359173286008e-06 0.000000000000000000e+00
1.532901534297777213e-06 0.000000000000000000e+00 0.000000000000000000e+00
1.545932043639860096e-06 4.350922738909282489e-06 0.000000000000000000e+00
0.000000000000000000e+00 0.000000000000000000e+00 0.000000000000000000e+00
3.114758223596531409e-06 0.000000000000000000e+00 0.000000000000000000e+00
0.000000000000000000e+00 0.000000000000000000e+00 0.000000000000000000e+00
0.000000000000000000e+00 2.220664278523933488e-06 0.000000000000000000e+00
3.169607929175628440e-06 0.000000000000000000e+00 0.000000000000000000e+00
1.599712320301034365e-06 0.000000000000000000e+00 0.000000000000000000e+00
0.000000000000000000e+00 2.266853897346970319e-06 1.251675708755764926e-05
1.614134897880447329e-06 0.000000000000000000e+00 0.000000000000000000e+00
3.251663593234192856e-06 2.288292221016873976e-06 0.000000000000000000e+00
0.000000000000000000e+00 2.307199306145501980e-06 0.000000000000000000e+00
0.000000000000000000e+00 2.313518954332876216e-06 0.000000000000000000e+00
1.648413814924408447e-06 0.000000000000000000e+00 0.000000000000000000e+00
0.000000000000000000e+00 0.000000000000000000e+00 0.000000000000000000e+00
0.000000000000000000e+00 4.717596634103908725e-06 0.000000000000000000e+00
3.359675765007724373e-06 2.375054493794940760e-06 0.000000000000000000e+00
0.000000000000000000e+00 0.000000000000000000e+00 0.000000000000000000e+00
5.093917532530197007e-06 2.396997306514070071e-06 0.000000000000000000e+00
1.707743300644755468e-06 0.000000000000000000e+00 0.000000000000000000e+00
0.000000000000000000e+00 0.000000000000000000e+00 0.000000000000000000e+00
0.000000000000000000e+00 0.000000000000000000e+00 0.000000000000000000e+00
1.742226814081187143e-06 0.000000000000000000e+00 0.000000000000000000e+00
0.000000000000000000e+00 0.000000000000000000e+00 0.000000000000000000e+00
1.757663458701109209e-06 0.000000000000000000e+00 0.000000000000000000e+00
0.000000000000000000e+00 0.000000000000000000e+00 0.000000000000000000e+00
0.000000000000000000e+00 0.000000000000000000e+00 0.000000000000000000e+00
0.000000000000000000e+00 0.000000000000000000e+00 0.000000000000000000e+00
0.000000000000000000e+00 0.000000000000000000e+00 0.000000000000000000e+00
0.000000000000000000e+00 0.000000000000000000e+00 0.000000000000000000e+00
0.000000000000000000e+00 2.560624623241537536e-06 0.000000000000000000e+00
3.646088671843388803e-06 2.570614046618640175e-06 0.000000000000000000e+00
0.000000000000000000e+00 2.582292953102593466e-06 0.000000000000000000e+00
0.000000000000000000e+00 0.000000000000000000e+00 0.000000000000000000e+00
0.000000000000000000e+00 2.622535873495229553e-06 0.000000000000000000e+00
0.000000000000000000e+00 2.624219414375325508e-06 0.000000000000000000e+00
1.876008067444345706e-06 2.638269929581826382e-06 0.000000000000000000e+00
0.000000000000000000e+00 0.000000000000000000e+00 0.000000000000000000e+00
1.898451032119899149e-06 0.000000000000000000e+00 0.000000000000000000e+00
1.900059207424442457e-06 2.684051275411069559e-06 0.000000000000000000e+00
0.000000000000000000e+00 0.000000000000000000e+00 0.000000000000000000e+00
0.000000000000000000e+00 0.000000000000000000e+00 0.000000000000000000e+00
1.938047327701781367e-06 0.000000000000000000e+00 0.000000000000000000e+00
0.000000000000000000e+00 0.000000000000000000e+00 0.000000000000000000e+00
1.955550212906352133e-06 0.000000000000000000e+00 0.000000000000000000e+00
0.000000000000000000e+00 2.775063590824835359e-06 0.000000000000000000e+00
1.974361336295597592e-06 2.787197527824217902e-06 0.000000000000000000e+00
0.000000000000000000e+00 2.796460198862471465e-06 0.000000000000000000e+00
0.000000000000000000e+00 0.000000000000000000e+00 0.000000000000000000e+00
2.003159725348906907e-06 0.000000000000000000e+00 0.000000000000000000e+00
0.000000000000000000e+00 0.000000000000000000e+00 1.571523588273076523e-05
4.060592537429953141e-06 2.865246935595073054e-06 0.000000000000000000e+00
0.000000000000000000e+00 0.000000000000000000e+00 0.000000000000000000e+00
0.000000000000000000e+00 0.000000000000000000e+00 0.000000000000000000e+00
0.000000000000000000e+00 0.000000000000000000e+00 0.000000000000000000e+00
2.072706562568194312e-06 0.000000000000000000e+00 0.000000000000000000e+00
0.000000000000000000e+00 0.000000000000000000e+00 0.000000000000000000e+00
2.085747050665276186e-06 0.000000000000000000e+00 1.632864708982704791e-05
0.000000000000000000e+00 0.000000000000000000e+00 0.000000000000000000e+00
0.000000000000000000e+00 0.000000000000000000e+00 0.000000000000000000e+00
0.000000000000000000e+00 0.000000000000000000e+00 0.000000000000000000e+00
6.401738609501215467e-06 0.000000000000000000e+00 0.000000000000000000e+00
0.000000000000000000e+00 0.000000000000000000e+00 0.000000000000000000e+00
0.000000000000000000e+00 0.000000000000000000e+00 0.000000000000000000e+00
0.000000000000000000e+00 0.000000000000000000e+00 1.691354744799446051e-05
0.000000000000000000e+00 0.000000000000000000e+00 0.000000000000000000e+00
0.000000000000000000e+00 0.000000000000000000e+00 0.000000000000000000e+00
0.000000000000000000e+00 0.000000000000000000e+00 0.000000000000000000e+00
0.000000000000000000e+00 0.000000000000000000e+00 0.000000000000000000e+00
0.000000000000000000e+00 0.000000000000000000e+00 0.000000000000000000e+00
2.234071094754421638e-06 0.000000000000000000e+00 0.000000000000000000e+00
0.000000000000000000e+00 3.166606155156623465e-06 0.000000000000000000e+00
0.000000000000000000e+00 0.000000000000000000e+00 0.000000000000000000e+00
0.000000000000000000e+00 0.000000000000000000e+00 0.000000000000000000e+00
2.268651353178016693e-06 0.000000000000000000e+00 0.000000000000000000e+00
0.000000000000000000e+00 0.000000000000000000e+00 0.000000000000000000e+00
0.000000000000000000e+00 0.000000000000000000e+00 0.000000000000000000e+00
0.000000000000000000e+00 0.000000000000000000e+00 0.000000000000000000e+00
2.319908706957538603e-06 0.000000000000000000e+00 0.000000000000000000e+00
0.000000000000000000e+00 0.000000000000000000e+00 0.000000000000000000e+00
0.000000000000000000e+00 0.000000000000000000e+00 0.000000000000000000e+00
0.000000000000000000e+00 0.000000000000000000e+00 0.000000000000000000e+00
0.000000000000000000e+00 0.000000000000000000e+00 0.000000000000000000e+00
0.000000000000000000e+00 0.000000000000000000e+00 0.000000000000000000e+00
0.000000000000000000e+00 0.000000000000000000e+00 0.000000000000000000e+00
0.000000000000000000e+00 0.000000000000000000e+00 0.000000000000000000e+00
0.000000000000000000e+00 0.000000000000000000e+00 0.000000000000000000e+00
0.000000000000000000e+00 0.000000000000000000e+00 0.000000000000000000e+00
0.000000000000000000e+00 0.000000000000000000e+00 0.000000000000000000e+00
2.436875885807664969e-06 0.000000000000000000e+00 0.000000000000000000e+00
0.000000000000000000e+00 0.000000000000000000e+00 0.000000000000000000e+00
0.000000000000000000e+00 0.000000000000000000e+00 0.000000000000000000e+00
0.000000000000000000e+00 0.000000000000000000e+00 0.000000000000000000e+00
0.000000000000000000e+00 0.000000000000000000e+00 0.000000000000000000e+00
0.000000000000000000e+00 0.000000000000000000e+00 0.000000000000000000e+00
0.000000000000000000e+00 0.000000000000000000e+00 0.000000000000000000e+00
0.000000000000000000e+00 0.000000000000000000e+00 0.000000000000000000e+00
0.000000000000000000e+00 0.000000000000000000e+00 0.000000000000000000e+00
0.000000000000000000e+00 0.000000000000000000e+00 0.000000000000000000e+00
0.000000000000000000e+00 0.000000000000000000e+00 0.000000000000000000e+00
0.000000000000000000e+00 0.000000000000000000e+00 0.000000000000000000e+00
0.000000000000000000e+00 0.000000000000000000e+00 0.000000000000000000e+00
0.000000000000000000e+00 0.000000000000000000e+00 0.000000000000000000e+00
0.000000000000000000e+00 0.000000000000000000e+00 0.000000000000000000e+00
0.000000000000000000e+00 0.000000000000000000e+00 0.000000000000000000e+00
0.000000000000000000e+00 0.000000000000000000e+00 0.000000000000000000e+00
0.000000000000000000e+00 0.000000000000000000e+00 0.000000000000000000e+00
0.000000000000000000e+00 0.000000000000000000e+00 0.000000000000000000e+00
0.000000000000000000e+00 0.000000000000000000e+00 0.000000000000000000e+00
0.000000000000000000e+00 0.000000000000000000e+00 0.000000000000000000e+00
0.000000000000000000e+00 0.000000000000000000e+00 0.000000000000000000e+00
0.000000000000000000e+00 0.000000000000000000e+00 0.000000000000000000e+00
2.712971653594400805e-06 0.000000000000000000e+00 0.000000000000000000e+00
0.000000000000000000e+00 0.000000000000000000e+00 0.000000000000000000e+00
0.000000000000000000e+00 0.000000000000000000e+00 0.000000000000000000e+00
0.000000000000000000e+00 0.000000000000000000e+00 0.000000000000000000e+00
0.000000000000000000e+00 0.000000000000000000e+00 0.000000000000000000e+00
0.000000000000000000e+00 0.000000000000000000e+00 0.000000000000000000e+00
0.000000000000000000e+00 3.926993208078296104e-06 0.000000000000000000e+00
0.000000000000000000e+00 0.000000000000000000e+00 0.000000000000000000e+00
0.000000000000000000e+00 0.000000000000000000e+00 0.000000000000000000e+00
0.000000000000000000e+00 0.000000000000000000e+00 0.000000000000000000e+00
0.000000000000000000e+00 0.000000000000000000e+00 0.000000000000000000e+00
0.000000000000000000e+00 0.000000000000000000e+00 0.000000000000000000e+00
0.000000000000000000e+00 0.000000000000000000e+00 0.000000000000000000e+00
0.000000000000000000e+00 0.000000000000000000e+00 0.000000000000000000e+00
0.000000000000000000e+00 4.068308003544254238e-06 0.000000000000000000e+00
0.000000000000000000e+00 0.000000000000000000e+00 0.000000000000000000e+00
0.000000000000000000e+00 0.000000000000000000e+00 0.000000000000000000e+00
2.916048573168827246e-06 0.000000000000000000e+00 0.000000000000000000e+00
0.000000000000000000e+00 0.000000000000000000e+00 0.000000000000000000e+00
0.000000000000000000e+00 0.000000000000000000e+00 0.000000000000000000e+00
0.000000000000000000e+00 0.000000000000000000e+00 0.000000000000000000e+00
0.000000000000000000e+00 0.000000000000000000e+00 0.000000000000000000e+00
0.000000000000000000e+00 0.000000000000000000e+00 0.000000000000000000e+00
0.000000000000000000e+00 0.000000000000000000e+00 0.000000000000000000e+00
0.000000000000000000e+00 0.000000000000000000e+00 0.000000000000000000e+00
0.000000000000000000e+00 0.000000000000000000e+00 0.000000000000000000e+00
0.000000000000000000e+00 0.000000000000000000e+00 0.000000000000000000e+00
0.000000000000000000e+00 0.000000000000000000e+00 0.000000000000000000e+00
0.000000000000000000e+00 0.000000000000000000e+00 0.000000000000000000e+00
0.000000000000000000e+00 0.000000000000000000e+00 0.000000000000000000e+00
0.000000000000000000e+00 0.000000000000000000e+00 0.000000000000000000e+00
0.000000000000000000e+00 0.000000000000000000e+00 0.000000000000000000e+00
0.000000000000000000e+00 0.000000000000000000e+00 0.000000000000000000e+00
0.000000000000000000e+00 0.000000000000000000e+00 0.000000000000000000e+00
0.000000000000000000e+00 0.000000000000000000e+00 0.000000000000000000e+00
0.000000000000000000e+00 0.000000000000000000e+00 0.000000000000000000e+00
0.000000000000000000e+00 4.458822502624984189e-06 0.000000000000000000e+00
0.000000000000000000e+00 0.000000000000000000e+00 0.000000000000000000e+00
0.000000000000000000e+00 0.000000000000000000e+00 0.000000000000000000e+00
0.000000000000000000e+00 0.000000000000000000e+00 0.000000000000000000e+00
0.000000000000000000e+00 0.000000000000000000e+00 0.000000000000000000e+00
0.000000000000000000e+00 0.000000000000000000e+00 0.000000000000000000e+00
0.000000000000000000e+00 0.000000000000000000e+00 0.000000000000000000e+00
0.000000000000000000e+00 0.000000000000000000e+00 0.000000000000000000e+00
0.000000000000000000e+00 0.000000000000000000e+00 0.000000000000000000e+00
0.000000000000000000e+00 0.000000000000000000e+00 0.000000000000000000e+00
0.000000000000000000e+00 0.000000000000000000e+00 0.000000000000000000e+00
0.000000000000000000e+00 0.000000000000000000e+00 0.000000000000000000e+00
0.000000000000000000e+00 0.000000000000000000e+00 0.000000000000000000e+00
0.000000000000000000e+00 0.000000000000000000e+00 0.000000000000000000e+00
0.000000000000000000e+00 0.000000000000000000e+00 0.000000000000000000e+00
0.000000000000000000e+00 0.000000000000000000e+00 0.000000000000000000e+00
0.000000000000000000e+00 0.000000000000000000e+00 0.000000000000000000e+00
0.000000000000000000e+00 0.000000000000000000e+00 0.000000000000000000e+00
0.000000000000000000e+00 0.000000000000000000e+00 0.000000000000000000e+00
0.000000000000000000e+00 0.000000000000000000e+00 0.000000000000000000e+00
0.000000000000000000e+00 0.000000000000000000e+00 0.000000000000000000e+00
0.000000000000000000e+00 0.000000000000000000e+00 0.000000000000000000e+00
0.000000000000000000e+00 0.000000000000000000e+00 0.000000000000000000e+00
0.000000000000000000e+00 0.000000000000000000e+00 0.000000000000000000e+00
0.000000000000000000e+00 0.000000000000000000e+00 0.000000000000000000e+00
0.000000000000000000e+00 0.000000000000000000e+00 0.000000000000000000e+00
0.000000000000000000e+00 0.000000000000000000e+00 0.000000000000000000e+00
0.000000000000000000e+00 0.000000000000000000e+00 0.000000000000000000e+00
0.000000000000000000e+00 0.000000000000000000e+00 0.000000000000000000e+00
0.000000000000000000e+00 0.000000000000000000e+00 0.000000000000000000e+00
0.000000000000000000e+00 0.000000000000000000e+00 0.000000000000000000e+00
0.000000000000000000e+00 0.000000000000000000e+00 0.000000000000000000e+00
0.000000000000000000e+00 0.000000000000000000e+00 0.000000000000000000e+00
0.000000000000000000e+00 0.000000000000000000e+00 0.000000000000000000e+00
0.000000000000000000e+00 0.000000000000000000e+00 0.000000000000000000e+00
0.000000000000000000e+00 0.000000000000000000e+00 0.000000000000000000e+00
0.000000000000000000e+00 0.000000000000000000e+00 0.000000000000000000e+00
0.000000000000000000e+00 0.000000000000000000e+00 0.000000000000000000e+00
0.000000000000000000e+00 0.000000000000000000e+00 0.000000000000000000e+00
0.000000000000000000e+00 0.000000000000000000e+00 0.000000000000000000e+00
0.000000000000000000e+00 0.000000000000000000e+00 0.000000000000000000e+00
0.000000000000000000e+00 0.000000000000000000e+00 0.000000000000000000e+00
