2.327060012579381783e-08 1.623342813847949215e-08 1.259113352563466468e-09
1.668648931160630630e-07 1.197257383471961304e-07 1.941497914752617538e-08
4.542597793301149297e-07 3.346214181077732661e-07 7.827139752134771765e-08
8.789447785742915961e-07 6.667867111855105760e-07 2.002298100485981043e-07
1.437574092777628598e-06 1.113037262180971170e-06 3.971403690076931600e-07
2.115797288968075268e-06 1.671058158665742298e-06 6.757351805443468618e-07
2.901824084844661273e-06 2.355406838330417770e-06 1.047597702828307655e-06
3.839097151734594989e-06 3.145664088701655384e-06 1.574341353483736161e-06
4.834060554679061094e-06 4.047049471236417860e-06 2.172132776558501147e-06
5.956127787513963212e-06 5.034912666396429056e-06 2.846131141650129914e-06
7.178474195152795063e-06 6.112346410607493211e-06 3.732304656216914323e-06
8.414897049588613664e-06 7.361730646709444051e-06 4.618358463949560674e-06
9.790848559655970261e-06 8.576620050565977955e-06 5.661357142472308412e-06
1.114582711477835633e-05 1.003407173068704276e-05 6.832357806212322836e-06
1.271267452777515869e-05 1.140708949459969999e-05 7.996144455154150242e-06
1.420459548042340555e-05 1.296915261961831587e-05 9.313490046998371008e-06
1.579029387395279385e-05 1.452748505732842997e-05 1.075611152955782797e-05
1.733559213703421192e-05 1.610922738324671336e-05 1.238491540377854596e-05
1.912041615149172525e-05 1.792201315753904570e-05 1.370913064229099197e-05
2.075153975929764673e-05 1.953840402092235087e-05 1.530086959616815102e-05
2.246291841108377207e-05 2.109014329862020265e-05 1.721067227096874461e-05
2.411848855276835837e-05 2.288523581659650705e-05 1.865161183914401056e-05
2.576244815826571807e-05 2.479658344778449871e-05 2.119330306600948161e-05
2.759869900344398292e-05 2.651986898582314029e-05 2.295107005396081578e-05
2.911694226377770537e-05 2.834082955465213664e-05 2.429123150147487236e-05
3.082726881695465948e-05 3.019304967325134908e-05 2.644690733600990132e-05
3.260227119927578863e-05 3.170938271198659738e-05 2.828938925028865137e-05
3.468477024828316651e-05 3.366202077551052056e-05 2.985426645638115896e-05
3.584170681530812356e-05 3.561413622534438802e-05 3.183260445354556874e-05
3.737057538111450156e-05 3.717360216854181433e-05 3.396473572409067470e-05
3.913957126148180280e-05 3.874613527661061036e-05 3.537869373951607518e-05
4.071606077771286719e-05 4.071437367287946709e-05 3.802520847541803628e-05
4.250030271759688285e-05 4.243942947153332630e-05 3.901281920477755257e-05
4.381838244458891648e-05 4.404503236201691820e-05 4.098989842877714441e-05
4.520934850863375632e-05 4.563620906520395238e-05 4.291952602204325903e-05
4.693297617788360753e-05 4.737242875186790513e-05 4.513323288134939376e-05
4.828459727207273599e-05 4.886865363864073124e-05 4.638850242640325366e-05
4.962168097277260800e-05 5.052501773315661954e-05 4.792143079566327929e-05
5.119005086488655145e-05 5.215215713489602186e-05 5.044461788298683412e-05
5.204723615387661016e-05 5.300093360289997920e-05 5.177131533409784595e-05
5.352637346033573121e-05 5.460316077735912377e-05 5.417771749908734493e-05
5.461868609252341569e-05 5.618064070125629159e-05 5.534964739873951106e-05
5.629657163224895935e-05 5.767279730170035538e-05 5.631605976048796125e-05
5.738864429640302029e-05 5.864723617331915828e-05 5.698060907074855484e-05
5.850313673578523657e-05 6.032047496477379488e-05 5.902809157494075037e-05
5.893925478217680082e-05 6.088632821094849709e-05 5.948914401017186252e-05
6.016907428706802611e-05 6.214174921269591148e-05 6.242969887940861748e-05
6.122610805096095974e-05 6.266958722306321787e-05 6.255198760115304312e-05
6.219001648177460316e-05 6.439911902419447639e-05 6.339192229355302929e-05
6.298618792009834258e-05 6.521467800991033025e-05 6.536185487955433946e-05
6.338612286814371169e-05 6.626985582726230121e-05 6.575357361103439566e-05
6.424311785873970974e-05 6.666189214359504692e-05 6.622660244745009355e-05
6.477846885392227519e-05 6.712462065096019435e-05 6.871853875665373903e-05
6.519108863438960217e-05 6.838561691014849778e-05 6.990401679029742410e-05
6.604999148042223569e-05 6.964327790122790574e-05 7.039182070014693155e-05
6.720652183720571011e-05 6.886223806868521397e-05 7.087330714037647019e-05
6.757944375076504031e-05 6.997348512167914493e-05 7.288001066563023762e-05
6.744131837061912728e-05 7.077421564765364818e-05 7.195293153069449164e-05
6.858344533858945491e-05 7.106627396865288588e-05 7.284014285994304633e-05
6.922950840222057492e-05 7.062229861653277591e-05 7.574700211331889725e-05
6.925492065105101212e-05 7.147345794724093110e-05 7.492507985832654038e-05
6.932158735688847737e-05 7.247460351173099825e-05 7.391719811969343858e-05
7.080874247302421456e-05 7.348941052276861173e-05 7.500820253590912974e-05
7.101637986035553120e-05 7.419274283156334759e-05 7.495641484599768777e-05
7.052040430684017292e-05 7.267817057074544619e-05 7.785663714766563603e-05
7.125419172276261748e-05 7.255831932645856453e-05 7.554232755410752477e-05
7.031605819133378656e-05 7.363830663642895115e-05 7.648052157784540714e-05
7.059439581132832917e-05 7.385555541305424286e-05 7.597338074230983098e-05
7.020056092300842529e-05 7.291566630834691914e-05 7.666386654202270179e-05
7.101301306983313140e-05 7.405704965408777972e-05 7.640007644604829024e-05
7.091088041344009274e-05 7.377164480503995119e-05 7.719613527344885268e-05
7.059597668883883857e-05 7.413413358688105087e-05 7.984794181945889806e-05
7.132044565033483308e-05 7.382098631598149239e-05 7.690754476462586620e-05
7.055272813024675489e-05 7.554124979878080917e-05 7.789232503380814237e-05
7.103313845455125927e-05 7.411055541611530145e-05 7.630337677085232827e-05
7.170094980472729439e-05 7.251827625599922258e-05 7.761511078264936542e-05
6.998590635947088943e-05 7.332254807380172935e-05 7.592285090967314893e-05
7.130581273103159918e-05 7.347659663084024520e-05 7.581495000995036192e-05
7.066326564026053183e-05 7.369570666260467191e-05 7.605755479628952345e-05
7.015518122770272077e-05 7.212358645228864138e-05 7.550057779055741568e-05
6.939134189397835211e-05 7.223364030989332107e-05 7.668890490965742817e-05
7.045417361302793889e-05 7.325341066957904307e-05 7.389709818560359633e-05
6.970706769534500483e-05 7.117046770741401501e-05 7.579731915852052759e-05
6.916967545840204843e-05 7.120307686575809154e-05 7.700426969876196352e-05
6.800351893891403603e-05 7.020195519824633332e-05 7.486820258029578865e-05
6.897136155377086414e-05 7.186457148510766500e-05 7.340398286559818286e-05
6.941416471761763447e-05 7.144979250086948036e-05 7.057252256254808466e-05
6.699353559286685121e-05 6.951200767336774080e-05 7.199605726862996259e-05
6.709860509479273981e-05 6.972525071009466678e-05 7.179706002420560768e-05
6.672992843770713116e-05 6.909046536113224249e-05 6.884544070554208292e-05
6.596994640825249866e-05 6.880512774007596600e-05 7.155576991957889879e-05
6.731983697488781769e-05 6.743557129132110128e-05 6.917377467488903923e-05
6.609146459507671267e-05 6.752766117251732193e-05 6.941964012152053518e-05
6.522448584489519635e-05 6.635913487907552533e-05 7.135551478516945862e-05
6.603947247375888368e-05 6.639096169974981665e-05 6.762867788154599137e-05
6.320287551865100880e-05 6.734092704961142258e-05 6.634291594807310778e-05
6.391205969302571701e-05 6.577931646222076253e-05 6.602876885446312661e-05
6.402557864789726880e-05 6.437108131492462622e-05 6.877230019624085632e-05
6.340713869347922526e-05 6.472730583092042205e-05 6.796206520901731474e-05
6.233573543279171065e-05 6.496746796522011238e-05 6.646719140550623049e-05
6.175450268305817531e-05 6.314924391384124733e-05 6.423762263833871649e-05
6.180594413790116946e-05 6.321308830344346162e-05 6.534812053856640425e-05
6.102918972481675031e-05 6.195841793736987107e-05 6.527660072293923685e-05
6.001017627889126065e-05 6.139333898711200801e-05 6.458036060825146575e-05
6.020634097532811087e-05 6.149307167878546800e-05 6.115547265352172892e-05
5.930271560685116967e-05 6.098569217774213837e-05 5.968089962571194941e-05
5.855978363979880299e-05 6.036338916810041248e-05 6.332901617557847138e-05
5.881651155250624071e-05 5.956252759102433867e-05 6.299705413008942862e-05
5.772820094532933252e-05 5.920565501941394592e-05 6.163077783007106839e-05
5.795443749836813466e-05 5.725020308639109024e-05 5.777053348224681306e-05
5.679193541626119249e-05 5.676048377481639532e-05 5.964360026367487090e-05
5.586911620134704372e-05 5.597993260015120520e-05 5.589521835421137967e-05
5.553890000302648714e-05 5.651400199793840326e-05 6.093165269432524654e-05
5.532886603850697000e-05 5.651973437393531194e-05 5.448195286290561946e-05
5.422184764492624266e-05 5.490501208852801082e-05 5.535422808561716462e-05
5.467563566340361534e-05 5.467083780263233360e-05 5.425039606613995163e-05
5.315779218279658721e-05 5.344350208911711190e-05 5.492175451544449935e-05
5.176113101154247015e-05 5.346909751754017791e-05 5.502914050830343568e-05
5.255625042920795921e-05 5.420065611217441358e-05 5.199091703720752519e-05
5.173943890222698828e-05 5.111976774058382423e-05 4.961845145876033413e-05
5.259188467847489843e-05 5.279045891002594112e-05 5.276331931997112966e-05
5.076527344122488267e-05 4.990419080187926917e-05 5.109014916086281342e-05
4.815174127313176467e-05 5.041753385817904020e-05 5.085370830825502119e-05
4.914773335086526580e-05 4.982825770818646730e-05 5.131224033172895025e-05
4.942371487035513626e-05 4.893889358554859179e-05 5.213587301799750144e-05
4.965244924659383544e-05 4.664990832417207609e-05 5.273179737296529728e-05
4.794900690808820789e-05 4.708074584955965447e-05 4.807529391874711149e-05
4.804140666591662223e-05 4.772135386487618921e-05 4.517872744469087648e-05
4.661714296187057020e-05 4.635243158407069300e-05 4.596414243210218676e-05
4.667552009827539712e-05 4.544194891599753029e-05 4.803652497835797107e-05
4.486218209343323263e-05 4.496018385708625638e-05 4.503504682121830101e-05
4.517117817801974080e-05 4.465669217929958224e-05 4.522746772623216098e-05
4.573123396468283913e-05 4.472554306255687454e-05 4.369738788635234934e-05
4.281975969948495855e-05 4.358330071435449917e-05 4.268801732913328815e-05
4.449695330635997461e-05 4.212775411076605898e-05 4.304360460236045341e-05
4.217133765466776876e-05 4.177972261913224383e-05 4.420685079764714029e-05
4.303692025092668958e-05 4.110974218217794082e-05 4.219310744680527869e-05
4.137576922731433539e-05 4.051942128673068267e-05 4.126977979111648572e-05
4.076706748701447582e-05 3.969422286750128536e-05 4.375594041893796413e-05
4.184140237402513240e-05 3.871300398650192465e-05 3.897299497583221273e-05
4.012863769405621033e-05 3.991754052243126817e-05 4.041609233525373534e-05
3.955187267804000800e-05 3.827902182651495109e-05 3.830446174650522606e-05
3.990574915674888196e-05 3.840413502478573195e-05 3.890978662721368737e-05
3.927298975354444853e-05 3.731227869624430970e-05 3.619399426620214312e-05
3.873369874814263606e-05 3.690427512437385578e-05 3.822927944997912386e-05
3.816233998029609081e-05 3.681426921187396802e-05 4.031807596992922292e-05
3.634310580736547418e-05 3.670476042036925011e-05 3.623142051172639137e-05
3.714692536733028806e-05 3.693839155216481409e-05 3.672902193333194124e-05
3.660139448799208813e-05 3.601177873051643623e-05 3.776731632561005335e-05
3.617953546176563265e-05 3.602405525024183347e-05 3.398647502292814738e-05
3.511377140695174466e-05 3.427219696667964025e-05 3.627529442064625679e-05
3.531962054449461956e-05 3.260144130498796315e-05 3.809019774613896513e-05
3.409711130784817440e-05 3.334385905133563003e-05 3.203375874996203292e-05
3.404275503255478532e-05 3.312632992094087579e-05 3.360725917242196619e-05
3.332525528291181770e-05 3.341600922376874170e-05 3.180166511076500270e-05
3.390148567545770905e-05 3.220908936011944522e-05 3.173887391736992093e-05
3.157648507421501830e-05 3.136756281621915280e-05 3.263900596973334453e-05
3.159261023380085343e-05 3.139585515241294584e-05 3.071720767968257813e-05
3.200649486289442814e-05 3.056152492898237628e-05 3.256265141240303383e-05
3.099388089940043409e-05 2.946789676360349718e-05 3.326448917906661701e-05
3.104060224515486319e-05 2.823179895031956293e-05 2.831854375880774811e-05
2.920301982797153471e-05 3.057065836738177773e-05 3.124367350162273003e-05
3.079523025107903250e-05 2.885150840163945408e-05 2.806201657307790150e-05
2.952223607633020988e-05 2.792208498734339705e-05 2.972315092898752877e-05
2.859693372364810831e-05 2.781334328340744037e-05 3.230330027585760370e-05
2.828420062623316161e-05 2.873027160487283689e-05 2.585373693168687144e-05
2.871912463410869151e-05 2.631976011851002177e-05 2.561518455990836277e-05
2.738993480283934522e-05 2.648763534158886797e-05 2.763324764091638376e-05
2.809730009095370618e-05 2.628857074505200892e-05 2.553003484093126159e-05
2.764052228686775947e-05 2.614758681281178810e-05 2.630540174868545945e-05
2.729705877263794697e-05 2.440037123443883319e-05 2.757116758383588453e-05
2.404677206491565467e-05 2.555038299818630801e-05 2.403750137210245555e-05
2.577983020146806261e-05 2.571270308511624720e-05 2.639449583336142801e-05
2.551962699227864682e-05 2.405906571493953710e-05 2.633999689290940461e-05
2.521210655493434874e-05 2.406185770212580986e-05 2.502534050482300209e-05
2.472624200496917850e-05 2.245245715964976394e-05 2.656350351956565499e-05
2.511359916124961152e-05 2.303833870793920035e-05 2.418829646620507666e-05
2.424387003207120647e-05 2.265652743093084730e-05 2.189054875604801674e-05
2.383957102768892284e-05 2.190451457975305436e-05 2.240511017230634985e-05
2.241172921249594854e-05 2.314518503545033348e-05 1.950273486164684242e-05
2.305682740812541376e-05 2.260032076441278011e-05 2.064783553415447197e-05
2.219367166817842827e-05 2.031239048125315125e-05 2.019555754182797837e-05
2.192745653550338332e-05 2.242201755584922343e-05 2.069375408918468429e-05
2.263118391008464456e-05 2.038087409627736520e-05 2.119840301022886649e-05
2.129250429960440405e-05 2.019507969048919520e-05 2.087415656020111013e-05
2.146688778704737888e-05 2.116830969508086408e-05 2.025827902944551278e-05
2.098165875885045910e-05 2.065617096677134254e-05 2.132639104120646732e-05
2.047000583975283039e-05 2.061606581610517052e-05 1.782426610175967031e-05
1.993595982566968676e-05 1.914677239149278822e-05 2.134185632286641425e-05
2.049787585200580720e-05 1.927377608412691865e-05 1.848526829401962685e-05
1.970311917160418570e-05 1.936325170836508932e-05 2.078170045236866004e-05
1.886630616686875238e-05 1.879397842956085987e-05 1.739105702605408898e-05
1.924461640513617966e-05 1.871121569662451302e-05 1.924309591972629238e-05
1.815700389769274168e-05 1.777449281894929081e-05 1.928567506100099094e-05
1.838932983030207424e-05 1.639266706123277697e-05 1.746874408570108056e-05
1.629620090474377352e-05 1.739395450021701529e-05 1.734266182572861425e-05
1.821734030212181088e-05 1.710527734015395153e-05 1.657283847355656001e-05
1.848519556728524615e-05 1.633983703835500392e-05 1.562241801064083509e-05
1.679888096360257149e-05 1.817162933625421440e-05 1.272854326558220292e-05
1.624735969100409887e-05 1.510969066576128427e-05 1.479779876028285031e-05
1.705110363943101808e-05 1.498574530684214490e-05 1.545296867569544971e-05
1.608793931429614797e-05 1.507723779377621297e-05 1.460612499914807698e-05
1.714456709304189181e-05 1.581503904974472394e-05 1.458443358827791823e-05
1.584491216513445429e-05 1.537757039490285149e-05 1.303558091941552736e-05
1.563165638745860064e-05 1.413933100532183187e-05 1.659114000512750431e-05
1.604036258395190250e-05 1.456437128078770999e-05 1.398996004245753034e-05
1.484101020649661186e-05 1.487024720303965953e-05 1.377832899057163479e-05
1.501075469674752300e-05 1.364762944754850824e-05 1.126595200345611524e-05
1.411149333293216089e-05 1.391266404726210877e-05 1.190693014966188200e-05
1.429397495105273134e-05 1.341983193594562265e-05 1.292177237817553070e-05
1.530225324198708318e-05 1.484930540827992871e-05 1.159677360223726434e-05
1.388181797058322748e-05 1.265841038482342379e-05 1.188730921300248091e-05
1.307275584278577481e-05 1.247637745521786084e-05 1.255295481752676537e-05
1.501703231645692290e-05 1.303470895686044973e-05 1.136496922729743636e-05
1.430191401801595815e-05 1.368113754656409240e-05 1.372662744012271095e-05
1.278477711540217301e-05 1.124964493718725325e-05 1.196215291804823778e-05
1.329010011934270544e-05 1.411498576268917076e-05 1.091920720414070305e-05
1.299598914462557382e-05 1.117621094926613145e-05 1.083256682171336445e-05
1.215077990116226401e-05 1.109774886317887596e-05 1.502531667803491268e-05
1.328841493296154086e-05 1.207363581317461426e-05 9.655593540596645987e-06
1.205512297548395991e-05 1.075270998343639125e-05 9.937621003499494908e-06
1.200480154692720390e-05 1.099817306540447774e-05 9.020850800259239236e-06
1.184150667294960070e-05 1.094642304825371230e-05 1.153921121225446564e-05
1.137303717961482614e-05 1.044240060825225387e-05 1.224884408672287950e-05
1.097844249558046605e-05 1.019237898894602869e-05 1.009001076037154849e-05
1.218958462982475193e-05 9.864407851694526093e-06 1.018566036758479966e-05
1.041916690675814037e-05 1.037702779521383945e-05 1.027199113336883710e-05
1.150113534996982064e-05 9.647321602301939459e-06 8.673003858067726245e-06
1.051694936193731212e-05 1.001042458057172746e-05 8.748832380469670586e-06
9.543113419711707392e-06 1.013900304723811661e-05 1.033644176258858575e-05
1.026580433861336906e-05 9.704391462462452403e-06 8.039465931884974981e-06
1.097019222918796264e-05 9.019988435138621719e-06 6.351874128242587985e-06
9.821884817429743243e-06 8.610331165796202327e-06 7.292274570448156150e-06
9.698577032878877464e-06 8.232158314555492587e-06 5.570553326521860351e-06
8.878110367834178993e-06 9.089966985217908744e-06 8.542469547980091361e-06
9.469930079935433658e-06 8.917656811493798510e-06 8.844140962551768159e-06
8.784172213131099104e-06 8.739428459595806074e-06 9.145514608172599467e-06
9.693090437432657158e-06 8.639727337056668207e-06 8.305232865393115415e-06
9.276022039621681321e-06 7.984131947394957363e-06 7.669565919996944173e-06
8.068665511421705804e-06 8.486835764573492477e-06 8.905186659164541954e-06
8.993676793534643765e-06 8.512485284595083638e-06 8.508080452857028506e-06
7.947549154696715874e-06 8.320330508095745119e-06 6.196932518415136273e-06
8.144177126719741812e-06 6.657827974957854567e-06 9.617403056759085193e-06
9.183578319213694832e-06 7.787481768202597063e-06 7.757498839222886104e-06
8.606547729593202919e-06 8.434336864314775838e-06 6.112458039403360758e-06
7.291880910302248471e-06 8.369063144321357711e-06 4.925370472860499848e-06
7.548579174500273833e-06 7.381604372756906055e-06 5.958399419580839398e-06
7.845825151299962939e-06 7.075100304811545307e-06 4.759677242406971977e-06
7.604289563634604413e-06 6.803438187064692652e-06 5.551910638978322201e-06
7.120673875574208356e-06 7.611431370119654161e-06 7.892637760545600397e-06
7.005622532181476274e-06 7.196981723323186862e-06 6.411748342557738352e-06
7.304186662913952350e-06 6.255662190304333377e-06 5.690428847985625227e-06
6.560079225435100930e-06 6.639567590262070606e-06 4.951515379643752594e-06
7.174636811290069511e-06 6.838211085443618575e-06 6.566607934428060096e-06
6.983207850040153389e-06 6.794039172734092845e-06 5.292487984501392020e-06
6.609234485127214839e-06 6.061706057526046607e-06 6.135643921209692897e-06
6.121978587922271007e-06 5.710787299997976980e-06 4.845978706250354462e-06
6.642053592178101074e-06 5.557690417625062486e-06 6.507216034373851191e-06
6.034741904606860537e-06 6.153467330811744184e-06 6.555064494112962311e-06
7.151094463670194440e-06 6.251764539392051972e-06 4.404264348109956916e-06
5.942794880594526648e-06 5.225202500242115613e-06 4.721071624846217231e-06
6.286635582791513100e-06 6.037088986010120182e-06 6.712315448827465864e-06
5.694860600517320827e-06 5.981974610089751271e-06 5.071647010143629605e-06
5.624778698374172927e-06 6.027079884299111630e-06 5.958294720259956630e-06
6.241712157121608356e-06 5.703090910043433238e-06 4.572875041756753920e-06
5.594526887205433640e-06 5.585512672414781390e-06 5.764152138148078759e-06
6.024659224400073561e-06 4.876380677498937679e-06 3.486927359374617531e-06
4.934924577007969383e-06 4.428941083641378553e-06 5.267125450655138197e-06
5.405836939880230113e-06 4.243650779084993813e-06 5.893835874197727681e-06
5.566773113820649552e-06 4.988099856761534340e-06 4.156970688647882525e-06
4.326441834186632398e-06 4.474808492095877156e-06 5.986668497902130078e-06
4.840389135911613637e-06 3.894125976931660761e-06 5.422435928672333938e-06
5.202236634463114041e-06 5.158200888003725096e-06 5.164063021616560193e-06
4.911809284937667522e-06 4.459737943946239080e-06 3.668428676062838987e-06
4.908458328090879142e-06 3.866939695801822439e-06 4.312121566275659526e-06
4.902973227726206955e-06 3.722006464497184463e-06 4.344323685969126294e-06
4.016245750902501664e-06 4.442431234087738670e-06 3.752711727504733761e-06
4.512273015671424412e-06 4.066809529316604733e-06 2.517542895047246964e-06
4.416720246465296756e-06 3.921562040366792596e-06 3.169452424934529863e-06
4.104460809628864231e-06 3.477760267152486627e-06 2.873344951041464578e-06
3.919609806936932705e-06 3.621962357209900630e-06 5.146959801380667822e-06
4.814768214161120219e-06 3.947028985541498923e-06 2.913149207040870602e-06
3.888587893012342482e-06 3.734467682440096155e-06 2.612433674240761638e-06
4.354019686308956743e-06 4.247725196374676902e-06 5.253937333429894217e-06
4.164846392343805660e-06 3.176488697764657692e-06 2.978861481395061573e-06
3.925222215203558885e-06 3.814558103919408981e-06 3.999817511742045658e-06
3.459449213116705445e-06 3.285031428103434549e-06 3.690344735144681929e-06
3.572775609892731064e-06 4.242504062318990229e-06 2.025061920514834493e-06
4.283062166489340987e-06 3.833179386736371024e-06 4.086481772732321093e-06
3.485864447959443794e-06 2.655649721612757061e-06 2.054678076889301673e-06
3.741383611319134729e-06 3.249149836753020219e-06 4.141798511441419457e-06
2.883660701688864450e-06 3.527961803590221421e-06 2.431135887955689228e-06
3.278089654137836781e-06 3.679473907449122270e-06 2.798482640342834994e-06
3.347756598892779346e-06 3.056701820112660179e-06 3.518727010796356888e-06
3.417396115426375294e-06 3.405771623074110454e-06 2.482502209549281194e-06
3.632402044148807117e-06 3.230406363498273823e-06 3.569092349573755915e-06
3.513599344078463910e-06 2.852739123280754108e-06 2.152078793982672304e-06
3.439032905848618018e-06 2.672449710449426932e-06 2.535573460536481649e-06
2.779678696858354020e-06 2.354951546842923247e-06 2.186317827057346789e-06
2.798545868414683954e-06 3.316350690727544321e-06 2.564962796731347455e-06
3.212965664883432016e-06 2.248351972391612758e-06 1.843689319093945197e-06
2.488721501642274120e-06 2.813702084808845094e-06 2.972066702199230631e-06
3.103820996315117613e-06 2.625702548960378706e-06 2.617816569617816534e-06
2.168330659586250134e-06 2.155123646878468386e-06 2.258480054532360123e-06
3.045792658845059749e-06 2.238766049508886850e-06 1.894228480725372103e-06
3.167527367110584406e-06 2.115042045334680530e-06 1.908493239829917967e-06
3.805730862353230291e-06 2.694184805172336279e-06 3.844117989784942148e-06
3.053133725594595830e-06 2.711945022548809881e-06 3.092368079842256279e-06
2.239118625596757995e-06 1.939810705464074337e-06 1.164444480453452962e-06
2.358913953838497063e-06 2.748573764974480856e-06 1.173026861207226145e-06
2.901167454136481314e-06 3.202908513359788399e-06 3.148235876905262123e-06
1.593230038946039623e-06 2.416728029513657309e-06 1.191611298141344240e-06
3.206542484489705828e-06 1.842734846866209919e-06 1.197737032714076578e-06
1.721879374136381532e-06 2.449189433631903821e-06 8.030967884981834669e-07
1.948149466224859407e-06 2.911072275428870437e-06 1.617284325552706950e-06
2.179263576117275572e-06 2.329200433561775816e-06 2.035052279470377311e-06
2.686458638495003638e-06 2.191813243560323513e-06 2.044555947518786346e-06
2.317208438522731064e-06 2.434780303354690582e-06 0.000000000000000000e+00
2.720953421912125515e-06 2.604531089563838304e-06 2.073832766616684465e-06
1.956031382009799016e-06 1.464246568797863787e-06 1.668393733435326457e-06
1.630774011844662501e-06 1.395679737695038722e-06 2.100168571061981473e-06
1.585053574578553589e-06 8.579657119171021647e-07 2.113188079464610282e-06
2.162882180398962916e-06 1.805811152799985923e-06 2.123613074060086905e-06
2.062521870050491716e-06 1.659102200266581875e-06 3.419935508066530753e-06
1.614466536391560367e-06 2.384977803576795222e-06 1.290541342330702003e-06
2.261447682569623330e-06 1.038235893629461036e-06 1.730813814709960295e-06
1.809469704234475026e-06 2.172364059984735423e-06 1.745423681198611101e-06
1.996156302715660395e-06 1.618615373126037465e-06 1.314094234378319526e-06
1.889617086577679454e-06 2.036851499458575024e-06 8.828921682426638382e-07
1.544273095208929254e-06 2.294203688678188603e-06 8.869816959779683854e-07
2.032677991050792257e-06 2.060150195757369905e-06 2.236292617218270107e-06
1.804606104978733825e-06 1.243427657289626275e-06 8.965947016763345961e-07
1.391605269652000748e-06 1.667122107115011968e-06 9.046276988466414944e-07
1.582502715834930426e-06 1.846906259194754892e-06 1.364676972751586458e-06
1.653910327021266919e-06 1.266023565015902268e-06 0.000000000000000000e+00
1.540933050618167577e-06 1.019027623240549145e-06 1.840724452046695852e-06
1.363831850878122754e-06 1.198427969436120492e-06 1.852705099036037262e-06
2.118858859511555913e-06 1.203273423908881205e-06 0.000000000000000000e+00
1.505300482989536143e-06 1.470082890913232695e-06 4.688909496839114614e-07
2.459829433423515712e-06 8.701363409126974224e-07 1.413660874513470805e-06
1.650312999653358161e-06 1.225155706383867902e-06 2.371228302531077607e-06
1.277055212126117671e-06 7.038479122213385920e-07 1.906820922665414241e-06
1.284184237423882835e-06 8.848373005818435285e-07 4.793611696233810752e-07
1.227157078204950448e-06 1.603273929748136075e-06 4.835141358312302086e-07
1.168825445881482001e-06 1.164156106808519444e-06 1.456850783633556564e-06
1.438043965290700187e-06 9.012674364225677832e-07 4.881369929052215394e-07
1.314598792642469982e-06 1.177380577450036335e-06 9.823874867084658052e-07
1.387866484972384351e-06 1.094069238254852141e-06 9.885184026022514240e-07
1.795045320342348946e-06 7.340387531277442714e-07 9.940991498639265144e-07
1.003045349605134143e-06 1.106507669218084820e-06 9.968380799112997632e-07
1.278342903881789455e-06 1.112594993550197337e-06 0.000000000000000000e+00
1.217342490556503558e-06 1.118359307070500078e-06 0.000000000000000000e+00
7.481543420876033901e-07 1.407593833806024536e-06 5.071939244501529840e-07
8.898512198123388141e-07 1.131468492456190706e-06 1.021427975423746464e-06
8.946739701469071760e-07 1.043001911333455754e-06 5.151742775667768801e-07
6.911005858320868845e-07 1.240219241854400040e-06 0.000000000000000000e+00
9.050762027957078220e-07 1.150931723130987345e-06 1.041525188011597996e-06
9.096112151828420843e-07 1.062115990064183442e-06 5.221643506970610147e-07
9.142828519232795948e-07 8.727230025073907676e-07 5.266157596891741248e-07
8.487935933131545156e-07 7.803297897244435916e-07 5.280253930351689812e-07
1.067065086690891636e-06 5.885085201067424022e-07 5.312039568655126079e-07
7.152868511497686667e-07 1.578053039505705760e-06 2.136860370868978569e-06
1.366955486136801634e-06 9.916963055094223529e-07 1.610873507106810683e-06
9.403344018288817526e-07 4.985220597593042074e-07 5.393702880060093588e-07
6.536579009861454533e-07 1.002648799774345694e-06 5.428211067062521817e-07
5.119873049908129072e-07 1.008467468200803669e-06 1.092088967460100878e-06
9.555337608486618592e-07 7.094080874500303452e-07 5.497557554022373392e-07
8.869620566079564582e-07 1.019822936661543894e-06 0.000000000000000000e+00
2.229128177119725680e-07 8.195605392646222623e-07 5.558898311168169665e-07
6.725677598796852901e-07 1.236704551343102390e-06 5.568551269300467020e-07
5.255704939921211171e-07 8.293561395616572570e-07 0.000000000000000000e+00
8.312598593293625791e-07 1.041781625451993583e-06 1.128365312982377192e-06
1.063079146725616478e-06 1.152178406205330077e-06 5.686259696691556238e-07
2.291352236305363370e-07 6.319710917490615174e-07 0.000000000000000000e+00
5.373291912720714675e-07 7.414257807847549894e-07 5.720466359593791224e-07
1.544352195270443012e-07 3.194690018212942270e-07 5.757230187613917874e-07
6.982606802732893956e-07 7.490231827757857981e-07 5.800270152442910894e-07
5.459896845692100574e-07 6.455099528973965725e-07 0.000000000000000000e+00
7.843292047854053783e-07 1.081207082522766905e-06 5.858318808098157912e-07
9.465205220218669717e-07 5.435212789735587746e-07 0.000000000000000000e+00
9.511973096554499500e-07 7.647482206670618094e-07 5.930351731519357756e-07
3.985975927811038557e-07 3.294119046145526394e-07 5.941568702813582950e-07
4.003543696577476340e-07 8.837299277719560093e-07 1.195307215570459997e-06
5.637871563688298044e-07 2.217705982522020536e-07 0.000000000000000000e+00
4.858436144441963550e-07 7.806827572133443278e-07 1.208725692236276440e-06
8.138768947293622719e-07 4.486946435919358304e-07 6.065654865392277337e-07
3.269233131738610488e-07 5.635487851262792984e-07 6.103509911028204867e-07
3.285666968296269651e-07 3.402558823204652227e-07 0.000000000000000000e+00
5.781387156882003579e-07 2.277823798695338674e-07 0.000000000000000000e+00
5.813237202345725545e-07 4.580314363992573446e-07 6.187205517111522505e-07
4.170046453265003938e-07 9.218103732817597364e-07 6.242041099506429377e-07
4.193498344509725566e-07 5.790550095535120483e-07 6.253548931323427961e-07
5.905025137243952926e-07 5.815651017752710478e-07 6.309962003548659938e-07
8.477575517221791519e-07 3.499923132885207552e-07 0.000000000000000000e+00
7.661094359470850987e-07 4.701055281247457146e-07 1.271261365381735029e-06
5.141531114806566187e-07 9.443852659195466214e-07 0.000000000000000000e+00
7.746816546195914887e-07 4.748592464640593578e-07 1.284969139015107413e-06
3.458192512553528439e-07 7.158858776581486360e-07 1.289641081255593836e-06
5.212990486294250251e-07 7.191069004555020950e-07 0.000000000000000000e+00
3.496410729569811296e-07 4.819747604822490260e-07 0.000000000000000000e+00
3.514984634792798031e-07 1.212427248115720458e-07 1.312998260676147444e-06
5.295312549272743374e-07 2.435030611067389260e-07 1.316539163708342198e-06
3.546992657912813979e-07 0.000000000000000000e+00 6.618180148112805090e-07
6.238117946915527126e-07 6.143003144152704648e-07 0.000000000000000000e+00
1.792405020337523341e-07 7.405847798680883893e-07 0.000000000000000000e+00
3.596514943922330993e-07 2.483533481198206377e-07 6.734495048739255941e-07
1.808566694246643950e-07 2.496532120865241710e-07 0.000000000000000000e+00
1.816049774474720873e-07 5.014454084602474740e-07 0.000000000000000000e+00
9.140987808460379824e-08 5.042551302602409796e-07 0.000000000000000000e+00
3.674135190008028673e-07 5.065525580963809222e-07 0.000000000000000000e+00
5.538232068328144421e-07 3.812884821433382977e-07 6.898769421525217871e-07
1.852976817342685927e-07 6.395513509645922327e-07 6.921629710948331233e-07
9.311784891301717610e-08 7.716981854540543824e-07 0.000000000000000000e+00
2.804383628475391313e-07 3.872340829604177750e-07 0.000000000000000000e+00
4.700431529383994708e-07 1.298615804033587176e-07 0.000000000000000000e+00
7.555470000988032524e-07 2.607260874552153312e-07 0.000000000000000000e+00
1.899751639195034330e-07 1.307900115283925813e-07 7.099056788723598950e-07
5.728842415060681564e-07 3.951148365626982429e-07 0.000000000000000000e+00
1.920603341011787021e-07 0.000000000000000000e+00 0.000000000000000000e+00
9.612189866812160850e-08 2.656681347584065963e-07 0.000000000000000000e+00
2.904985721625496149e-07 1.332650790052805800e-07 0.000000000000000000e+00
4.866292776094387581e-07 4.023879112038164405e-07 7.275969267112422333e-07
3.909929362349445382e-07 4.045290224851434501e-07 0.000000000000000000e+00
9.835517826717381239e-08 1.353794549004526583e-07 0.000000000000000000e+00
3.950187862066751289e-07 0.000000000000000000e+00 0.000000000000000000e+00
2.969807097440340924e-07 2.732198842809261103e-07 7.393729507714046477e-07
3.980377894048460768e-07 2.747375205595216297e-07 0.000000000000000000e+00
2.000285915025591226e-07 4.140794942579066335e-07 0.000000000000000000e+00
2.011718997207117481e-07 5.546654515236068552e-07 0.000000000000000000e+00
2.021492363696747200e-07 4.174693201888877255e-07 7.526462588587160575e-07
1.013099709096080842e-07 2.794721768765042999e-07 0.000000000000000000e+00
3.063650817642666648e-07 9.837214713696050096e-07 1.523874789225706177e-06
2.051333560833699943e-07 2.824159234632114992e-07 0.000000000000000000e+00
4.113481903983737163e-07 0.000000000000000000e+00 7.671707382231377906e-07
1.032407229027233405e-07 1.427663388253220415e-07 7.731331826778220658e-07
1.039837679231655144e-07 1.433447121314458335e-07 0.000000000000000000e+00
4.175399764862337421e-07 2.879540569452603176e-07 0.000000000000000000e+00
1.046337246293431642e-07 1.445842448337067147e-07 0.000000000000000000e+00
3.154539750457677335e-07 1.451662851211888345e-07 7.859875691822327678e-07
2.113404275626900474e-07 2.912071948174937954e-07 1.579585419550090331e-06
2.124193088893456013e-07 2.933328699915219696e-07 0.000000000000000000e+00
2.136168543219241619e-07 0.000000000000000000e+00 0.000000000000000000e+00
3.219358884088123480e-07 1.479335757436073920e-07 0.000000000000000000e+00
0.000000000000000000e+00 2.973661617712363288e-07 1.608324159765002879e-06
1.083031119500928813e-07 0.000000000000000000e+00 0.000000000000000000e+00
2.174641537196434206e-07 4.496480478745996502e-07 0.000000000000000000e+00
3.270946721165821802e-07 3.014270187184603890e-07 1.628842590203039824e-06
3.289736016227672103e-07 0.000000000000000000e+00 0.000000000000000000e+00
1.099651530324506046e-07 1.517541838123725962e-07 0.000000000000000000e+00
1.106532014736722122e-07 1.526218911271992058e-07 8.250396766174515200e-07
2.219763483771010471e-07 3.064670067938463812e-07 0.000000000000000000e+00
1.113829002418185164e-07 0.000000000000000000e+00 0.000000000000000000e+00
0.000000000000000000e+00 1.545832768399763659e-07 0.000000000000000000e+00
2.250832057903292600e-07 0.000000000000000000e+00 0.000000000000000000e+00
1.130086170610533176e-07 0.000000000000000000e+00 0.000000000000000000e+00
1.134069200991208992e-07 4.696990983183669029e-07 0.000000000000000000e+00
2.282913678974510982e-07 0.000000000000000000e+00 0.000000000000000000e+00
1.143857238023295431e-07 1.577696275797302465e-07 0.000000000000000000e+00
2.302151621121020900e-07 0.000000000000000000e+00 0.000000000000000000e+00
0.000000000000000000e+00 0.000000000000000000e+00 8.626329674091000311e-07
0.000000000000000000e+00 0.000000000000000000e+00 0.000000000000000000e+00
0.000000000000000000e+00 0.000000000000000000e+00 8.725776496176790210e-07
0.000000000000000000e+00 0.000000000000000000e+00 0.000000000000000000e+00
2.350598937364635667e-07 1.624139573045191083e-07 0.000000000000000000e+00
0.000000000000000000e+00 3.258653623359952620e-07 0.000000000000000000e+00
0.000000000000000000e+00 0.000000000000000000e+00 0.000000000000000000e+00
1.190567343076710794e-07 0.000000000000000000e+00 0.000000000000000000e+00
1.198545692059594841e-07 0.000000000000000000e+00 0.000000000000000000e+00
0.000000000000000000e+00 0.000000000000000000e+00 0.000000000000000000e+00
0.000000000000000000e+00 1.665011015318098599e-07 0.000000000000000000e+00
1.209430770360265226e-07 3.338820213211603720e-07 0.000000000000000000e+00
0.000000000000000000e+00 0.000000000000000000e+00 0.000000000000000000e+00
1.219538108464472839e-07 3.370135171118465955e-07 0.000000000000000000e+00
2.457714812675267624e-07 0.000000000000000000e+00 0.000000000000000000e+00
1.231348543273585375e-07 0.000000000000000000e+00 0.000000000000000000e+00
0.000000000000000000e+00 0.000000000000000000e+00 0.000000000000000000e+00
0.000000000000000000e+00 0.000000000000000000e+00 0.000000000000000000e+00
0.000000000000000000e+00 0.000000000000000000e+00 0.000000000000000000e+00
0.000000000000000000e+00 0.000000000000000000e+00 0.000000000000000000e+00
2.515525674899799134e-07 0.000000000000000000e+00 0.000000000000000000e+00
0.000000000000000000e+00 0.000000000000000000e+00 0.000000000000000000e+00
0.000000000000000000e+00 0.000000000000000000e+00 0.000000000000000000e+00
0.000000000000000000e+00 0.000000000000000000e+00 0.000000000000000000e+00
0.000000000000000000e+00 0.000000000000000000e+00 0.000000000000000000e+00
1.284457229505477931e-07 0.000000000000000000e+00 0.000000000000000000e+00
0.000000000000000000e+00 0.000000000000000000e+00 9.622628039601304197e-07
1.298069530993993235e-07 0.000000000000000000e+00 0.000000000000000000e+00
2.599979188147334272e-07 0.000000000000000000e+00 0.000000000000000000e+00
0.000000000000000000e+00 0.000000000000000000e+00 0.000000000000000000e+00
1.314112754505391304e-07 0.000000000000000000e+00 0.000000000000000000e+00
1.314756532942524869e-07 0.000000000000000000e+00 0.000000000000000000e+00
0.000000000000000000e+00 0.000000000000000000e+00 0.000000000000000000e+00
2.655762406233687018e-07 1.829113926743400901e-07 0.000000000000000000e+00
1.332198143802367806e-07 0.000000000000000000e+00 0.000000000000000000e+00
0.000000000000000000e+00 1.844306208769904018e-07 0.000000000000000000e+00
0.000000000000000000e+00 0.000000000000000000e+00 0.000000000000000000e+00
1.349102392398718709e-07 0.000000000000000000e+00 0.000000000000000000e+00
1.356286272387473270e-07 0.000000000000000000e+00 0.000000000000000000e+00
0.000000000000000000e+00 0.000000000000000000e+00 0.000000000000000000e+00
0.000000000000000000e+00 0.000000000000000000e+00 0.000000000000000000e+00
0.000000000000000000e+00 1.890864491731004645e-07 0.000000000000000000e+00
1.375317031440362569e-07 0.000000000000000000e+00 0.000000000000000000e+00
0.000000000000000000e+00 0.000000000000000000e+00 0.000000000000000000e+00
0.000000000000000000e+00 0.000000000000000000e+00 0.000000000000000000e+00
1.392933593993085439e-07 0.000000000000000000e+00 0.000000000000000000e+00
1.397797802842709748e-07 0.000000000000000000e+00 0.000000000000000000e+00
0.000000000000000000e+00 0.000000000000000000e+00 0.000000000000000000e+00
0.000000000000000000e+00 0.000000000000000000e+00 0.000000000000000000e+00
0.000000000000000000e+00 1.949034519976832658e-07 0.000000000000000000e+00
0.000000000000000000e+00 0.000000000000000000e+00 0.000000000000000000e+00
0.000000000000000000e+00 0.000000000000000000e+00 0.000000000000000000e+00
1.432084656063362668e-07 0.000000000000000000e+00 0.000000000000000000e+00
0.000000000000000000e+00 0.000000000000000000e+00 0.000000000000000000e+00
0.000000000000000000e+00 1.989130714560400724e-07 1.079402797253982061e-06
0.000000000000000000e+00 1.999063161142322116e-07 0.000000000000000000e+00
0.000000000000000000e+00 0.000000000000000000e+00 0.000000000000000000e+00
0.000000000000000000e+00 0.000000000000000000e+00 0.000000000000000000e+00
1.467920604706521774e-07 0.000000000000000000e+00 0.000000000000000000e+00
0.000000000000000000e+00 0.000000000000000000e+00 0.000000000000000000e+00
0.000000000000000000e+00 0.000000000000000000e+00 0.000000000000000000e+00
0.000000000000000000e+00 0.000000000000000000e+00 0.000000000000000000e+00
0.000000000000000000e+00 0.000000000000000000e+00 0.000000000000000000e+00
1.492285905820932579e-07 0.000000000000000000e+00 1.114301977733784156e-06
0.000000000000000000e+00 0.000000000000000000e+00 0.000000000000000000e+00
0.000000000000000000e+00 0.000000000000000000e+00 0.000000000000000000e+00
0.000000000000000000e+00 0.000000000000000000e+00 1.130239348396075152e-06
0.000000000000000000e+00 0.000000000000000000e+00 0.000000000000000000e+00
3.048937218238621731e-07 0.000000000000000000e+00 0.000000000000000000e+00
0.000000000000000000e+00 0.000000000000000000e+00 0.000000000000000000e+00
0.000000000000000000e+00 2.116982652694259894e-07 0.000000000000000000e+00
0.000000000000000000e+00 0.000000000000000000e+00 0.000000000000000000e+00
0.000000000000000000e+00 0.000000000000000000e+00 0.000000000000000000e+00
1.551860675243668920e-07 0.000000000000000000e+00 0.000000000000000000e+00
3.113522831867287460e-07 0.000000000000000000e+00 0.000000000000000000e+00
1.565413979255176002e-07 0.000000000000000000e+00 0.000000000000000000e+00
1.569866668440722569e-07 0.000000000000000000e+00 0.000000000000000000e+00
0.000000000000000000e+00 0.000000000000000000e+00 0.000000000000000000e+00
0.000000000000000000e+00 0.000000000000000000e+00 0.000000000000000000e+00
0.000000000000000000e+00 2.190852554836101041e-07 0.000000000000000000e+00
0.000000000000000000e+00 0.000000000000000000e+00 0.000000000000000000e+00
0.000000000000000000e+00 4.408097579925451143e-07 0.000000000000000000e+00
1.603818945708033261e-07 0.000000000000000000e+00 0.000000000000000000e+00
0.000000000000000000e+00 0.000000000000000000e+00 0.000000000000000000e+00
0.000000000000000000e+00 0.000000000000000000e+00 0.000000000000000000e+00
0.000000000000000000e+00 0.000000000000000000e+00 0.000000000000000000e+00
0.000000000000000000e+00 0.000000000000000000e+00 0.000000000000000000e+00
0.000000000000000000e+00 0.000000000000000000e+00 0.000000000000000000e+00
0.000000000000000000e+00 0.000000000000000000e+00 0.000000000000000000e+00
1.646289736952219512e-07 0.000000000000000000e+00 0.000000000000000000e+00
0.000000000000000000e+00 2.282231073052443195e-07 0.000000000000000000e+00
0.000000000000000000e+00 0.000000000000000000e+00 0.000000000000000000e+00
0.000000000000000000e+00 0.000000000000000000e+00 0.000000000000000000e+00
0.000000000000000000e+00 0.000000000000000000e+00 0.000000000000000000e+00
0.000000000000000000e+00 0.000000000000000000e+00 0.000000000000000000e+00
0.000000000000000000e+00 0.000000000000000000e+00 0.000000000000000000e+00
0.000000000000000000e+00 0.000000000000000000e+00 0.000000000000000000e+00
0.000000000000000000e+00 2.335333564965039512e-07 0.000000000000000000e+00
0.000000000000000000e+00 0.000000000000000000e+00 0.000000000000000000e+00
0.000000000000000000e+00 0.000000000000000000e+00 0.000000000000000000e+00
0.000000000000000000e+00 0.000000000000000000e+00 0.000000000000000000e+00
0.000000000000000000e+00 0.000000000000000000e+00 0.000000000000000000e+00
0.000000000000000000e+00 2.378526450420050935e-07 0.000000000000000000e+00
0.000000000000000000e+00 0.000000000000000000e+00 0.000000000000000000e+00
0.000000000000000000e+00 0.000000000000000000e+00 0.000000000000000000e+00
0.000000000000000000e+00 0.000000000000000000e+00 0.000000000000000000e+00
0.000000000000000000e+00 0.000000000000000000e+00 0.000000000000000000e+00
0.000000000000000000e+00 0.000000000000000000e+00 0.000000000000000000e+00
0.000000000000000000e+00 0.000000000000000000e+00 0.000000000000000000e+00
0.000000000000000000e+00 0.000000000000000000e+00 0.000000000000000000e+00
0.000000000000000000e+00 0.000000000000000000e+00 0.000000000000000000e+00
1.783775413130485941e-07 0.000000000000000000e+00 0.000000000000000000e+00
0.000000000000000000e+00 0.000000000000000000e+00 0.000000000000000000e+00
1.793036887170034986e-07 0.000000000000000000e+00 0.000000000000000000e+00
0.000000000000000000e+00 0.000000000000000000e+00 0.000000000000000000e+00
0.000000000000000000e+00 0.000000000000000000e+00 0.000000000000000000e+00
0.000000000000000000e+00 0.000000000000000000e+00 0.000000000000000000e+00
0.000000000000000000e+00 0.000000000000000000e+00 0.000000000000000000e+00
0.000000000000000000e+00 0.000000000000000000e+00 0.000000000000000000e+00
0.000000000000000000e+00 0.000000000000000000e+00 0.000000000000000000e+00
0.000000000000000000e+00 2.532118761782936108e-07 0.000000000000000000e+00
0.000000000000000000e+00 0.000000000000000000e+00 0.000000000000000000e+00
0.000000000000000000e+00 0.000000000000000000e+00 0.000000000000000000e+00
3.709426165222683640e-07 0.000000000000000000e+00 0.000000000000000000e+00
0.000000000000000000e+00 0.000000000000000000e+00 0.000000000000000000e+00
0.000000000000000000e+00 0.000000000000000000e+00 0.000000000000000000e+00
0.000000000000000000e+00 0.000000000000000000e+00 0.000000000000000000e+00
0.000000000000000000e+00 0.000000000000000000e+00 0.000000000000000000e+00
0.000000000000000000e+00 0.000000000000000000e+00 0.000000000000000000e+00
0.000000000000000000e+00 0.000000000000000000e+00 0.000000000000000000e+00
0.000000000000000000e+00 0.000000000000000000e+00 0.000000000000000000e+00
0.000000000000000000e+00 0.000000000000000000e+00 0.000000000000000000e+00
0.000000000000000000e+00 0.000000000000000000e+00 0.000000000000000000e+00
0.000000000000000000e+00 0.000000000000000000e+00 0.000000000000000000e+00
0.000000000000000000e+00 0.000000000000000000e+00 0.000000000000000000e+00
0.000000000000000000e+00 0.000000000000000000e+00 0.000000000000000000e+00
0.000000000000000000e+00 0.000000000000000000e+00 0.000000000000000000e+00
0.000000000000000000e+00 0.000000000000000000e+00 0.000000000000000000e+00
0.000000000000000000e+00 0.000000000000000000e+00 0.000000000000000000e+00
0.000000000000000000e+00 0.000000000000000000e+00 0.000000000000000000e+00
0.000000000000000000e+00 0.000000000000000000e+00 0.000000000000000000e+00
0.000000000000000000e+00 0.000000000000000000e+00 0.000000000000000000e+00
0.000000000000000000e+00 0.000000000000000000e+00 0.000000000000000000e+00
0.000000000000000000e+00 0.000000000000000000e+00 0.000000000000000000e+00
0.000000000000000000e+00 0.000000000000000000e+00 0.000000000000000000e+00
0.000000000000000000e+00 0.000000000000000000e+00 0.000000000000000000e+00
0.000000000000000000e+00 0.000000000000000000e+00 0.000000000000000000e+00
0.000000000000000000e+00 0.000000000000000000e+00 0.000000000000000000e+00
0.000000000000000000e+00 0.000000000000000000e+00 0.000000000000000000e+00
0.000000000000000000e+00 0.000000000000000000e+00 0.000000000000000000e+00
0.000000000000000000e+00 0.000000000000000000e+00 0.000000000000000000e+00
0.000000000000000000e+00 0.000000000000000000e+00 0.000000000000000000e+00
0.000000000000000000e+00 0.000000000000000000e+00 0.000000000000000000e+00
0.000000000000000000e+00 0.000000000000000000e+00 0.000000000000000000e+00
0.000000000000000000e+00 0.000000000000000000e+00 0.000000000000000000e+00
0.000000000000000000e+00 0.000000000000000000e+00 0.000000000000000000e+00
2.075285730713995748e-07 0.000000000000000000e+00 0.000000000000000000e+00
0.000000000000000000e+00 0.000000000000000000e+00 0.000000000000000000e+00
0.000000000000000000e+00 0.000000000000000000e+00 0.000000000000000000e+00
0.000000000000000000e+00 0.000000000000000000e+00 0.000000000000000000e+00
0.000000000000000000e+00 0.000000000000000000e+00 0.000000000000000000e+00
0.000000000000000000e+00 0.000000000000000000e+00 0.000000000000000000e+00
0.000000000000000000e+00 0.000000000000000000e+00 0.000000000000000000e+00
0.000000000000000000e+00 0.000000000000000000e+00 0.000000000000000000e+00
0.000000000000000000e+00 0.000000000000000000e+00 0.000000000000000000e+00
0.000000000000000000e+00 0.000000000000000000e+00 0.000000000000000000e+00
0.000000000000000000e+00 0.000000000000000000e+00 0.000000000000000000e+00
0.000000000000000000e+00 0.000000000000000000e+00 0.000000000000000000e+00
0.000000000000000000e+00 0.000000000000000000e+00 0.000000000000000000e+00
0.000000000000000000e+00 0.000000000000000000e+00 0.000000000000000000e+00
0.000000000000000000e+00 0.000000000000000000e+00 0.000000000000000000e+00
0.000000000000000000e+00 0.000000000000000000e+00 0.000000000000000000e+00
0.000000000000000000e+00 0.000000000000000000e+00 0.000000000000000000e+00
0.000000000000000000e+00 0.000000000000000000e+00 0.000000000000000000e+00
0.000000000000000000e+00 0.000000000000000000e+00 0.000000000000000000e+00
0.000000000000000000e+00 0.000000000000000000e+00 0.000000000000000000e+00
0.000000000000000000e+00 0.000000000000000000e+00 0.000000000000000000e+00
0.000000000000000000e+00 0.000000000000000000e+00 0.000000000000000000e+00
0.000000000000000000e+00 0.000000000000000000e+00 0.000000000000000000e+00
0.000000000000000000e+00 0.000000000000000000e+00 0.000000000000000000e+00
0.000000000000000000e+00 0.000000000000000000e+00 0.000000000000000000e+00
0.000000000000000000e+00 0.000000000000000000e+00 0.000000000000000000e+00
0.000000000000000000e+00 0.000000000000000000e+00 0.000000000000000000e+00
0.000000000000000000e+00 0.000000000000000000e+00 0.000000000000000000e+00
0.000000000000000000e+00 0.000000000000000000e+00 0.000000000000000000e+00
0.000000000000000000e+00 0.000000000000000000e+00 0.000000000000000000e+00
0.000000000000000000e+00 0.000000000000000000e+00 0.000000000000000000e+00
0.000000000000000000e+00 0.000000000000000000e+00 0.000000000000000000e+00
0.000000000000000000e+00 0.000000000000000000e+00 0.000000000000000000e+00
0.000000000000000000e+00 0.000000000000000000e+00 0.000000000000000000e+00
0.000000000000000000e+00 0.000000000000000000e+00 0.000000000000000000e+00
0.000000000000000000e+00 0.000000000000000000e+00 0.000000000000000000e+00
0.000000000000000000e+00 0.000000000000000000e+00 0.000000000000000000e+00
0.000000000000000000e+00 0.000000000000000000e+00 0.000000000000000000e+00
0.000000000000000000e+00 0.000000000000000000e+00 0.000000000000000000e+00
0.000000000000000000e+00 0.000000000000000000e+00 0.000000000000000000e+00
0.000000000000000000e+00 0.000000000000000000e+00 0.000000000000000000e+00
0.000000000000000000e+00 0.000000000000000000e+00 0.000000000000000000e+00
0.000000000000000000e+00 0.000000000000000000e+00 0.000000000000000000e+00
0.000000000000000000e+00 0.000000000000000000e+00 0.000000000000000000e+00
0.000000000000000000e+00 0.000000000000000000e+00 0.000000000000000000e+00
0.000000000000000000e+00 0.000000000000000000e+00 0.000000000000000000e+00
0.000000000000000000e+00 0.000000000000000000e+00 0.000000000000000000e+00
0.000000000000000000e+00 0.000000000000000000e+00 0.000000000000000000e+00
0.000000000000000000e+00 0.000000000000000000e+00 0.000000000000000000e+00
0.000000000000000000e+00 0.000000000000000000e+00 0.000000000000000000e+00
0.000000000000000000e+00 0.000000000000000000e+00 0.000000000000000000e+00
0.000000000000000000e+00 0.000000000000000000e+00 0.000000000000000000e+00
0.000000000000000000e+00 0.000000000000000000e+00 0.000000000000000000e+00
0.000000000000000000e+00 0.000000000000000000e+00 0.000000000000000000e+00
0.000000000000000000e+00 0.000000000000000000e+00 0.000000000000000000e+00
0.000000000000000000e+00 0.000000000000000000e+00 0.000000000000000000e+00
0.000000000000000000e+00 0.000000000000000000e+00 0.000000000000000000e+00
0.000000000000000000e+00 0.000000000000000000e+00 0.000000000000000000e+00
0.000000000000000000e+00 0.000000000000000000e+00 0.000000000000000000e+00
0.000000000000000000e+00 0.000000000000000000e+00 0.000000000000000000e+00
0.000000000000000000e+00 0.000000000000000000e+00 0.000000000000000000e+00
0.000000000000000000e+00 0.000000000000000000e+00 0.000000000000000000e+00
0.000000000000000000e+00 0.000000000000000000e+00 0.000000000000000000e+00
0.000000000000000000e+00 0.000000000000000000e+00 0.000000000000000000e+00
0.000000000000000000e+00 0.000000000000000000e+00 0.000000000000000000e+00
0.000000000000000000e+00 0.000000000000000000e+00 0.000000000000000000e+00
0.000000000000000000e+00 0.000000000000000000e+00 0.000000000000000000e+00
0.000000000000000000e+00 0.000000000000000000e+00 0.000000000000000000e+00
0.000000000000000000e+00 0.000000000000000000e+00 0.000000000000000000e+00
0.000000000000000000e+00 0.000000000000000000e+00 0.000000000000000000e+00
0.000000000000000000e+00 0.000000000000000000e+00 0.000000000000000000e+00
0.000000000000000000e+00 0.000000000000000000e+00 0.000000000000000000e+00
0.000000000000000000e+00 0.000000000000000000e+00 0.000000000000000000e+00
0.000000000000000000e+00 0.000000000000000000e+00 0.000000000000000000e+00
0.000000000000000000e+00 0.000000000000000000e+00 0.000000000000000000e+00
0.000000000000000000e+00 0.000000000000000000e+00 0.000000000000000000e+00
0.000000000000000000e+00 0.000000000000000000e+00 0.000000000000000000e+00
0.000000000000000000e+00 0.000000000000000000e+00 0.000000000000000000e+00
0.000000000000000000e+00 0.000000000000000000e+00 0.000000000000000000e+00
0.000000000000000000e+00 0.000000000000000000e+00 0.000000000000000000e+00
0.000000000000000000e+00 0.000000000000000000e+00 0.000000000000000000e+00
0.000000000000000000e+00 0.000000000000000000e+00 0.000000000000000000e+00
0.000000000000000000e+00 0.000000000000000000e+00 0.000000000000000000e+00
0.000000000000000000e+00 0.000000000000000000e+00 0.000000000000000000e+00
0.000000000000000000e+00 0.000000000000000000e+00 0.000000000000000000e+00
0.000000000000000000e+00 0.000000000000000000e+00 0.000000000000000000e+00
