2.322195064734141445e-08 1.607168911903349049e-08 1.196725551626516971e-09
1.676051237921616968e-07 1.190973250705080535e-07 1.829798266836257719e-08
4.541756995148028786e-07 3.319537397188654955e-07 7.419401978321569692e-08
8.790492964903581337e-07 6.612496100652504253e-07 1.920420076181818955e-07
1.434353433925204707e-06 1.107000907818293709e-06 3.885281279402170874e-07
2.113683258496985383e-06 1.666357124420636929e-06 6.697831486343991865e-07
2.914988795489611885e-06 2.343614993300471769e-06 1.061689509401762013e-06
3.819740884083578972e-06 3.121373646082843417e-06 1.554469736117773172e-06
4.850739259685415881e-06 4.018656569330193410e-06 2.155175821715005486e-06
5.966935687563598741e-06 5.017126439569492948e-06 2.863219249440918144e-06
7.158862351083857625e-06 6.141976299224243839e-06 3.700357713614438962e-06
8.405920627889262441e-06 7.316404603781358059e-06 4.646812145074992521e-06
9.795598043162387719e-06 8.603182234621383997e-06 5.654991439738755066e-06
1.121688523872837734e-05 9.946381104762686497e-06 6.889570749256765916e-06
1.270775410600602905e-05 1.141075052743449135e-05 8.024145672924735137e-06
1.420193594224235356e-05 1.287212673765565165e-05 9.536625745994501378e-06
1.581624776052819440e-05 1.449611607094506776e-05 1.083799559650620208e-05
1.739973126367477360e-05 1.607040767816915038e-05 1.249264538701858733e-05
1.908035254161676958e-05 1.774876089597286004e-05 1.384691786916915995e-05
2.073085861680143698e-05 1.950121246965187991e-05 1.584180074264543491e-05
2.241099395625969598e-05 2.120725617240996062e-05 1.747288301921543388e-05
2.409946276044271855e-05 2.289095356426031481e-05 1.910854939900973604e-05
2.578048826832820168e-05 2.474175986454996335e-05 2.085553949036279643e-05
2.757014289737714033e-05 2.653337189343555656e-05 2.289545905878735178e-05
2.919526970852193200e-05 2.826141306780258767e-05 2.445474817881534280e-05
3.096123076765950200e-05 3.014259526760790784e-05 2.659626405379725424e-05
3.267330571644488647e-05 3.189881406424382906e-05 2.872009587372000030e-05
3.438835939079668062e-05 3.363440310022849309e-05 3.052722884657211184e-05
3.597981853904227398e-05 3.544037364042146543e-05 3.210110417460900579e-05
3.753512887200041135e-05 3.725832143589194294e-05 3.427819642372118686e-05
3.919800343524496071e-05 3.907225359726855220e-05 3.644850704135177671e-05
4.074286127413099780e-05 4.065962019116173710e-05 3.799480559108596840e-05
4.249333947447910052e-05 4.241539346235385043e-05 3.987799267374199835e-05
4.384724671602163802e-05 4.422227758886994488e-05 4.161221794340777422e-05
4.553615637005045886e-05 4.551356922723330441e-05 4.366829652388343267e-05
4.697276857753285160e-05 4.743223376787552951e-05 4.590703649570761235e-05
4.842073579282726810e-05 4.902453533309584919e-05 4.708733147275066051e-05
4.983017437331833141e-05 5.052614404426108763e-05 4.876019336314289451e-05
5.106977884403393901e-05 5.199320783858201958e-05 5.040864190482680074e-05
5.246303017608995492e-05 5.346508615517138674e-05 5.199416385215619872e-05
5.370723086612928652e-05 5.487197343431213074e-05 5.350079648128224717e-05
5.493003867461073234e-05 5.594972807273679332e-05 5.538515139790377501e-05
5.599066700787902137e-05 5.733352967602354296e-05 5.600365798876058999e-05
5.716253966199303017e-05 5.840571525626412264e-05 5.826480806743576250e-05
5.816779460040681524e-05 5.988839087824978415e-05 5.919793844583976449e-05
5.952708326257347956e-05 6.116950633286128249e-05 6.124727941698257137e-05
6.039253645819103451e-05 6.204560248126341220e-05 6.236087030901407105e-05
6.114616395617613720e-05 6.299997462742304921e-05 6.382844125554287330e-05
6.222291697486530358e-05 6.424341500337967155e-05 6.515743395425131713e-05
6.308680925408050749e-05 6.499004667932846576e-05 6.727535994323576203e-05
6.375113420812283905e-05 6.577077127393484400e-05 6.626735327612724518e-05
6.442593075826205597e-05 6.664727457832028646e-05 6.874238837727317220e-05
6.483329951582705126e-05 6.733500145433286138e-05 6.885001488029248004e-05
6.558498513014025149e-05 6.823503207508202430e-05 7.017109304555109808e-05
6.660525839645236408e-05 6.869301246080956630e-05 7.031106416492077067e-05
6.707936530739339747e-05 6.954045545410744082e-05 7.129240580357643249e-05
6.720887721119572897e-05 7.051044064011177453e-05 7.302831997306733533e-05
6.814759640710149038e-05 7.058903925527228911e-05 7.294857551992137243e-05
6.874316279873986398e-05 7.129341587483705974e-05 7.374445046991232554e-05
6.872169569611694746e-05 7.149148659566169665e-05 7.405239460194441078e-05
6.940197544177232627e-05 7.199436244346144910e-05 7.503354638879390799e-05
6.924083639949891675e-05 7.246785534586211398e-05 7.489611169077988449e-05
7.000445724080972478e-05 7.279554655366278482e-05 7.541892639928661675e-05
7.035210784144298993e-05 7.352131232294261711e-05 7.659790648755991345e-05
7.012206421786116228e-05 7.297704285034561618e-05 7.742847120578092834e-05
7.038581688632079174e-05 7.393351745034419512e-05 7.786108917617683796e-05
7.063704750486945831e-05 7.384501171592485630e-05 7.768751651206803714e-05
7.059925653556266929e-05 7.379214278422403393e-05 7.672868693872763614e-05
7.060249912470682883e-05 7.349002306617402787e-05 7.753846356128471062e-05
7.104085154806978055e-05 7.428962887501943519e-05 7.647355710525240364e-05
7.142110172586277914e-05 7.350347944426592237e-05 7.692670319735563902e-05
7.080750034881203958e-05 7.366877192421645540e-05 7.814191819583736552e-05
7.095711867230338041e-05 7.391012802055551667e-05 7.818085229908846960e-05
7.060713355567094088e-05 7.329925284737906532e-05 7.517296574362633598e-05
7.050784370544576620e-05 7.385446092505325332e-05 7.671496909505867408e-05
7.043809344292096836e-05 7.304042843256097230e-05 7.671682340719969851e-05
7.107406282299178098e-05 7.292101874107970790e-05 7.653429375194526331e-05
7.068623309063279425e-05 7.352364096327768691e-05 7.654197560814605266e-05
7.008442210117302661e-05 7.301630824506851500e-05 7.484960778412654947e-05
7.062016561720641634e-05 7.253501092242149175e-05 7.498579164666923985e-05
6.944804511849576184e-05 7.295354441655421424e-05 7.689390605991958051e-05
6.996868971773761287e-05 7.204603348896327860e-05 7.549845338013004374e-05
6.935853826977355697e-05 7.166496775005501570e-05 7.512135038026083067e-05
6.911607687877341464e-05 7.162016745799711700e-05 7.345299449873741733e-05
6.893169082502849702e-05 7.035119265415799850e-05 7.520706841714922474e-05
6.856175161880049293e-05 7.086455393974467817e-05 7.476657457762279414e-05
6.779305047242794701e-05 7.010769872169158754e-05 7.404409688852825835e-05
6.766986696275671730e-05 7.022944118240776693e-05 7.204593538009386141e-05
6.757814210030005549e-05 6.965075575466040368e-05 7.421152983899280062e-05
6.712555085225548447e-05 6.942564103169734881e-05 7.222398789400022228e-05
6.699132091065806917e-05 6.894308658948346117e-05 7.220271691986389904e-05
6.648043494256838492e-05 6.816103861323103449e-05 7.060104079543760890e-05
6.535519436110105273e-05 6.778977219491486071e-05 7.120102155258016682e-05
6.536640252056476902e-05 6.686430981965508136e-05 6.987421885841517118e-05
6.503351032038797005e-05 6.657448784582485678e-05 6.977614677404905482e-05
6.449037604446429940e-05 6.600972331914193865e-05 6.982268168785443600e-05
6.362988123675633405e-05 6.592397080567467197e-05 6.902140049114887255e-05
6.340073885253131756e-05 6.505923900643400344e-05 6.832185900880546490e-05
6.281188586557689025e-05 6.457967685113051527e-05 6.722919186681386222e-05
6.283348659799834466e-05 6.391575234843515220e-05 6.701726029492313349e-05
6.163446275625417343e-05 6.356599400954133605e-05 6.337880108937654470e-05
6.140304088514812633e-05 6.303828864125202852e-05 6.509877761989864124e-05
6.063878586029304324e-05 6.255149236194218313e-05 6.503012675698147680e-05
6.025936441427508933e-05 6.201351460001265777e-05 6.305440302183742973e-05
5.954402787878911198e-05 6.185839368778769509e-05 6.292563882533595777e-05
5.906523299206448900e-05 5.999336896127608883e-05 6.174190974877311771e-05
5.882821519581869085e-05 5.983927720189613589e-05 5.996373993905843171e-05
5.836505036862140453e-05 5.922609296925733849e-05 6.023879247921408876e-05
5.700651463944049512e-05 5.899828187179057709e-05 6.151105784372078113e-05
5.765479312131822833e-05 5.785424386073169612e-05 6.060643180661373555e-05
5.682145962682005365e-05 5.715415386893562058e-05 5.932725103991262237e-05
5.671879031520110799e-05 5.747325222502802384e-05 5.649858183290051709e-05
5.576516415408776229e-05 5.630048437590305454e-05 5.740982885193131547e-05
5.479401711910911985e-05 5.543196780225788129e-05 5.639416465653640742e-05
5.414194127131083595e-05 5.512493122069922811e-05 5.465469333684712519e-05
5.406546610867011193e-05 5.425559957058075306e-05 5.698644967612774760e-05
5.285172231430140170e-05 5.419358963666607952e-05 5.381212610732381488e-05
5.280781192079016012e-05 5.315047730977830827e-05 5.481765694533542537e-05
5.231655191535886584e-05 5.277096551670891993e-05 5.416778594961712677e-05
5.179343267257118254e-05 5.191969081215937730e-05 5.238366535920430670e-05
5.226782312163827902e-05 5.083500491073207590e-05 5.280856368199712911e-05
4.999019571211809596e-05 5.052845347289279618e-05 5.256467950134232595e-05
5.039198007033865944e-05 4.972467067113033989e-05 5.097323303083535224e-05
4.947699139036017816e-05 4.920350251034103997e-05 5.036545373320105913e-05
4.845769988514846003e-05 4.772614398783369717e-05 4.917052483962127199e-05
4.859604405014477800e-05 4.783063956325959905e-05 4.983749567041094978e-05
4.748069087354240213e-05 4.722592904086271652e-05 4.960412340436444668e-05
4.758491150150291480e-05 4.703758746704644157e-05 4.904520166034333358e-05
4.677353945495254497e-05 4.599426049453340828e-05 4.694345284839862603e-05
4.579081002046535558e-05 4.507621296960649551e-05 4.746938606955628388e-05
4.504035498931416455e-05 4.617245838800921562e-05 4.488333802845609387e-05
4.417872193443449778e-05 4.436740638068697892e-05 4.431349796239029688e-05
4.398693839269878707e-05 4.453261742316055139e-05 4.330731166648180434e-05
4.398301482402022810e-05 4.343813347491643558e-05 4.433138900380831810e-05
4.304038384565494894e-05 4.270576167924745040e-05 4.289915518868670706e-05
4.263918983482720913e-05 4.143017225989298325e-05 4.334375378620078389e-05
4.258133760833393268e-05 4.164965401126690314e-05 4.240362852201795367e-05
4.192669049889706512e-05 4.185478996815173445e-05 4.205194085932981152e-05
4.127372075323974110e-05 4.143351568002487389e-05 4.297420235036126504e-05
4.079574387712254320e-05 4.032770787852761358e-05 4.112808847146368568e-05
4.075923140281950728e-05 4.013516535161452926e-05 3.867161619908889529e-05
3.984720217354538121e-05 3.900339666759001589e-05 4.029187722899354464e-05
3.860711304836367101e-05 3.867396047423118217e-05 3.799866759718020559e-05
3.837734152061171957e-05 3.854873280335514439e-05 3.732398023853618298e-05
3.841078449911209519e-05 3.685564833152987253e-05 3.761621775052481924e-05
3.807534193717976019e-05 3.671799351994958630e-05 3.730704794228544339e-05
3.748819380885698140e-05 3.695912305780504469e-05 3.590804406738587836e-05
3.685951765355338487e-05 3.637689483953914264e-05 3.598472821547898606e-05
3.684878205753582702e-05 3.554098280754244994e-05 3.538835711920045019e-05
3.567813397026934632e-05 3.467489462363781191e-05 3.571802534371352973e-05
3.528255766470833523e-05 3.455755076052818880e-05 3.321791314871957979e-05
3.501942909304333511e-05 3.426127542291850398e-05 3.652289632108906664e-05
3.375026256753046929e-05 3.296355930012736661e-05 3.163180278527469400e-05
3.422261215437762230e-05 3.287776309343091655e-05 3.127417410805835975e-05
3.360536176945338441e-05 3.284758522128222041e-05 3.134806390420900380e-05
3.299001161733197527e-05 3.164600723471869867e-05 3.037749369468817223e-05
3.252335479151563828e-05 3.131075848799005700e-05 3.076730914778357705e-05
3.239221638276820042e-05 3.140902273831137990e-05 3.153651031389784643e-05
3.129556000514966514e-05 3.028025214363812344e-05 2.856820287083198197e-05
3.060237772170375079e-05 3.066793211399674923e-05 2.962576780987260887e-05
3.088442511412276865e-05 2.917728485615184872e-05 2.954215891346545156e-05
3.005595054346515635e-05 2.890820563497110924e-05 2.887946486877191409e-05
2.973458336373384879e-05 2.916783271581053160e-05 2.685781494274563797e-05
2.927873094565983068e-05 2.851604419109691086e-05 2.886657960640617922e-05
2.924958147713900564e-05 2.720448981891115871e-05 2.796157259459700702e-05
2.797072207251144119e-05 2.703394525677223602e-05 2.669550561076268738e-05
2.816307680881504339e-05 2.801413534001556156e-05 2.777829487128875713e-05
2.804256655288887260e-05 2.734807645214153970e-05 2.749788321100162287e-05
2.727034160379094736e-05 2.642261985315466990e-05 2.682304818060446511e-05
2.716033413817423953e-05 2.576859674980695646e-05 2.458478455021954304e-05
2.670062250090781401e-05 2.556577301025209163e-05 2.447767980658046669e-05
2.653226665598017373e-05 2.523023926476206325e-05 2.512986898125963654e-05
2.569184891977943159e-05 2.531303119157556726e-05 2.501984900307170867e-05
2.572141990051368197e-05 2.437342448363639729e-05 2.399103973762440979e-05
2.539335599227000051e-05 2.362999774179705978e-05 2.385249621833944035e-05
2.430527714607653698e-05 2.343050633118931838e-05 2.214595676722657433e-05
2.445998350033997984e-05 2.345526947647364510e-05 2.354371110837325741e-05
2.393428255093543283e-05 2.270718142772318795e-05 2.317333343136504108e-05
2.372477732642288667e-05 2.250737212805961203e-05 2.299367426654923586e-05
2.285945845224500418e-05 2.223124883062522738e-05 2.131569342854744013e-05
2.265686736337598538e-05 2.207902262945535697e-05 2.075162289365414196e-05
2.273284822098160389e-05 2.239146284629103792e-05 2.219956279938071280e-05
2.237217650390993263e-05 2.098623483818078423e-05 2.021363975238974029e-05
2.138097352941124884e-05 2.032997880075394692e-05 1.818530049875211876e-05
2.193486773404114621e-05 2.079828752921070322e-05 1.950482886428687957e-05
2.183910367913349085e-05 1.995398870723837507e-05 1.872691120552546885e-05
2.128237642537851877e-05 1.999964992725072627e-05 2.077834052028305914e-05
2.103863795272825274e-05 2.017110643719655764e-05 1.941422998268799838e-05
2.025040501783565984e-05 1.974346843869818471e-05 2.025436196610112461e-05
2.009134530167162272e-05 1.847375107098160341e-05 1.742553539554983792e-05
1.943079284308028002e-05 1.794620356145159383e-05 1.865190073918440958e-05
1.946717191297396370e-05 1.955719566553000839e-05 1.704654043215409848e-05
1.889382038233573070e-05 1.839202102385851614e-05 1.813424356822269896e-05
1.899383622862036848e-05 1.804658214022473748e-05 1.704829675224346858e-05
1.925368542248894198e-05 1.730922272653490117e-05 1.608475264130314650e-05
1.847630347265459587e-05 1.761385836329846464e-05 1.384590646675618636e-05
1.771086437597162150e-05 1.801708169751166448e-05 1.583026269542203476e-05
1.759616776032873616e-05 1.675874614103054034e-05 1.471604319808549909e-05
1.768394712771042068e-05 1.675305586525522547e-05 1.551450573462406096e-05
1.688784549780331047e-05 1.627910229301193245e-05 1.675982422566376056e-05
1.645889908247189130e-05 1.517028571638059192e-05 1.544298655809153286e-05
1.673201733809997536e-05 1.559662320683885781e-05 1.543044887205190018e-05
1.601489894321475742e-05 1.465870502489256812e-05 1.351045840452341041e-05
1.567706566571791852e-05 1.514972399561874475e-05 1.506239639453310584e-05
1.637496718806135304e-05 1.483478873041828544e-05 1.452381151149434506e-05
1.518522026561661630e-05 1.502183430634120567e-05 1.477856558151673989e-05
1.497581361967393097e-05 1.479179769401287224e-05 1.346595950525143185e-05
1.517618976996935648e-05 1.432900361091115897e-05 1.318183940882978774e-05
1.425679960574906064e-05 1.409495188100402085e-05 1.325323858879958578e-05
1.465260679245150856e-05 1.308286919463189630e-05 1.343988476563844893e-05
1.399981562042101572e-05 1.376599542587132651e-05 1.284246984212505165e-05
1.410951305417287127e-05 1.311065874822244395e-05 1.211023955594864485e-05
1.394632782267052580e-05 1.282493593577575961e-05 1.055907658940943448e-05
1.423651194951264977e-05 1.288713881725453459e-05 1.209093699012173671e-05
1.353912131027907121e-05 1.255876793561333251e-05 1.157381979603513606e-05
1.392851370930999563e-05 1.170807244010737810e-05 1.041220087976558515e-05
1.238163702977772588e-05 1.175638502695804540e-05 1.191935278734962864e-05
1.258253278241590327e-05 1.122286484076484120e-05 1.054099446666294262e-05
1.272492134717067837e-05 1.208255906656385512e-05 1.148734456156178642e-05
1.213853700584074986e-05 1.167249352813964680e-05 1.080132294135727037e-05
1.217004772642209014e-05 1.116689165312094093e-05 1.156814235214440868e-05
1.166366049362516238e-05 1.097371233962366659e-05 9.458625341780360312e-06
1.203871542634238203e-05 1.119462120038258972e-05 1.096536525875916773e-05
1.164720501601084842e-05 1.089411350048760115e-05 9.970461125044813115e-06
1.155854591233419098e-05 1.112089632556022825e-05 8.132726873751451677e-06
1.077088832039656606e-05 1.091326989285786123e-05 8.550558477785089392e-06
1.102545899343525841e-05 9.987570161815902329e-06 9.960539094540358219e-06
1.064238147277559300e-05 1.010305051989302224e-05 8.913520459540283429e-06
1.126967129544808426e-05 9.286618112012551127e-06 1.027880956644941274e-05
1.061768023397853034e-05 9.633397871170513202e-06 8.134702411977495266e-06
9.944655971789304584e-06 9.824826528716255325e-06 9.222506931128985383e-06
1.015970561359139442e-05 9.194179151203348327e-06 9.959257588832324620e-06
1.016716572590690622e-05 9.341374991221037120e-06 8.497148081880084766e-06
9.927695281413082695e-06 9.353004954732055886e-06 9.540379611008753245e-06
9.911355094742605256e-06 9.420991672872834795e-06 8.194586087424445139e-06
9.734564376893501482e-06 8.859689725904449877e-06 8.191205196466362182e-06
8.927730377362356099e-06 8.624949232216298409e-06 7.110865433132699825e-06
9.249950402299236230e-06 8.201644679974119586e-06 7.943134533971118227e-06
9.318527409049087698e-06 8.771091030850906896e-06 7.075944775055252583e-06
8.811903333975695121e-06 8.470641261562547947e-06 6.664429314551639862e-06
9.052770166319127655e-06 8.569562669612875005e-06 8.303653846539382408e-06
8.341721214420318273e-06 7.760966767508092862e-06 6.618681623178123177e-06
8.078059817775434131e-06 7.811177635791000169e-06 8.281467237087711833e-06
8.728382013688498045e-06 8.174497449300706649e-06 7.212939566619794086e-06
8.060138862645687145e-06 7.113710214816434901e-06 7.436118055857450397e-06
8.125431385891937534e-06 7.685747776038869114e-06 6.757865830778131956e-06
7.936730658357213914e-06 6.909776544774507380e-06 6.979037326146451671e-06
8.235684160477037006e-06 7.026701568112668688e-06 6.863576409900490994e-06
7.795259346977113755e-06 6.321974586677073798e-06 8.105611306325420832e-06
8.086451332475628117e-06 7.234855076861854389e-06 6.382342167608733820e-06
7.898749769472513817e-06 6.677797805608065702e-06 7.378733741076402871e-06
6.738109089582890124e-06 7.256043079990370994e-06 5.015215708090278128e-06
6.991027636590876997e-06 6.367443564854797981e-06 5.840257983176680441e-06
7.033917518996491831e-06 6.741748254817746883e-06 5.621187758909326633e-06
6.876526361252402639e-06 6.517279315382507248e-06 4.515933826558048097e-06
6.431029313491849009e-06 6.698556123759092175e-06 6.425544395605882600e-06
6.543074052035046391e-06 6.356259580499553715e-06 5.577905756355424885e-06
5.891616551271712983e-06 5.886660720198557787e-06 4.713010235719914041e-06
6.972943879529619432e-06 6.203198766670441120e-06 6.212907854574455372e-06
6.290562588245729962e-06 5.777253408169197493e-06 5.985561129432157742e-06
6.017505222730281395e-06 5.821238205066610512e-06 4.637792535802894494e-06
6.562408752316740808e-06 5.780152118492139166e-06 6.262432780636842007e-06
6.174020782348067745e-06 4.959092911979439334e-06 5.370277488425073886e-06
6.182641877238704127e-06 5.013331855807164766e-06 4.937401184894129251e-06
5.680221629732580007e-06 4.875603870990944076e-06 5.353941250142797921e-06
5.812516377804507921e-06 4.947923778539422932e-06 5.301336705463850509e-06
6.231961721963398502e-06 5.539302956930440897e-06 5.340093580296043863e-06
5.326992319663849974e-06 4.681351850713498430e-06 4.304140022421472292e-06
5.471224111568687891e-06 4.914689731840635997e-06 5.714619750843820318e-06
5.842201933317241652e-06 4.695446240854779904e-06 3.374869801452720592e-06
4.992932552453216422e-06 4.988351242382297643e-06 3.501571283972257216e-06
5.109757483068828003e-06 4.988178480774453892e-06 4.031061429988836415e-06
5.174293870292181212e-06 4.875862758567139366e-06 4.876130089800973817e-06
4.750161757291225955e-06 4.383948125355508674e-06 4.089776763909477793e-06
5.017763800808132563e-06 4.454397067590368119e-06 3.708583412465954858e-06
4.584287629976486904e-06 4.430966288415629868e-06 4.358290472607753349e-06
4.351974424083395879e-06 4.674104986941573623e-06 3.658362572410162321e-06
4.425527356765274728e-06 4.145987869589944606e-06 3.787816574673295643e-06
4.273223905431408084e-06 4.253443800989087436e-06 3.497818753492875707e-06
4.589490046048358334e-06 3.872203543194525139e-06 4.058714668388734810e-06
4.335600109053665377e-06 4.077286186706768088e-06 3.765688520673893137e-06
4.106195494446574115e-06 4.226734784031788816e-06 2.814876071510909580e-06
4.062088906662864084e-06 3.413632523496618536e-06 2.617630368943203142e-06
3.710043816151207418e-06 3.680626254513640899e-06 3.734831074982084381e-06
4.192961439387468351e-06 3.746521783916467596e-06 3.209091046343303123e-06
3.687879475025868453e-06 3.485014978746856904e-06 4.233725536665080212e-06
3.578784416916501243e-06 3.675612704457393064e-06 2.244958685557415496e-06
3.814191393201888034e-06 3.868653368080636846e-06 2.485721198808332228e-06
3.492282744290202894e-06 3.728687890325909785e-06 3.869466968957781234e-06
3.853191174594274265e-06 3.247039946946664622e-06 3.208811879149911370e-06
3.310188342894795379e-06 3.078591581688640227e-06 2.538574756755819828e-06
3.860195119066562058e-06 3.398022333140343118e-06 2.786831107745988289e-06
3.558283400335725124e-06 3.099429391226355919e-06 3.042392888592210194e-06
3.347384344622577563e-06 3.098934792020386484e-06 2.944590424025721566e-06
3.449349500743774701e-06 3.207048348145787503e-06 2.844343664765069825e-06
3.313447374938584944e-06 2.855184376611052393e-06 3.222393123329670720e-06
3.192252238960653185e-06 2.875010480884745721e-06 2.403232675055954754e-06
3.359159524575048641e-06 2.516080336879799321e-06 3.027352912473246084e-06
2.731198531760646667e-06 3.026084905393030389e-06 2.678164623577583014e-06
2.881332966398109078e-06 2.753364002597046676e-06 3.681620485200756252e-06
3.162235993730644263e-06 3.066049848312782096e-06 2.467145033439517609e-06
2.852657487815042913e-06 2.973385136603139614e-06 3.231978017508703761e-06
2.788102291981571833e-06 2.762703635651075250e-06 1.751301312824445927e-06
2.957934116042173525e-06 2.850417752962571922e-06 2.392002159361407811e-06
2.775162022524484289e-06 2.728427265577001926e-06 2.408427614581605963e-06
2.758064449388302780e-06 2.418285546416647963e-06 2.295973836394253262e-06
2.639881732907176239e-06 2.150391627871825178e-06 1.927268152185755429e-06
2.380947958936543207e-06 2.641311975622131244e-06 3.103001255855060893e-06
2.326809499707605551e-06 2.394242850676938242e-06 2.601700905641346042e-06
2.551126094344915648e-06 2.530766954820840741e-06 1.440278686685543550e-06
2.692147956639763905e-06 2.134246975263044045e-06 3.161295460888227296e-06
2.407147408063898286e-06 2.270433682748624552e-06 2.520305586914147573e-06
2.477071645342041562e-06 2.603855092174240509e-06 2.002051975125617343e-06
2.457068853582791000e-06 2.250419748154007679e-06 2.822372342041602565e-06
2.562318992450459619e-06 2.164364009344631207e-06 2.972228868778386648e-06
2.342502160495192209e-06 2.128098708840540416e-06 2.585455886099299284e-06
2.230509930331581943e-06 2.520472380421454393e-06 1.781676350412712354e-06
2.244101342992691521e-06 1.825864298680744332e-06 1.790761369395698025e-06
2.109870294886222555e-06 2.168807965267111290e-06 1.802864235532708439e-06
2.271800397118865892e-06 2.208151914161497146e-06 1.674396730198943272e-06
1.986415431826410572e-06 1.653851704912192535e-06 2.950270073180630743e-06
1.998977260883584467e-06 1.560139420536591514e-06 2.259704495186117747e-06
1.974008326016887291e-06 1.648002768833147558e-06 1.136753333072370791e-06
2.119646148165608607e-06 1.605915307295951928e-06 1.288133653605073960e-06
2.036241615674990772e-06 1.668497601900538614e-06 1.440286973928330395e-06
1.778883156446214540e-06 1.652392809520204557e-06 2.461263694497777822e-06
1.750534692744177385e-06 1.743481126913545416e-06 1.457664254424338271e-06
1.623728054373176383e-06 1.483691398580065959e-06 1.904769023107671366e-06
1.614533990120856368e-06 1.683459003038061529e-06 7.380038253290549053e-07
2.178481759320450336e-06 1.010388009300777496e-06 1.336606683966014435e-06
1.833042482567269835e-06 1.236556293364390083e-06 1.792528324196576051e-06
1.704288978606080206e-06 1.492982971980604640e-06 1.052428953139937223e-06
1.412202129461734388e-06 1.501997574141498618e-06 6.036591596791369487e-07
1.845692965187691239e-06 1.455243694891346488e-06 1.063921389899341755e-06
1.408324395949757512e-06 1.407589597919606029e-06 2.295175519820826052e-06
1.930586464716666334e-06 1.274277644603065253e-06 1.076210399585790084e-06
1.818019256833659327e-06 1.795474538606090158e-06 7.740493956676123655e-07
1.558898687494438772e-06 1.633524646244053007e-06 1.557388711739785375e-06
1.275076929866352641e-06 1.153020268023836622e-06 7.836122328292807353e-07
1.535187523213367479e-06 1.536637183535663344e-06 9.441229902859027959e-07
1.311398814846962633e-06 1.749872808407575109e-06 1.584344174360742185e-06
1.298309431179642914e-06 9.097885690079113867e-07 1.275186720413866001e-06
1.562644753436722675e-06 1.328596749716988017e-06 1.122998750314670625e-06
1.378133004643375797e-06 1.276075270011047450e-06 1.290770460424111075e-06
1.255755676151198188e-06 1.074689701234741070e-06 1.136376911103149376e-06
9.149381653588624221e-07 1.201824390417464676e-06 8.160493871404366910e-07
1.204173304205238608e-06 1.328993511790740165e-06 1.313794074833961874e-06
1.167954522511431153e-06 8.202412237866611314e-07 1.321501020290378421e-06
1.351342810188680353e-06 1.588721622252212116e-06 8.305118268847778436e-07
1.225703242528205383e-06 1.014295690538310831e-06 5.013156032909878224e-07
1.188201311193773719e-06 9.890451100274238847e-07 6.711517338367956651e-07
1.217045639845929282e-06 8.082141990820977096e-07 6.757574499627533923e-07
1.111245259721143743e-06 9.690192291599779878e-07 1.020067932949420295e-06
1.276577164319923017e-06 1.194262790626328200e-06 1.537013665557952438e-06
9.398025386240623034e-07 8.221623268915454469e-07 1.202635283344625641e-06
8.996350567744451221e-07 1.113239623154408644e-06 5.176219414288179458e-07
9.043019382330599575e-07 8.950916352585888406e-07 3.481057667127575310e-07
1.025807971722112313e-06 8.680818905893275690e-07 8.732142431309801535e-07
1.126131739037729754e-06 5.821513629981730320e-07 3.513132972152773239e-07
1.296852807196365571e-06 6.502600821583330965e-07 1.414443360441060343e-06
8.296855475887478855e-07 8.176476559100564168e-07 1.779182728246767032e-07
9.061156148766043382e-07 1.117800522435505489e-06 1.784316027575607824e-07
8.631004657203855724e-07 5.287873759639137193e-07 7.192300087822229010e-07
1.012468059808773435e-06 6.649804881557836919e-07 7.230432037165224481e-07
6.786464577222315539e-07 6.685487300245981410e-07 5.447015573604683013e-07
7.797695747643371109e-07 8.735490620503614779e-07 9.135843277833631003e-07
8.089623066210787158e-07 9.124107988409081961e-07 7.353445217524740081e-07
7.642662767966733359e-07 7.813646219904564146e-07 5.543900136334289436e-07
7.927379364132526781e-07 6.832436343487900318e-07 3.711501145439100589e-07
7.223699072598321834e-07 7.556408681880754412e-07 7.460524226518387951e-07
6.510902521623150210e-07 5.526654539642510391e-07 7.509082962459099747e-07
7.048683742384314789e-07 6.249850273681432297e-07 7.536669198457312086e-07
9.370384907024773054e-07 7.681419474401556054e-07 1.327998406782764291e-06
6.618091909853695689e-07 7.021978185189127657e-07 1.906464560602970843e-07
8.188534774122012949e-07 7.763972342100666217e-07 1.342585015152133499e-06
5.403249256531918216e-07 6.743461965650402390e-07 5.785755506756212068e-07
7.244568279918557763e-07 8.198747662113633335e-07 7.753009924801511207e-07
5.458591294846931197e-07 9.680363315876965090e-07 5.845477189359403415e-07
9.412205807681364800e-07 7.207101701467965082e-07 3.920695306271218383e-07
7.093260907445025907e-07 4.348520001567128562e-07 1.972792934667955228e-07
5.812141991198292080e-07 5.100503555809504726e-07 5.941259360650826387e-07
7.964817087578914622e-07 5.491596137981774643e-07 1.985694452105992401e-07
7.470296332825135775e-07 5.153106009618414665e-07 8.001669279070262470e-07
5.902418622207065059e-07 5.181554101397955898e-07 6.032354448568739191e-07
7.016297483819375346e-07 3.345843284001041642e-07 2.019603342414200176e-07
5.425071614832738311e-07 4.862547859305915794e-07 4.067844534306749611e-07
7.086476033370916602e-07 5.635883518303700952e-07 4.083471784529386999e-07
6.848833666195768705e-07 7.934011903474988395e-07 2.056767994627905143e-07
6.606697176031258182e-07 5.696562234680483216e-07 2.060163401387436253e-07
5.813485882930418620e-07 3.818278140114595450e-07 4.158629485071162627e-07
6.120287021650229408e-07 5.367707902184968226e-07 2.085291008474290074e-07
5.312896746446271421e-07 2.314960479878338135e-07 2.096840882739535252e-07
4.780264445110073713e-07 3.872968788242866033e-07 6.317111439725963706e-07
3.391441727788277347e-07 5.453696790740187345e-07 2.117452751979558741e-07
4.260960538650567095e-07 4.304819992879752931e-07 0.000000000000000000e+00
5.705978316417612433e-07 4.722444363733787373e-07 4.277196432785362992e-07
4.586245090609767484e-07 7.515383174511986762e-07 8.599448206815275508e-07
3.746119080994004580e-07 4.768249048522877864e-07 8.623750130612750901e-07
3.766799238761918917e-07 2.797192310325374827e-07 8.694261658932051721e-07
4.660309466370983610e-07 2.006885729609620688e-07 6.544052464079025940e-07
5.562220447884811497e-07 4.844383819994554332e-07 2.190826026252427592e-07
2.941546535457937408e-07 2.433411635745714497e-07 6.615021540961268236e-07
4.135684299512754746e-07 3.667432588544418121e-07 2.213653835955462814e-07
3.861036719629403785e-07 2.867580261913847065e-07 2.223788490681657875e-07
2.685661159461526016e-07 3.292976179628284941e-07 2.237484865841262708e-07
4.503634786372893065e-07 2.482142324029087670e-07 4.498455248301873519e-07
4.220932927135336398e-07 4.161916764234331614e-07 2.253887196416198282e-07
4.239228257193103091e-07 4.597400748552622592e-07 9.084524658142134978e-07
4.262571265477346068e-07 3.775469069591328764e-07 4.563909436392004487e-07
3.669818546793613691e-07 5.063288882902295904e-07 2.287318935813160336e-07
3.381873291527486129e-07 4.239144595112145765e-07 0.000000000000000000e+00
3.091038906104662381e-07 3.407611653924686194e-07 0.000000000000000000e+00
3.725968345471691933e-07 1.713302045000410681e-07 0.000000000000000000e+00
2.808162057862465217e-07 3.013225267663150009e-07 2.339511413315196001e-07
3.756257328540392980e-07 3.025225969826007611e-07 2.350836910700764717e-07
3.463490245514462760e-07 2.607503940184395388e-07 2.360371462286405942e-07
2.849542252607006416e-07 3.494205348206534226e-07 7.114333738312742352e-07
3.498080474491546685e-07 4.387571745046830999e-07 2.381780617663914269e-07
4.155556387445414868e-07 2.200851593294558697e-07 2.396412370503955299e-07
2.888898364947161330e-07 4.874647001268997777e-07 2.407874603019982403e-07
5.483498787222337507e-07 2.225251551594691680e-07 2.419824334561927663e-07
1.296119958663610657e-07 1.339844482820495582e-07 0.000000000000000000e+00
2.606899807531251777e-07 2.695996888138453611e-07 2.439652263013199806e-07
3.925045488596443493e-07 4.061365621119420529e-07 0.000000000000000000e+00
2.301052891266484433e-07 3.629166515606693697e-07 4.925621024603809487e-07
2.973634290580904807e-07 1.820656867065893621e-07 4.940486430434777853e-07
1.990215654233657851e-07 1.370977043894487153e-07 7.462895301191011804e-07
2.334382689656907438e-07 2.300286113771258751e-07 0.000000000000000000e+00
2.680700965518948204e-07 2.310798713084635488e-07 5.026406367135118456e-07
3.365060598925982225e-07 1.855235952408340729e-07 2.516487014460637029e-07
2.705907329199494060e-07 3.732023493889975295e-07 2.537648690190826969e-07
3.057012132555139974e-07 2.341873245724125460e-07 2.540476941506839597e-07
4.096216639966361002e-07 1.882036260484641305e-07 5.116852652328414435e-07
1.371304868985070076e-07 9.457680539080072055e-08 2.568846090045622764e-07
2.409933775645152296e-07 4.269318624195522039e-07 2.584991861760577607e-07
2.422059144106383410e-07 1.431859604572128303e-07 0.000000000000000000e+00
3.478270298513645490e-07 1.438969770599057739e-07 2.600711129256608279e-07
2.443337219657512486e-07 1.927131717351033383e-07 2.613607789862811625e-07
2.104590513687067370e-07 9.692994013437238277e-08 2.623181436756953570e-07
1.410879141699998615e-07 1.457043075564865322e-07 0.000000000000000000e+00
2.477678133753115197e-07 1.951962577237019083e-07 2.650080759214987045e-07
1.778681995729036467e-07 1.961725388305954630e-07 2.664064693823350195e-07
7.136138378264200475e-08 9.844652216718260637e-08 0.000000000000000000e+00
1.792954277857535072e-07 1.979985975273498675e-07 0.000000000000000000e+00
1.081422930931536335e-07 4.979917155649546458e-08 0.000000000000000000e+00
0.000000000000000000e+00 1.997702289020390300e-07 0.000000000000000000e+00
2.547471877996102606e-07 1.003430173349297142e-07 2.727203507663600159e-07
1.460339033391791118e-07 1.008650268641376513e-07 2.735025544720144642e-07
2.200313662502610699e-07 2.532948146812095781e-07 0.000000000000000000e+00
2.211846441357437902e-07 1.016868353443926507e-07 0.000000000000000000e+00
2.592454469139508724e-07 1.021034910985309013e-07 0.000000000000000000e+00
1.859964366488275685e-07 1.026300023202225466e-07 0.000000000000000000e+00
7.458583639686609500e-08 1.030121622755628877e-07 0.000000000000000000e+00
1.875683772679765483e-07 4.141185794006050121e-07 0.000000000000000000e+00
7.534670909595795006e-08 5.191670296534613734e-08 0.000000000000000000e+00
3.792914601084472354e-08 2.611220582105226796e-07 0.000000000000000000e+00
7.600479089998317762e-08 5.243000058028584797e-08 0.000000000000000000e+00
1.526498032633690202e-07 1.053659834245794303e-07 0.000000000000000000e+00
1.535256121811057455e-07 1.058639715813032549e-07 0.000000000000000000e+00
1.925586615416741404e-07 1.063445890505573403e-07 2.883260405936269706e-07
1.549011094902493723e-07 1.600772418324695777e-07 2.897342242898040751e-07
7.771305722915464987e-08 5.361273392614432498e-08 0.000000000000000000e+00
0.000000000000000000e+00 2.154742836932142342e-07 0.000000000000000000e+00
1.566477550419280239e-07 5.398504346012077131e-08 0.000000000000000000e+00
7.869291595145961393e-08 5.433993077589613560e-08 5.891258801984083280e-07
1.185822474106088747e-07 0.000000000000000000e+00 5.916672108921921325e-07
0.000000000000000000e+00 1.642850968266039378e-07 0.000000000000000000e+00
1.195148649115630983e-07 0.000000000000000000e+00 0.000000000000000000e+00
1.603003919147668253e-07 5.521337546446307522e-08 0.000000000000000000e+00
8.030759847509242006e-08 0.000000000000000000e+00 0.000000000000000000e+00
0.000000000000000000e+00 1.670386792989701433e-07 0.000000000000000000e+00
8.111079178775647026e-08 5.601777621953517764e-08 0.000000000000000000e+00
4.067247243384883968e-08 2.244797608888213031e-07 0.000000000000000000e+00
8.168300148280542614e-08 0.000000000000000000e+00 0.000000000000000000e+00
8.217408800717911386e-08 1.132450161440631629e-07 0.000000000000000000e+00
4.125345099413027381e-08 1.137708924910412508e-07 3.096528026631643521e-07
0.000000000000000000e+00 0.000000000000000000e+00 0.000000000000000000e+00
8.330007102964917493e-08 5.732652515081396335e-08 0.000000000000000000e+00
0.000000000000000000e+00 5.753809745103871477e-08 0.000000000000000000e+00
4.203449806833217708e-08 0.000000000000000000e+00 0.000000000000000000e+00
8.420918353406593182e-08 0.000000000000000000e+00 0.000000000000000000e+00
4.228710444928503582e-08 0.000000000000000000e+00 0.000000000000000000e+00
1.273397012941270042e-07 1.171841810481138872e-07 0.000000000000000000e+00
4.269567313445623553e-08 1.175146943279624806e-07 0.000000000000000000e+00
8.573064982337122659e-08 0.000000000000000000e+00 3.204161436415840384e-07
4.301401929078001834e-08 0.000000000000000000e+00 0.000000000000000000e+00
1.294534836281010756e-07 1.786143656516963377e-07 0.000000000000000000e+00
8.685215250604246809e-08 0.000000000000000000e+00 0.000000000000000000e+00
8.705883700980922706e-08 1.200869043267596927e-07 0.000000000000000000e+00
4.363997992544469526e-08 0.000000000000000000e+00 0.000000000000000000e+00
1.317422041665648881e-07 6.052128234342708019e-08 0.000000000000000000e+00
4.416267407052091100e-08 6.089700578835521387e-08 0.000000000000000000e+00
4.425608299507824825e-08 0.000000000000000000e+00 0.000000000000000000e+00
8.887204418988459442e-08 0.000000000000000000e+00 0.000000000000000000e+00
4.453690185327470185e-08 0.000000000000000000e+00 0.000000000000000000e+00
4.485478934846046980e-08 1.235531076984157879e-07 0.000000000000000000e+00
8.997758599047174670e-08 0.000000000000000000e+00 0.000000000000000000e+00
1.806153546923838357e-07 0.000000000000000000e+00 0.000000000000000000e+00
0.000000000000000000e+00 0.000000000000000000e+00 0.000000000000000000e+00
4.550853474644946999e-08 0.000000000000000000e+00 0.000000000000000000e+00
0.000000000000000000e+00 6.314550697934453260e-08 0.000000000000000000e+00
9.168168583135511733e-08 0.000000000000000000e+00 0.000000000000000000e+00
1.381855251737611476e-07 6.349893734420785379e-08 3.455121485050865783e-07
9.250298180720350107e-08 6.388377850791355953e-08 0.000000000000000000e+00
4.636547461940586331e-08 0.000000000000000000e+00 0.000000000000000000e+00
9.326894532377691332e-08 0.000000000000000000e+00 0.000000000000000000e+00
4.674151398227510752e-08 1.292628882581307776e-07 0.000000000000000000e+00
4.704492139059768298e-08 0.000000000000000000e+00 0.000000000000000000e+00
9.431234802869723421e-08 6.510669938288067209e-08 3.535312919868888744e-07
0.000000000000000000e+00 6.522962916317778706e-08 0.000000000000000000e+00
9.518259053443049588e-08 0.000000000000000000e+00 0.000000000000000000e+00
0.000000000000000000e+00 6.594903037947813892e-08 3.574914585904529580e-07
0.000000000000000000e+00 0.000000000000000000e+00 0.000000000000000000e+00
0.000000000000000000e+00 0.000000000000000000e+00 0.000000000000000000e+00
9.667193740610461633e-08 1.998307465124152710e-07 0.000000000000000000e+00
1.454816040920163107e-07 0.000000000000000000e+00 0.000000000000000000e+00
4.864449203697731598e-08 0.000000000000000000e+00 0.000000000000000000e+00
9.780219698385770052e-08 0.000000000000000000e+00 0.000000000000000000e+00
4.913563753623953634e-08 0.000000000000000000e+00 0.000000000000000000e+00
0.000000000000000000e+00 0.000000000000000000e+00 0.000000000000000000e+00
1.482869901989561806e-07 6.820424666889601450e-08 0.000000000000000000e+00
0.000000000000000000e+00 6.844550107296002267e-08 0.000000000000000000e+00
4.981213059977172617e-08 6.872925625286950543e-08 0.000000000000000000e+00
4.998770672570420888e-08 6.887661965150150218e-08 0.000000000000000000e+00
5.014063269902800240e-08 0.000000000000000000e+00 3.758431945733011229e-07
5.040114288286329597e-08 0.000000000000000000e+00 0.000000000000000000e+00
1.011632690147273622e-07 0.000000000000000000e+00 3.792920702382464874e-07
0.000000000000000000e+00 0.000000000000000000e+00 0.000000000000000000e+00
1.019409664904337657e-07 0.000000000000000000e+00 0.000000000000000000e+00
0.000000000000000000e+00 0.000000000000000000e+00 0.000000000000000000e+00
5.139568810414130351e-08 0.000000000000000000e+00 0.000000000000000000e+00
0.000000000000000000e+00 7.112741114194885930e-08 0.000000000000000000e+00
0.000000000000000000e+00 7.128803605480957739e-08 0.000000000000000000e+00
0.000000000000000000e+00 7.168501874450491167e-08 0.000000000000000000e+00
0.000000000000000000e+00 0.000000000000000000e+00 0.000000000000000000e+00
0.000000000000000000e+00 7.224480352046033028e-08 0.000000000000000000e+00
0.000000000000000000e+00 0.000000000000000000e+00 0.000000000000000000e+00
0.000000000000000000e+00 1.454403369567433134e-07 0.000000000000000000e+00
1.058429007274601365e-07 7.287174733237807214e-08 0.000000000000000000e+00
5.304336970550003735e-08 7.318623495736184025e-08 0.000000000000000000e+00
1.067488936938376229e-07 0.000000000000000000e+00 0.000000000000000000e+00
0.000000000000000000e+00 0.000000000000000000e+00 0.000000000000000000e+00
1.073022620798211699e-07 0.000000000000000000e+00 0.000000000000000000e+00
0.000000000000000000e+00 0.000000000000000000e+00 0.000000000000000000e+00
0.000000000000000000e+00 7.449476125977785769e-08 0.000000000000000000e+00
0.000000000000000000e+00 0.000000000000000000e+00 0.000000000000000000e+00
0.000000000000000000e+00 7.518637895762196965e-08 0.000000000000000000e+00
1.642630933514145011e-07 0.000000000000000000e+00 0.000000000000000000e+00
0.000000000000000000e+00 0.000000000000000000e+00 0.000000000000000000e+00
1.102028386200797786e-07 0.000000000000000000e+00 0.000000000000000000e+00
0.000000000000000000e+00 0.000000000000000000e+00 0.000000000000000000e+00
1.110064824191448403e-07 0.000000000000000000e+00 0.000000000000000000e+00
0.000000000000000000e+00 7.666806623105020286e-08 0.000000000000000000e+00
0.000000000000000000e+00 0.000000000000000000e+00 0.000000000000000000e+00
0.000000000000000000e+00 0.000000000000000000e+00 0.000000000000000000e+00
5.622208349825639982e-08 0.000000000000000000e+00 0.000000000000000000e+00
0.000000000000000000e+00 0.000000000000000000e+00 0.000000000000000000e+00
0.000000000000000000e+00 0.000000000000000000e+00 0.000000000000000000e+00
5.697817981528720114e-08 7.854612950032891410e-08 0.000000000000000000e+00
0.000000000000000000e+00 0.000000000000000000e+00 0.000000000000000000e+00
0.000000000000000000e+00 0.000000000000000000e+00 0.000000000000000000e+00
0.000000000000000000e+00 0.000000000000000000e+00 0.000000000000000000e+00
5.774753818336464056e-08 0.000000000000000000e+00 0.000000000000000000e+00
0.000000000000000000e+00 7.996959026800662674e-08 0.000000000000000000e+00
0.000000000000000000e+00 0.000000000000000000e+00 0.000000000000000000e+00
5.834857784025737460e-08 8.054938708399712381e-08 0.000000000000000000e+00
0.000000000000000000e+00 0.000000000000000000e+00 0.000000000000000000e+00
0.000000000000000000e+00 0.000000000000000000e+00 0.000000000000000000e+00
0.000000000000000000e+00 0.000000000000000000e+00 0.000000000000000000e+00
0.000000000000000000e+00 0.000000000000000000e+00 0.000000000000000000e+00
0.000000000000000000e+00 8.180705899591583364e-08 0.000000000000000000e+00
1.192284323446704310e-07 0.000000000000000000e+00 0.000000000000000000e+00
0.000000000000000000e+00 8.255480815321418360e-08 0.000000000000000000e+00
0.000000000000000000e+00 8.261246822350372751e-08 0.000000000000000000e+00
0.000000000000000000e+00 0.000000000000000000e+00 0.000000000000000000e+00
0.000000000000000000e+00 0.000000000000000000e+00 0.000000000000000000e+00
0.000000000000000000e+00 0.000000000000000000e+00 0.000000000000000000e+00
0.000000000000000000e+00 0.000000000000000000e+00 0.000000000000000000e+00
0.000000000000000000e+00 0.000000000000000000e+00 0.000000000000000000e+00
0.000000000000000000e+00 0.000000000000000000e+00 0.000000000000000000e+00
0.000000000000000000e+00 0.000000000000000000e+00 0.000000000000000000e+00
0.000000000000000000e+00 0.000000000000000000e+00 0.000000000000000000e+00
0.000000000000000000e+00 0.000000000000000000e+00 0.000000000000000000e+00
6.206272026664366365e-08 0.000000000000000000e+00 0.000000000000000000e+00
0.000000000000000000e+00 8.589707890823111396e-08 0.000000000000000000e+00
0.000000000000000000e+00 0.000000000000000000e+00 0.000000000000000000e+00
0.000000000000000000e+00 0.000000000000000000e+00 0.000000000000000000e+00
0.000000000000000000e+00 0.000000000000000000e+00 0.000000000000000000e+00
0.000000000000000000e+00 0.000000000000000000e+00 0.000000000000000000e+00
0.000000000000000000e+00 8.738536694627772197e-08 0.000000000000000000e+00
0.000000000000000000e+00 0.000000000000000000e+00 0.000000000000000000e+00
0.000000000000000000e+00 0.000000000000000000e+00 0.000000000000000000e+00
0.000000000000000000e+00 0.000000000000000000e+00 0.000000000000000000e+00
0.000000000000000000e+00 0.000000000000000000e+00 0.000000000000000000e+00
6.453879672709124978e-08 0.000000000000000000e+00 0.000000000000000000e+00
0.000000000000000000e+00 0.000000000000000000e+00 0.000000000000000000e+00
0.000000000000000000e+00 0.000000000000000000e+00 0.000000000000000000e+00
0.000000000000000000e+00 0.000000000000000000e+00 0.000000000000000000e+00
0.000000000000000000e+00 0.000000000000000000e+00 0.000000000000000000e+00
0.000000000000000000e+00 0.000000000000000000e+00 0.000000000000000000e+00
0.000000000000000000e+00 0.000000000000000000e+00 0.000000000000000000e+00
6.590899972619244216e-08 0.000000000000000000e+00 0.000000000000000000e+00
0.000000000000000000e+00 0.000000000000000000e+00 0.000000000000000000e+00
0.000000000000000000e+00 0.000000000000000000e+00 0.000000000000000000e+00
0.000000000000000000e+00 0.000000000000000000e+00 0.000000000000000000e+00
0.000000000000000000e+00 0.000000000000000000e+00 0.000000000000000000e+00
0.000000000000000000e+00 0.000000000000000000e+00 0.000000000000000000e+00
0.000000000000000000e+00 0.000000000000000000e+00 0.000000000000000000e+00
0.000000000000000000e+00 0.000000000000000000e+00 0.000000000000000000e+00
0.000000000000000000e+00 0.000000000000000000e+00 0.000000000000000000e+00
0.000000000000000000e+00 0.000000000000000000e+00 0.000000000000000000e+00
0.000000000000000000e+00 0.000000000000000000e+00 0.000000000000000000e+00
0.000000000000000000e+00 0.000000000000000000e+00 0.000000000000000000e+00
0.000000000000000000e+00 0.000000000000000000e+00 0.000000000000000000e+00
0.000000000000000000e+00 0.000000000000000000e+00 0.000000000000000000e+00
0.000000000000000000e+00 0.000000000000000000e+00 0.000000000000000000e+00
0.000000000000000000e+00 0.000000000000000000e+00 0.000000000000000000e+00
0.000000000000000000e+00 0.000000000000000000e+00 0.000000000000000000e+00
0.000000000000000000e+00 0.000000000000000000e+00 0.000000000000000000e+00
0.000000000000000000e+00 0.000000000000000000e+00 0.000000000000000000e+00
0.000000000000000000e+00 0.000000000000000000e+00 0.000000000000000000e+00
0.000000000000000000e+00 0.000000000000000000e+00 0.000000000000000000e+00
0.000000000000000000e+00 0.000000000000000000e+00 0.000000000000000000e+00
0.000000000000000000e+00 0.000000000000000000e+00 0.000000000000000000e+00
0.000000000000000000e+00 0.000000000000000000e+00 0.000000000000000000e+00
0.000000000000000000e+00 0.000000000000000000e+00 0.000000000000000000e+00
0.000000000000000000e+00 0.000000000000000000e+00 0.000000000000000000e+00
0.000000000000000000e+00 0.000000000000000000e+00 0.000000000000000000e+00
0.000000000000000000e+00 0.000000000000000000e+00 0.000000000000000000e+00
7.226680334960825111e-08 0.000000000000000000e+00 0.000000000000000000e+00
0.000000000000000000e+00 0.000000000000000000e+00 0.000000000000000000e+00
0.000000000000000000e+00 0.000000000000000000e+00 0.000000000000000000e+00
0.000000000000000000e+00 1.005646477897791093e-07 0.000000000000000000e+00
0.000000000000000000e+00 0.000000000000000000e+00 0.000000000000000000e+00
0.000000000000000000e+00 0.000000000000000000e+00 0.000000000000000000e+00
0.000000000000000000e+00 0.000000000000000000e+00 0.000000000000000000e+00
0.000000000000000000e+00 0.000000000000000000e+00 0.000000000000000000e+00
0.000000000000000000e+00 0.000000000000000000e+00 0.000000000000000000e+00
0.000000000000000000e+00 0.000000000000000000e+00 0.000000000000000000e+00
0.000000000000000000e+00 0.000000000000000000e+00 0.000000000000000000e+00
0.000000000000000000e+00 0.000000000000000000e+00 0.000000000000000000e+00
0.000000000000000000e+00 0.000000000000000000e+00 0.000000000000000000e+00
0.000000000000000000e+00 0.000000000000000000e+00 0.000000000000000000e+00
0.000000000000000000e+00 0.000000000000000000e+00 0.000000000000000000e+00
0.000000000000000000e+00 0.000000000000000000e+00 0.000000000000000000e+00
0.000000000000000000e+00 0.000000000000000000e+00 0.000000000000000000e+00
0.000000000000000000e+00 0.000000000000000000e+00 0.000000000000000000e+00
0.000000000000000000e+00 0.000000000000000000e+00 0.000000000000000000e+00
0.000000000000000000e+00 0.000000000000000000e+00 0.000000000000000000e+00
0.000000000000000000e+00 0.000000000000000000e+00 0.000000000000000000e+00
0.000000000000000000e+00 0.000000000000000000e+00 0.000000000000000000e+00
0.000000000000000000e+00 0.000000000000000000e+00 0.000000000000000000e+00
0.000000000000000000e+00 0.000000000000000000e+00 0.000000000000000000e+00
0.000000000000000000e+00 0.000000000000000000e+00 0.000000000000000000e+00
0.000000000000000000e+00 0.000000000000000000e+00 0.000000000000000000e+00
0.000000000000000000e+00 0.000000000000000000e+00 0.000000000000000000e+00
0.000000000000000000e+00 0.000000000000000000e+00 0.000000000000000000e+00
0.000000000000000000e+00 0.000000000000000000e+00 0.000000000000000000e+00
0.000000000000000000e+00 0.000000000000000000e+00 0.000000000000000000e+00
0.000000000000000000e+00 0.000000000000000000e+00 0.000000000000000000e+00
0.000000000000000000e+00 0.000000000000000000e+00 0.000000000000000000e+00
0.000000000000000000e+00 0.000000000000000000e+00 0.000000000000000000e+00
0.000000000000000000e+00 0.000000000000000000e+00 0.000000000000000000e+00
0.000000000000000000e+00 0.000000000000000000e+00 0.000000000000000000e+00
0.000000000000000000e+00 0.000000000000000000e+00 0.000000000000000000e+00
0.000000000000000000e+00 0.000000000000000000e+00 0.000000000000000000e+00
0.000000000000000000e+00 0.000000000000000000e+00 0.000000000000000000e+00
0.000000000000000000e+00 0.000000000000000000e+00 0.000000000000000000e+00
0.000000000000000000e+00 0.000000000000000000e+00 0.000000000000000000e+00
0.000000000000000000e+00 0.000000000000000000e+00 0.000000000000000000e+00
0.000000000000000000e+00 0.000000000000000000e+00 0.000000000000000000e+00
0.000000000000000000e+00 0.000000000000000000e+00 0.000000000000000000e+00
0.000000000000000000e+00 0.000000000000000000e+00 0.000000000000000000e+00
0.000000000000000000e+00 0.000000000000000000e+00 0.000000000000000000e+00
0.000000000000000000e+00 0.000000000000000000e+00 0.000000000000000000e+00
0.000000000000000000e+00 0.000000000000000000e+00 0.000000000000000000e+00
0.000000000000000000e+00 0.000000000000000000e+00 0.000000000000000000e+00
0.000000000000000000e+00 0.000000000000000000e+00 0.000000000000000000e+00
0.000000000000000000e+00 0.000000000000000000e+00 0.000000000000000000e+00
0.000000000000000000e+00 0.000000000000000000e+00 0.000000000000000000e+00
0.000000000000000000e+00 0.000000000000000000e+00 0.000000000000000000e+00
0.000000000000000000e+00 0.000000000000000000e+00 0.000000000000000000e+00
0.000000000000000000e+00 0.000000000000000000e+00 0.000000000000000000e+00
0.000000000000000000e+00 0.000000000000000000e+00 0.000000000000000000e+00
0.000000000000000000e+00 0.000000000000000000e+00 0.000000000000000000e+00
0.000000000000000000e+00 0.000000000000000000e+00 0.000000000000000000e+00
0.000000000000000000e+00 0.000000000000000000e+00 0.000000000000000000e+00
0.000000000000000000e+00 0.000000000000000000e+00 0.000000000000000000e+00
0.000000000000000000e+00 0.000000000000000000e+00 0.000000000000000000e+00
0.000000000000000000e+00 0.000000000000000000e+00 0.000000000000000000e+00
0.000000000000000000e+00 0.000000000000000000e+00 0.000000000000000000e+00
0.000000000000000000e+00 0.000000000000000000e+00 0.000000000000000000e+00
0.000000000000000000e+00 0.000000000000000000e+00 0.000000000000000000e+00
0.000000000000000000e+00 0.000000000000000000e+00 0.000000000000000000e+00
0.000000000000000000e+00 0.000000000000000000e+00 0.000000000000000000e+00
8.828053861200075950e-08 0.000000000000000000e+00 0.000000000000000000e+00
0.000000000000000000e+00 0.000000000000000000e+00 0.000000000000000000e+00
0.000000000000000000e+00 0.000000000000000000e+00 0.000000000000000000e+00
0.000000000000000000e+00 0.000000000000000000e+00 0.000000000000000000e+00
0.000000000000000000e+00 0.000000000000000000e+00 0.000000000000000000e+00
0.000000000000000000e+00 0.000000000000000000e+00 0.000000000000000000e+00
0.000000000000000000e+00 0.000000000000000000e+00 0.000000000000000000e+00
0.000000000000000000e+00 0.000000000000000000e+00 0.000000000000000000e+00
0.000000000000000000e+00 0.000000000000000000e+00 0.000000000000000000e+00
0.000000000000000000e+00 0.000000000000000000e+00 0.000000000000000000e+00
0.000000000000000000e+00 0.000000000000000000e+00 0.000000000000000000e+00
0.000000000000000000e+00 0.000000000000000000e+00 0.000000000000000000e+00
0.000000000000000000e+00 0.000000000000000000e+00 0.000000000000000000e+00
0.000000000000000000e+00 0.000000000000000000e+00 0.000000000000000000e+00
0.000000000000000000e+00 0.000000000000000000e+00 0.000000000000000000e+00
0.000000000000000000e+00 0.000000000000000000e+00 0.000000000000000000e+00
0.000000000000000000e+00 0.000000000000000000e+00 0.000000000000000000e+00
0.000000000000000000e+00 0.000000000000000000e+00 0.000000000000000000e+00
0.000000000000000000e+00 0.000000000000000000e+00 0.000000000000000000e+00
0.000000000000000000e+00 0.000000000000000000e+00 0.000000000000000000e+00
0.000000000000000000e+00 0.000000000000000000e+00 0.000000000000000000e+00
0.000000000000000000e+00 0.000000000000000000e+00 0.000000000000000000e+00
0.000000000000000000e+00 0.000000000000000000e+00 0.000000000000000000e+00
0.000000000000000000e+00 0.000000000000000000e+00 0.000000000000000000e+00
0.000000000000000000e+00 0.000000000000000000e+00 0.000000000000000000e+00
0.000000000000000000e+00 0.000000000000000000e+00 0.000000000000000000e+00
0.000000000000000000e+00 0.000000000000000000e+00 0.000000000000000000e+00
0.000000000000000000e+00 0.000000000000000000e+00 0.000000000000000000e+00
0.000000000000000000e+00 0.000000000000000000e+00 0.000000000000000000e+00
0.000000000000000000e+00 0.000000000000000000e+00 0.000000000000000000e+00
0.000000000000000000e+00 0.000000000000000000e+00 0.000000000000000000e+00
0.000000000000000000e+00 0.000000000000000000e+00 0.000000000000000000e+00
0.000000000000000000e+00 0.000000000000000000e+00 0.000000000000000000e+00
0.000000000000000000e+00 0.000000000000000000e+00 0.000000000000000000e+00
0.000000000000000000e+00 0.000000000000000000e+00 0.000000000000000000e+00
0.000000000000000000e+00 0.000000000000000000e+00 0.000000000000000000e+00
0.000000000000000000e+00 0.000000000000000000e+00 0.000000000000000000e+00
0.000000000000000000e+00 0.000000000000000000e+00 0.000000000000000000e+00
0.000000000000000000e+00 0.000000000000000000e+00 0.000000000000000000e+00
0.000000000000000000e+00 0.000000000000000000e+00 0.000000000000000000e+00
0.000000000000000000e+00 0.000000000000000000e+00 0.000000000000000000e+00
0.000000000000000000e+00 0.000000000000000000e+00 0.000000000000000000e+00
0.000000000000000000e+00 0.000000000000000000e+00 0.000000000000000000e+00
0.000000000000000000e+00 0.000000000000000000e+00 0.000000000000000000e+00
0.000000000000000000e+00 0.000000000000000000e+00 0.000000000000000000e+00
0.000000000000000000e+00 0.000000000000000000e+00 0.000000000000000000e+00
0.000000000000000000e+00 0.000000000000000000e+00 0.000000000000000000e+00
0.000000000000000000e+00 0.000000000000000000e+00 0.000000000000000000e+00
0.000000000000000000e+00 0.000000000000000000e+00 0.000000000000000000e+00
0.000000000000000000e+00 0.000000000000000000e+00 0.000000000000000000e+00
0.000000000000000000e+00 0.000000000000000000e+00 0.000000000000000000e+00
0.000000000000000000e+00 0.000000000000000000e+00 0.000000000000000000e+00
0.000000000000000000e+00 0.000000000000000000e+00 0.000000000000000000e+00
0.000000000000000000e+00 0.000000000000000000e+00 0.000000000000000000e+00
0.000000000000000000e+00 0.000000000000000000e+00 0.000000000000000000e+00
0.000000000000000000e+00 0.000000000000000000e+00 0.000000000000000000e+00
0.000000000000000000e+00 0.000000000000000000e+00 0.000000000000000000e+00
0.000000000000000000e+00 0.000000000000000000e+00 0.000000000000000000e+00
0.000000000000000000e+00 0.000000000000000000e+00 0.000000000000000000e+00
0.000000000000000000e+00 0.000000000000000000e+00 0.000000000000000000e+00
0.000000000000000000e+00 0.000000000000000000e+00 0.000000000000000000e+00
0.000000000000000000e+00 0.000000000000000000e+00 0.000000000000000000e+00
0.000000000000000000e+00 0.000000000000000000e+00 0.000000000000000000e+00
0.000000000000000000e+00 0.000000000000000000e+00 0.000000000000000000e+00
0.000000000000000000e+00 0.000000000000000000e+00 0.000000000000000000e+00
0.000000000000000000e+00 0.000000000000000000e+00 0.000000000000000000e+00
0.000000000000000000e+00 0.000000000000000000e+00 0.000000000000000000e+00
0.000000000000000000e+00 0.000000000000000000e+00 0.000000000000000000e+00
0.000000000000000000e+00 0.000000000000000000e+00 0.000000000000000000e+00
0.000000000000000000e+00 0.000000000000000000e+00 0.000000000000000000e+00
0.000000000000000000e+00 0.000000000000000000e+00 0.000000000000000000e+00
0.000000000000000000e+00 0.000000000000000000e+00 0.000000000000000000e+00
0.000000000000000000e+00 0.000000000000000000e+00 0.000000000000000000e+00
0.000000000000000000e+00 0.000000000000000000e+00 0.000000000000000000e+00
0.000000000000000000e+00 0.000000000000000000e+00 0.000000000000000000e+00
0.000000000000000000e+00 0.000000000000000000e+00 0.000000000000000000e+00
0.000000000000000000e+00 0.000000000000000000e+00 0.000000000000000000e+00
0.000000000000000000e+00 0.000000000000000000e+00 0.000000000000000000e+00
