2.874008773704788879e-08 7.667239433639626283e-08 1.062443770945646965e-08
1.988644705483970134e-07 5.548626442861604355e-07 1.150244124176595159e-07
5.161291209286359831e-07 1.380201989576232967e-06 3.848596315873511791e-07
9.762105446793922023e-07 2.588941664471621852e-06 8.050008959202653903e-07
1.625866393029046803e-06 4.058779827786617250e-06 1.393127269764937642e-06
2.151565354601067043e-06 5.916667720555006734e-06 2.361965494715189284e-06
2.939042622175152829e-06 7.649266349186635645e-06 4.093850835958604497e-06
4.074541579252281000e-06 1.037648353254308668e-05 6.627175761602075575e-06
5.237886378280116969e-06 1.163973760795170024e-05 9.838917782520263162e-06
5.536204538947937209e-06 1.444197539757090399e-05 7.197555074696871584e-06
7.745773802368167174e-06 1.661056426738621560e-05 1.455604913181659024e-05
8.640398526339546973e-06 1.918131228934566700e-05 1.901608608764440738e-05
9.315777852407300391e-06 2.362786524999787682e-05 1.723376441570665952e-05
1.066425151454273868e-05 2.308847073796811645e-05 1.852597652633209359e-05
1.193966310146603678e-05 2.614304822395023751e-05 1.784276568476287017e-05
1.167163075706471995e-05 3.149975679082712651e-05 2.327618812488058448e-05
1.523411669696111047e-05 3.302660711474130465e-05 2.454964172828620749e-05
1.626632889417338045e-05 3.388038286675928664e-05 3.221905783008562074e-05
1.593955866971809984e-05 3.795099311718220782e-05 1.285835748089729029e-05
1.763181262378057395e-05 3.888183203488057132e-05 2.646856817051705823e-05
1.888053281576742375e-05 4.172300940978232713e-05 5.769982527922859315e-05
1.973572960819079886e-05 4.397989402371858857e-05 2.734004404829785202e-05
2.226490925173579873e-05 4.501051658390564100e-05 3.199137188019688315e-05
2.444329355473669795e-05 4.860963213969982647e-05 3.539822107521153172e-05
2.407205184466106062e-05 4.903993102400858915e-05 5.407283773487401088e-05
2.742358375364341400e-05 4.932575329171700799e-05 6.151373493086827030e-05
2.720711514173541234e-05 5.615763387095145965e-05 3.360571694217304270e-05
2.637421473389936838e-05 5.073726853227130144e-05 5.233018346356828018e-05
3.071005281582579841e-05 5.239486543393058753e-05 6.026783686910588489e-05
2.645674358812395187e-05 5.814880146276147933e-05 3.239580597582014567e-05
2.790271747182276890e-05 6.020669116385759812e-05 6.911183980676180720e-05
3.187411669505430201e-05 5.718937210729932338e-05 6.852032211240029842e-05
3.474852850635386762e-05 6.218105079313591206e-05 6.170707419852987223e-05
2.970147798001103885e-05 6.006710877853785986e-05 5.959298958490155272e-05
3.730960513687112530e-05 5.997597484776133995e-05 1.887465357285611953e-05
3.620301908190080571e-05 6.051208316457783052e-05 7.389492766535845107e-05
3.752279811314020381e-05 6.253726314654940591e-05 3.537976855179774538e-05
3.492720739640262957e-05 6.366108227490611189e-05 3.736118368686054583e-05
3.664730209811466156e-05 7.082257758377607517e-05 3.941260961665357269e-05
4.192125358138037506e-05 5.930898510112555237e-05 4.106777801808454633e-05
4.476984120454678635e-05 7.298908313888020883e-05 6.991614373956834302e-05
4.065126546583434724e-05 7.797708785487233237e-05 3.668597092199900062e-05
3.929400021552338656e-05 6.521552722893376086e-05 2.879608498840310516e-05
4.170093896803937929e-05 8.241945470746925306e-05 6.026043376090994418e-05
3.395733553389542749e-05 7.038207549186002818e-05 8.402610248039045059e-05
3.798866509551915527e-05 7.115307634367590273e-05 9.910791678647227077e-05
4.077197787058393165e-05 7.575439483452073026e-05 3.435213893833844698e-05
4.472061379693435243e-05 6.588748492598408039e-05 7.155212865627112457e-05
4.345429044326118531e-05 7.085296275281219736e-05 1.001357843873362547e-04
4.295311485961732126e-05 7.020007403807142167e-05 3.903897789083757514e-05
4.680318899041874546e-05 6.102543354567645006e-05 5.414861122461785240e-05
4.087803651807791973e-05 6.542747213629758268e-05 7.028482022763665857e-05
4.389279142767074638e-05 7.337141064531724243e-05 5.794459532495413473e-05
4.414077612957277493e-05 6.855734262973239423e-05 3.050132423987120391e-05
3.962390402298938507e-05 6.613071191851328215e-05 9.437397332694452700e-05
4.363919692053016170e-05 7.214009523483984093e-05 8.197017178900861266e-05
5.426811142328233318e-05 6.451467372908930849e-05 3.410917929679860105e-05
4.645407476925387770e-05 6.305327700594965290e-05 5.228998059127570706e-05
4.145586683485204862e-05 6.794990176104763848e-05 1.846676865986483576e-05
3.990498071735249126e-05 6.305535252920766061e-05 7.464727384799064894e-05
5.649785509892658745e-05 7.123569901086975386e-05 1.953414216990766850e-05
4.487393952577165045e-05 6.588351068552096340e-05 1.398249353682417455e-04
5.310141829685687443e-05 6.285823595592585945e-05 8.271285398310027613e-05
5.075946871970884512e-05 5.663808454133653934e-05 1.276605491594258132e-04
5.445016254475719717e-05 6.473644126153985177e-05 4.453037576264824672e-05
4.674669005571985015e-05 5.777277154819085762e-05 0.000000000000000000e+00
4.758456661610534390e-05 6.450221010104668147e-05 4.639231272100558402e-05
4.070661446001614569e-05 7.577103348278139744e-05 9.630029437782114724e-05
5.104666366975210825e-05 6.326880538243261109e-05 4.938783468521107845e-05
5.019158737714438789e-05 6.691309398572267524e-05 2.543830369650581239e-05
5.168490789165827796e-05 6.792889810097984659e-05 2.626840376407090050e-05
4.875710917585801156e-05 7.650664555426479115e-05 8.148902075357291068e-05
5.597174957293593714e-05 5.894947007057861366e-05 5.575245934213706470e-05
5.416043709858541112e-05 6.668368813211664875e-05 5.733464210627915492e-05
4.486905507064287710e-05 4.891060878383860492e-05 2.918413195130329475e-05
5.577818160810541924e-05 6.832439586032843610e-05 3.045770454841126052e-05
4.939745734413879182e-05 6.682431607051853570e-05 9.299130900343583991e-05
5.287996451940507906e-05 5.848824660893683013e-05 3.228639976606324536e-05
5.359253733816294913e-05 5.540832562346701469e-05 3.261856218661168778e-05
5.027583497020285110e-05 7.336583346319846806e-05 1.013508545806408954e-04
6.825536989532661101e-05 7.393094396611206941e-05 1.382129106834613375e-04
5.207210632447575253e-05 6.465871162694151379e-05 7.126462287230305261e-05
5.085274870463945803e-05 7.257712593469400832e-05 1.083122241552814563e-04
5.024877169128251411e-05 6.924591050627217656e-05 2.226596474020943873e-04
5.598230104622383855e-05 6.020016911820540807e-05 7.611299577573676196e-05
5.102018878261450294e-05 5.891436507894454524e-05 3.888817037221446905e-05
6.131746153747017110e-05 7.139439443017660454e-05 1.587351255603484587e-04
5.150434646140023904e-05 4.443197361571394509e-05 8.078667742457649873e-05
6.233693406311631695e-05 5.577872891015833349e-05 4.128755088676728055e-05
4.406735000776313912e-05 5.555024993980916008e-05 0.000000000000000000e+00
4.919796118024791210e-05 6.445936460035198558e-05 4.360460475839705153e-05
5.937140577739728357e-05 7.521220079342998978e-05 4.449466915239430668e-05
6.279930419962567354e-05 4.646226089524341436e-05 9.102469158521478356e-05
5.247899814992799418e-05 5.073176057421732125e-05 1.388269436862167507e-04
5.901732422074262776e-05 4.519068404948477311e-05 0.000000000000000000e+00
5.240068306649240629e-05 5.130844977589532456e-05 4.798315652676841898e-05
4.444787686542178804e-05 6.628053676837747648e-05 4.912073632119534487e-05
3.718745868634804031e-05 4.806352978582673698e-05 1.012475340488039604e-04
6.416442486230865532e-05 5.446284177050760169e-05 1.541004568467778607e-04
4.599176145379579644e-05 4.442962988666386884e-05 1.573340852093775262e-04
5.060714225763543884e-05 5.486720140883184104e-05 5.376156720863743552e-05
4.532674393626545439e-05 5.978402670497774961e-05 0.000000000000000000e+00
4.241109943926846937e-05 5.108243769949068230e-05 5.526832496459255483e-05
4.590512228228245292e-05 5.011028400197573810e-05 1.701249817605948440e-04
5.482040440026498428e-05 3.273613484784226982e-05 5.812183644459837311e-05
5.315170238008845084e-05 5.005220860768908031e-05 0.000000000000000000e+00
4.167124487444482615e-05 4.246324870543935031e-05 5.986841750808150964e-05
4.527835806801594113e-05 5.843086105792767850e-05 0.000000000000000000e+00
4.466873402183513492e-05 6.837361357103728448e-05 0.000000000000000000e+00
4.995314195007882855e-05 4.931554379101288848e-05 6.367156672920904717e-05
4.785609992100408521e-05 3.426335376742600520e-05 6.455863928154732324e-05
6.694423060290154886e-05 4.665033159138606524e-05 0.000000000000000000e+00
5.732528990943356099e-05 3.077983281031676646e-05 6.759182275254530295e-05
4.575418166605627854e-05 5.071197088248884815e-05 6.787975351402173222e-05
4.332724347096726452e-05 4.917342438867003775e-05 6.913452510615905459e-05
5.552924231254188124e-05 4.488601335752600603e-05 1.408506100851624919e-04
4.475745029667471572e-05 5.594530238764153153e-05 1.440496452785801785e-04
6.753059073914599434e-05 3.868657492186671447e-05 7.386707463945934302e-05
3.610195480887959678e-05 7.091459644383078624e-05 7.482229658504114969e-05
4.022434382793685175e-05 4.015606456748765452e-05 7.644496270663136137e-05
4.087793521985891380e-05 4.343378897280400215e-05 7.690447388734042780e-05
4.336409133491788017e-05 5.520706429676601977e-05 0.000000000000000000e+00
4.044898781351599203e-05 3.932639587127234317e-05 7.927459045066631994e-05
4.854671140344253544e-05 2.278499153900296321e-05 8.094458206758952420e-05
5.695328562166281100e-05 3.485990308358236144e-05 0.000000000000000000e+00
3.856806484891656128e-05 3.248042894403536859e-05 0.000000000000000000e+00
3.911709394633985514e-05 4.498468491990925580e-05 0.000000000000000000e+00
4.772899475611627301e-05 5.175739360765798828e-05 1.729846129167212786e-04
4.448842711069989428e-05 2.785614364659331707e-05 0.000000000000000000e+00
3.076269399301215403e-05 4.088428284957680570e-05 8.889472131232328594e-05
4.167583131295635618e-05 2.554876831836748834e-05 0.000000000000000000e+00
4.453219636650029666e-05 3.573174751519039957e-05 1.838322573131281998e-04
2.148246417402379442e-05 3.281056180530714938e-05 9.267232938519729573e-05
3.487176278610695475e-05 2.343319339498616650e-05 0.000000000000000000e+00
3.100793384626808529e-05 4.055801934382152101e-05 0.000000000000000000e+00
4.719037331594072874e-05 3.097245191708745900e-05 0.000000000000000000e+00
3.657678403852255167e-05 2.793015166361425934e-05 0.000000000000000000e+00
4.856444466574280991e-05 2.470186702542232629e-05 1.005218084572965734e-04
6.102795690965973644e-05 2.865687758274862912e-05 0.000000000000000000e+00
4.518242591153321666e-05 5.112988015756016126e-05 0.000000000000000000e+00
5.073265584528346495e-05 2.589447149980080788e-05 0.000000000000000000e+00
4.416218963258402425e-05 5.235902444964249028e-05 1.061522079725476131e-04
4.723811064046703421e-05 4.181996865049416646e-05 1.083259169306014105e-04
2.019204928241220246e-05 3.078161735276570553e-05 0.000000000000000000e+00
4.853955763308647972e-05 1.951816497931182319e-05 0.000000000000000000e+00
4.927674905401706920e-05 3.974029314729976526e-05 1.118743431327571863e-04
3.150612612878513655e-05 1.605932464882762676e-05 0.000000000000000000e+00
3.463177848822502963e-05 4.481115457375233206e-05 1.159189815732455871e-04
2.976452779411845674e-05 2.062585939564628396e-05 0.000000000000000000e+00
4.925581617872578895e-05 5.441583863052881765e-05 0.000000000000000000e+00
3.328338476743069848e-05 2.963397106157816891e-05 0.000000000000000000e+00
5.332137630911741176e-05 3.436587550636408249e-05 0.000000000000000000e+00
3.700615779868472055e-05 1.305477338665717787e-05 0.000000000000000000e+00
4.617872740027165955e-05 4.407575466953239207e-05 1.251352138109398601e-04
3.506256728849871211e-05 2.677611158608069646e-05 0.000000000000000000e+00
3.557435430143630878e-05 3.620281158219545363e-05 0.000000000000000000e+00
2.693939786026670549e-05 2.289305449950667271e-05 2.601503047366574657e-04
2.127126130609209703e-05 1.395360471503081841e-05 0.000000000000000000e+00
3.998081370052045629e-05 3.297374000723258581e-05 0.000000000000000000e+00
4.048220618383248875e-05 0.000000000000000000e+00 0.000000000000000000e+00
2.207347677876006798e-05 3.370240839557837897e-05 0.000000000000000000e+00
2.876117402917762592e-05 1.463465833432339854e-05 0.000000000000000000e+00
2.911198347701722124e-05 2.472275321434990144e-05 1.397583158940283554e-04
4.581301966872129911e-05 2.006654783159573144e-05 0.000000000000000000e+00
5.297541114980136589e-05 1.518135104061032820e-05 0.000000000000000000e+00
3.022268709885870159e-05 5.122869076741552188e-05 0.000000000000000000e+00
3.733113247791957018e-05 5.710596550004729227e-05 0.000000000000000000e+00
1.717141358994663184e-05 1.575062727393243564e-05 0.000000000000000000e+00
2.779706264566218169e-05 1.062285587478581554e-05 0.000000000000000000e+00
3.166050970884951433e-05 1.076205647889984094e-05 1.520097034983594890e-04
1.775037582124919008e-05 1.628688542638695021e-05 0.000000000000000000e+00
2.884133266182522788e-05 2.753749868368930416e-05 0.000000000000000000e+00
4.008584623820220645e-05 3.342110636939806884e-05 0.000000000000000000e+00
1.472312811776130976e-05 3.380983455462045929e-05 0.000000000000000000e+00
2.980571894166806666e-05 3.416417905697024664e-05 0.000000000000000000e+00
3.017254075769281693e-05 2.887129208109846546e-05 0.000000000000000000e+00
2.286511609037303116e-05 4.653980323529420537e-05 0.000000000000000000e+00
2.312331035958198973e-05 3.538983487572796801e-05 0.000000000000000000e+00
1.170286959951543707e-05 2.381976424669219987e-05 0.000000000000000000e+00
1.185371264028114020e-05 3.623505890854101028e-05 0.000000000000000000e+00
4.389529939131341628e-05 0.000000000000000000e+00 0.000000000000000000e+00
3.224249246886421187e-05 1.232350325229262890e-05 0.000000000000000000e+00
3.266327429826897620e-05 1.250354335757941824e-05 0.000000000000000000e+00
2.063810080486346769e-05 1.259676629682134917e-05 0.000000000000000000e+00
1.665250043343996966e-05 6.387999394009578883e-06 0.000000000000000000e+00
2.108836668590772427e-05 0.000000000000000000e+00 0.000000000000000000e+00
1.703034945210609135e-05 1.950592520571241796e-05 0.000000000000000000e+00
2.159864970439836644e-05 1.978604472903739895e-05 0.000000000000000000e+00
3.045603293453926576e-05 1.331564652227718563e-05 0.000000000000000000e+00
3.512839310486311407e-05 1.343743322853935005e-05 0.000000000000000000e+00
3.999955798566418502e-05 1.358537254673456701e-05 0.000000000000000000e+00
3.148576146400665018e-05 1.372559323187230168e-05 0.000000000000000000e+00
1.809687020008077371e-05 2.776470405111521923e-05 0.000000000000000000e+00
3.202501283411275255e-05 0.000000000000000000e+00 0.000000000000000000e+00
2.774650993601232248e-05 7.098519989548440571e-06 0.000000000000000000e+00
3.274482504667292521e-05 2.866020213588523949e-05 0.000000000000000000e+00
3.781016744503048945e-05 1.447845348299188827e-05 0.000000000000000000e+00
4.296206084430458344e-05 2.916645120675507948e-05 0.000000000000000000e+00
2.894522623133081660e-05 2.210532300034833672e-05 0.000000000000000000e+00
3.406758620343120560e-05 2.982349816012247598e-05 0.000000000000000000e+00
4.928595171310838640e-05 0.000000000000000000e+00 0.000000000000000000e+00
1.991222774547839560e-05 7.572911606402864874e-06 0.000000000000000000e+00
2.513082945082365305e-05 2.301197964475373600e-05 0.000000000000000000e+00
4.062236961004291464e-05 1.546078731342589101e-05 0.000000000000000000e+00
4.102435366414190282e-05 2.349663590182705160e-05 0.000000000000000000e+00
3.105309619749813723e-05 3.165962032876805827e-05 0.000000000000000000e+00
3.130740880516608024e-05 0.000000000000000000e+00 0.000000000000000000e+00
5.285853926031427061e-06 1.618130014799370537e-05 0.000000000000000000e+00
2.667005099023423862e-05 0.000000000000000000e+00 0.000000000000000000e+00
1.610892498133151846e-05 8.234536338183356369e-06 0.000000000000000000e+00
3.248305438212258496e-05 2.494612968188159475e-05 0.000000000000000000e+00
1.643259199264831370e-05 8.370185837676066232e-06 0.000000000000000000e+00
2.768751361814237235e-05 2.539964769600204145e-05 0.000000000000000000e+00
2.230071768231732245e-05 0.000000000000000000e+00 0.000000000000000000e+00
2.816879419238678032e-05 0.000000000000000000e+00 0.000000000000000000e+00
2.842783333184786712e-05 1.735083532819851340e-05 0.000000000000000000e+00
2.872833518429674743e-05 8.816261815326834286e-06 0.000000000000000000e+00
1.160535605439521279e-05 0.000000000000000000e+00 0.000000000000000000e+00
2.341591173468713952e-05 8.940226232752126976e-06 0.000000000000000000e+00
2.357899442176771243e-05 9.058464531434460930e-06 0.000000000000000000e+00
2.977108474750142584e-05 9.088145472971849242e-06 0.000000000000000000e+00
1.801028138377495561e-05 9.157589796129670621e-06 0.000000000000000000e+00
6.059224681854129816e-06 9.233951131681516664e-06 0.000000000000000000e+00
1.224518146900423739e-05 2.804562759247386641e-05 0.000000000000000000e+00
1.232196571494449073e-05 0.000000000000000000e+00 0.000000000000000000e+00
6.199495088388697989e-06 0.000000000000000000e+00 0.000000000000000000e+00
6.254724170558837424e-06 9.600149131355870965e-06 0.000000000000000000e+00
3.802598418232606557e-05 9.709008917782622629e-06 0.000000000000000000e+00
1.277207524013039738e-05 1.961296149242434207e-05 0.000000000000000000e+00
2.576163031094691255e-05 1.975723283420058313e-05 0.000000000000000000e+00
3.253485225653409367e-05 0.000000000000000000e+00 0.000000000000000000e+00
6.568533121347999312e-06 1.002193315602664186e-05 2.850382030629622690e-04
2.652888359482809732e-05 0.000000000000000000e+00 0.000000000000000000e+00
6.684757838654484237e-06 1.024848913579733528e-05 0.000000000000000000e+00
0.000000000000000000e+00 0.000000000000000000e+00 0.000000000000000000e+00
1.361093127787914508e-05 0.000000000000000000e+00 0.000000000000000000e+00
2.053323226449179360e-05 4.188205694283853627e-05 0.000000000000000000e+00
2.760198598395285853e-05 1.057348143599957698e-05 0.000000000000000000e+00
1.395489692399414389e-05 0.000000000000000000e+00 0.000000000000000000e+00
2.104355917234618079e-05 0.000000000000000000e+00 0.000000000000000000e+00
2.834171299531311152e-05 4.334710665883337348e-05 0.000000000000000000e+00
7.117273411083077657e-06 0.000000000000000000e+00 0.000000000000000000e+00
1.438610659191661255e-05 1.101954093173015981e-05 0.000000000000000000e+00
7.271618000150198468e-06 0.000000000000000000e+00 0.000000000000000000e+00
2.199190957184471586e-05 1.122767611816142846e-05 0.000000000000000000e+00
2.210707761353206677e-05 0.000000000000000000e+00 0.000000000000000000e+00
0.000000000000000000e+00 0.000000000000000000e+00 0.000000000000000000e+00
2.256118675292405142e-05 2.292739982445593863e-05 0.000000000000000000e+00
1.513403248910714615e-05 0.000000000000000000e+00 0.000000000000000000e+00
7.634116713845895652e-06 0.000000000000000000e+00 0.000000000000000000e+00
0.000000000000000000e+00 1.173964651303381003e-05 0.000000000000000000e+00
0.000000000000000000e+00 1.179974378942003707e-05 0.000000000000000000e+00
2.342141730268678214e-05 0.000000000000000000e+00 0.000000000000000000e+00
7.858329643173948234e-06 1.205686893639035990e-05 0.000000000000000000e+00
1.587341779042108621e-05 2.428511478114788597e-05 0.000000000000000000e+00
7.977903079747376280e-06 0.000000000000000000e+00 0.000000000000000000e+00
0.000000000000000000e+00 0.000000000000000000e+00 0.000000000000000000e+00
1.625476306715281720e-05 0.000000000000000000e+00 0.000000000000000000e+00
1.637106674612711182e-05 1.254063187338974077e-05 3.550293468332092121e-04
1.648777796919334538e-05 0.000000000000000000e+00 0.000000000000000000e+00
1.659217215175416894e-05 1.269619722621814019e-05 0.000000000000000000e+00
1.678138664438341137e-05 0.000000000000000000e+00 0.000000000000000000e+00
1.688669153124197902e-05 0.000000000000000000e+00 0.000000000000000000e+00
0.000000000000000000e+00 0.000000000000000000e+00 0.000000000000000000e+00
0.000000000000000000e+00 1.309326736075222184e-05 0.000000000000000000e+00
8.638680767178976563e-06 0.000000000000000000e+00 0.000000000000000000e+00
2.612202076770549247e-05 0.000000000000000000e+00 0.000000000000000000e+00
0.000000000000000000e+00 0.000000000000000000e+00 0.000000000000000000e+00
1.766461149799089379e-05 0.000000000000000000e+00 0.000000000000000000e+00
8.879724287830604307e-06 0.000000000000000000e+00 0.000000000000000000e+00
1.791545743372683293e-05 0.000000000000000000e+00 0.000000000000000000e+00
9.041375280353600321e-06 0.000000000000000000e+00 0.000000000000000000e+00
0.000000000000000000e+00 1.393843026062495563e-05 0.000000000000000000e+00
9.126758902568320788e-06 2.803242407605065510e-05 0.000000000000000000e+00
1.847348776941141007e-05 1.411886113725573067e-05 0.000000000000000000e+00
9.279842456166361852e-06 1.416827093725254486e-05 0.000000000000000000e+00
9.352800098204948711e-06 0.000000000000000000e+00 4.061898392018175176e-04
0.000000000000000000e+00 0.000000000000000000e+00 0.000000000000000000e+00
0.000000000000000000e+00 0.000000000000000000e+00 0.000000000000000000e+00
3.824983051790604039e-05 0.000000000000000000e+00 0.000000000000000000e+00
9.663992929419350136e-06 0.000000000000000000e+00 0.000000000000000000e+00
1.942994849227408825e-05 0.000000000000000000e+00 0.000000000000000000e+00
2.929831028463352046e-05 1.495362544384917291e-05 0.000000000000000000e+00
0.000000000000000000e+00 0.000000000000000000e+00 0.000000000000000000e+00
9.896551695572367309e-06 0.000000000000000000e+00 0.000000000000000000e+00
1.996337590055872875e-05 1.524718132817886660e-05 0.000000000000000000e+00
2.011467821216649199e-05 1.532423040930927147e-05 0.000000000000000000e+00
1.013751213992833034e-05 3.097509292004338487e-05 0.000000000000000000e+00
2.040489408279121136e-05 0.000000000000000000e+00 0.000000000000000000e+00
0.000000000000000000e+00 0.000000000000000000e+00 0.000000000000000000e+00
1.034147541812307345e-05 0.000000000000000000e+00 0.000000000000000000e+00
0.000000000000000000e+00 1.594324188563399261e-05 0.000000000000000000e+00
2.089988498890532381e-05 0.000000000000000000e+00 0.000000000000000000e+00
5.270000931098378085e-05 0.000000000000000000e+00 0.000000000000000000e+00
0.000000000000000000e+00 0.000000000000000000e+00 0.000000000000000000e+00
2.141240577714306837e-05 0.000000000000000000e+00 0.000000000000000000e+00
1.072938195880028024e-05 0.000000000000000000e+00 0.000000000000000000e+00
1.083694401293725249e-05 1.661464938622146982e-05 0.000000000000000000e+00
1.093625780570973309e-05 0.000000000000000000e+00 0.000000000000000000e+00
1.097435044255268638e-05 0.000000000000000000e+00 0.000000000000000000e+00
1.105073439398341167e-05 3.380749322294060178e-05 0.000000000000000000e+00
0.000000000000000000e+00 1.707748717702739044e-05 0.000000000000000000e+00
0.000000000000000000e+00 1.708201191362462455e-05 0.000000000000000000e+00
2.252431322153303027e-05 0.000000000000000000e+00 0.000000000000000000e+00
0.000000000000000000e+00 3.464991832603525081e-05 0.000000000000000000e+00
1.140072934144311977e-05 0.000000000000000000e+00 0.000000000000000000e+00
0.000000000000000000e+00 1.764312510138685096e-05 0.000000000000000000e+00
2.313747721920852556e-05 0.000000000000000000e+00 0.000000000000000000e+00
1.165320290639621897e-05 0.000000000000000000e+00 0.000000000000000000e+00
1.171978385493865575e-05 0.000000000000000000e+00 0.000000000000000000e+00
0.000000000000000000e+00 1.800829702661197625e-05 0.000000000000000000e+00
1.188401393538575013e-05 0.000000000000000000e+00 0.000000000000000000e+00
0.000000000000000000e+00 0.000000000000000000e+00 0.000000000000000000e+00
0.000000000000000000e+00 1.836782374433867625e-05 0.000000000000000000e+00
0.000000000000000000e+00 0.000000000000000000e+00 0.000000000000000000e+00
0.000000000000000000e+00 0.000000000000000000e+00 0.000000000000000000e+00
0.000000000000000000e+00 0.000000000000000000e+00 0.000000000000000000e+00
0.000000000000000000e+00 0.000000000000000000e+00 0.000000000000000000e+00
3.721618211963902156e-05 0.000000000000000000e+00 0.000000000000000000e+00
1.253354908798510040e-05 0.000000000000000000e+00 0.000000000000000000e+00
0.000000000000000000e+00 0.000000000000000000e+00 0.000000000000000000e+00
2.529329807868109216e-05 0.000000000000000000e+00 0.000000000000000000e+00
0.000000000000000000e+00 1.950155450015107880e-05 0.000000000000000000e+00
1.278553673498243146e-05 0.000000000000000000e+00 0.000000000000000000e+00
0.000000000000000000e+00 0.000000000000000000e+00 0.000000000000000000e+00
0.000000000000000000e+00 0.000000000000000000e+00 0.000000000000000000e+00
1.304642686917260508e-05 0.000000000000000000e+00 0.000000000000000000e+00
0.000000000000000000e+00 0.000000000000000000e+00 0.000000000000000000e+00
1.324221281434962485e-05 0.000000000000000000e+00 0.000000000000000000e+00
0.000000000000000000e+00 0.000000000000000000e+00 0.000000000000000000e+00
0.000000000000000000e+00 0.000000000000000000e+00 0.000000000000000000e+00
0.000000000000000000e+00 0.000000000000000000e+00 0.000000000000000000e+00
0.000000000000000000e+00 0.000000000000000000e+00 0.000000000000000000e+00
1.359242642488942759e-05 0.000000000000000000e+00 0.000000000000000000e+00
0.000000000000000000e+00 0.000000000000000000e+00 0.000000000000000000e+00
0.000000000000000000e+00 0.000000000000000000e+00 0.000000000000000000e+00
0.000000000000000000e+00 2.125570878334100174e-05 0.000000000000000000e+00
0.000000000000000000e+00 0.000000000000000000e+00 0.000000000000000000e+00
0.000000000000000000e+00 0.000000000000000000e+00 0.000000000000000000e+00
0.000000000000000000e+00 0.000000000000000000e+00 0.000000000000000000e+00
0.000000000000000000e+00 0.000000000000000000e+00 0.000000000000000000e+00
0.000000000000000000e+00 0.000000000000000000e+00 0.000000000000000000e+00
0.000000000000000000e+00 0.000000000000000000e+00 0.000000000000000000e+00
1.444418475997175771e-05 0.000000000000000000e+00 0.000000000000000000e+00
1.453854689202724150e-05 0.000000000000000000e+00 0.000000000000000000e+00
0.000000000000000000e+00 0.000000000000000000e+00 0.000000000000000000e+00
0.000000000000000000e+00 0.000000000000000000e+00 0.000000000000000000e+00
0.000000000000000000e+00 0.000000000000000000e+00 0.000000000000000000e+00
0.000000000000000000e+00 2.269776442265245220e-05 0.000000000000000000e+00
0.000000000000000000e+00 2.288593161294599565e-05 0.000000000000000000e+00
0.000000000000000000e+00 0.000000000000000000e+00 0.000000000000000000e+00
0.000000000000000000e+00 0.000000000000000000e+00 0.000000000000000000e+00
0.000000000000000000e+00 0.000000000000000000e+00 0.000000000000000000e+00
1.533222333629589347e-05 0.000000000000000000e+00 0.000000000000000000e+00
0.000000000000000000e+00 0.000000000000000000e+00 0.000000000000000000e+00
1.544683041705285800e-05 2.371562997661764107e-05 0.000000000000000000e+00
0.000000000000000000e+00 0.000000000000000000e+00 0.000000000000000000e+00
1.564229169849894676e-05 0.000000000000000000e+00 0.000000000000000000e+00
0.000000000000000000e+00 0.000000000000000000e+00 0.000000000000000000e+00
0.000000000000000000e+00 0.000000000000000000e+00 0.000000000000000000e+00
1.589187542315784432e-05 0.000000000000000000e+00 0.000000000000000000e+00
0.000000000000000000e+00 0.000000000000000000e+00 0.000000000000000000e+00
0.000000000000000000e+00 0.000000000000000000e+00 0.000000000000000000e+00
1.614343456105466645e-05 2.477216541171692589e-05 0.000000000000000000e+00
0.000000000000000000e+00 0.000000000000000000e+00 0.000000000000000000e+00
1.631462188939425628e-05 0.000000000000000000e+00 0.000000000000000000e+00
0.000000000000000000e+00 0.000000000000000000e+00 0.000000000000000000e+00
0.000000000000000000e+00 0.000000000000000000e+00 0.000000000000000000e+00
0.000000000000000000e+00 0.000000000000000000e+00 0.000000000000000000e+00
0.000000000000000000e+00 0.000000000000000000e+00 0.000000000000000000e+00
0.000000000000000000e+00 0.000000000000000000e+00 0.000000000000000000e+00
0.000000000000000000e+00 0.000000000000000000e+00 0.000000000000000000e+00
0.000000000000000000e+00 0.000000000000000000e+00 0.000000000000000000e+00
0.000000000000000000e+00 0.000000000000000000e+00 0.000000000000000000e+00
0.000000000000000000e+00 0.000000000000000000e+00 0.000000000000000000e+00
0.000000000000000000e+00 0.000000000000000000e+00 0.000000000000000000e+00
0.000000000000000000e+00 0.000000000000000000e+00 0.000000000000000000e+00
0.000000000000000000e+00 0.000000000000000000e+00 0.000000000000000000e+00
0.000000000000000000e+00 0.000000000000000000e+00 0.000000000000000000e+00
0.000000000000000000e+00 0.000000000000000000e+00 0.000000000000000000e+00
1.768310302742376065e-05 0.000000000000000000e+00 0.000000000000000000e+00
1.778749387909537324e-05 0.000000000000000000e+00 0.000000000000000000e+00
0.000000000000000000e+00 2.734794341604504720e-05 0.000000000000000000e+00
0.000000000000000000e+00 0.000000000000000000e+00 0.000000000000000000e+00
0.000000000000000000e+00 0.000000000000000000e+00 0.000000000000000000e+00
1.815528126112255143e-05 0.000000000000000000e+00 0.000000000000000000e+00
0.000000000000000000e+00 0.000000000000000000e+00 0.000000000000000000e+00
1.835196203988989096e-05 0.000000000000000000e+00 0.000000000000000000e+00
0.000000000000000000e+00 0.000000000000000000e+00 0.000000000000000000e+00
0.000000000000000000e+00 0.000000000000000000e+00 0.000000000000000000e+00
1.871784885571910773e-05 0.000000000000000000e+00 0.000000000000000000e+00
0.000000000000000000e+00 0.000000000000000000e+00 0.000000000000000000e+00
0.000000000000000000e+00 0.000000000000000000e+00 0.000000000000000000e+00
0.000000000000000000e+00 0.000000000000000000e+00 0.000000000000000000e+00
0.000000000000000000e+00 0.000000000000000000e+00 0.000000000000000000e+00
0.000000000000000000e+00 0.000000000000000000e+00 0.000000000000000000e+00
0.000000000000000000e+00 0.000000000000000000e+00 0.000000000000000000e+00
0.000000000000000000e+00 0.000000000000000000e+00 0.000000000000000000e+00
0.000000000000000000e+00 0.000000000000000000e+00 0.000000000000000000e+00
0.000000000000000000e+00 0.000000000000000000e+00 0.000000000000000000e+00
0.000000000000000000e+00 0.000000000000000000e+00 0.000000000000000000e+00
0.000000000000000000e+00 0.000000000000000000e+00 0.000000000000000000e+00
0.000000000000000000e+00 0.000000000000000000e+00 0.000000000000000000e+00
0.000000000000000000e+00 0.000000000000000000e+00 0.000000000000000000e+00
0.000000000000000000e+00 0.000000000000000000e+00 0.000000000000000000e+00
0.000000000000000000e+00 0.000000000000000000e+00 0.000000000000000000e+00
0.000000000000000000e+00 0.000000000000000000e+00 0.000000000000000000e+00
0.000000000000000000e+00 0.000000000000000000e+00 0.000000000000000000e+00
0.000000000000000000e+00 0.000000000000000000e+00 0.000000000000000000e+00
0.000000000000000000e+00 0.000000000000000000e+00 0.000000000000000000e+00
0.000000000000000000e+00 0.000000000000000000e+00 0.000000000000000000e+00
0.000000000000000000e+00 0.000000000000000000e+00 0.000000000000000000e+00
0.000000000000000000e+00 0.000000000000000000e+00 0.000000000000000000e+00
0.000000000000000000e+00 0.000000000000000000e+00 0.000000000000000000e+00
0.000000000000000000e+00 0.000000000000000000e+00 0.000000000000000000e+00
2.116784718869850961e-05 0.000000000000000000e+00 0.000000000000000000e+00
0.000000000000000000e+00 0.000000000000000000e+00 0.000000000000000000e+00
0.000000000000000000e+00 0.000000000000000000e+00 0.000000000000000000e+00
0.000000000000000000e+00 0.000000000000000000e+00 0.000000000000000000e+00
0.000000000000000000e+00 0.000000000000000000e+00 0.000000000000000000e+00
0.000000000000000000e+00 0.000000000000000000e+00 0.000000000000000000e+00
0.000000000000000000e+00 0.000000000000000000e+00 0.000000000000000000e+00
2.181215186556027536e-05 0.000000000000000000e+00 0.000000000000000000e+00
0.000000000000000000e+00 0.000000000000000000e+00 0.000000000000000000e+00
0.000000000000000000e+00 0.000000000000000000e+00 0.000000000000000000e+00
0.000000000000000000e+00 3.394479900557609709e-05 0.000000000000000000e+00
0.000000000000000000e+00 0.000000000000000000e+00 0.000000000000000000e+00
0.000000000000000000e+00 0.000000000000000000e+00 0.000000000000000000e+00
0.000000000000000000e+00 0.000000000000000000e+00 0.000000000000000000e+00
0.000000000000000000e+00 0.000000000000000000e+00 0.000000000000000000e+00
0.000000000000000000e+00 0.000000000000000000e+00 0.000000000000000000e+00
0.000000000000000000e+00 0.000000000000000000e+00 0.000000000000000000e+00
0.000000000000000000e+00 0.000000000000000000e+00 0.000000000000000000e+00
0.000000000000000000e+00 0.000000000000000000e+00 0.000000000000000000e+00
0.000000000000000000e+00 0.000000000000000000e+00 0.000000000000000000e+00
0.000000000000000000e+00 0.000000000000000000e+00 0.000000000000000000e+00
0.000000000000000000e+00 0.000000000000000000e+00 0.000000000000000000e+00
0.000000000000000000e+00 0.000000000000000000e+00 0.000000000000000000e+00
0.000000000000000000e+00 0.000000000000000000e+00 0.000000000000000000e+00
0.000000000000000000e+00 0.000000000000000000e+00 0.000000000000000000e+00
0.000000000000000000e+00 0.000000000000000000e+00 0.000000000000000000e+00
0.000000000000000000e+00 0.000000000000000000e+00 0.000000000000000000e+00
0.000000000000000000e+00 0.000000000000000000e+00 0.000000000000000000e+00
0.000000000000000000e+00 0.000000000000000000e+00 0.000000000000000000e+00
0.000000000000000000e+00 0.000000000000000000e+00 0.000000000000000000e+00
0.000000000000000000e+00 0.000000000000000000e+00 0.000000000000000000e+00
0.000000000000000000e+00 0.000000000000000000e+00 0.000000000000000000e+00
0.000000000000000000e+00 0.000000000000000000e+00 0.000000000000000000e+00
0.000000000000000000e+00 0.000000000000000000e+00 0.000000000000000000e+00
0.000000000000000000e+00 0.000000000000000000e+00 0.000000000000000000e+00
0.000000000000000000e+00 0.000000000000000000e+00 0.000000000000000000e+00
0.000000000000000000e+00 0.000000000000000000e+00 0.000000000000000000e+00
0.000000000000000000e+00 0.000000000000000000e+00 0.000000000000000000e+00
0.000000000000000000e+00 0.000000000000000000e+00 0.000000000000000000e+00
0.000000000000000000e+00 0.000000000000000000e+00 0.000000000000000000e+00
0.000000000000000000e+00 0.000000000000000000e+00 0.000000000000000000e+00
0.000000000000000000e+00 0.000000000000000000e+00 0.000000000000000000e+00
0.000000000000000000e+00 0.000000000000000000e+00 0.000000000000000000e+00
0.000000000000000000e+00 0.000000000000000000e+00 0.000000000000000000e+00
0.000000000000000000e+00 0.000000000000000000e+00 0.000000000000000000e+00
0.000000000000000000e+00 0.000000000000000000e+00 0.000000000000000000e+00
0.000000000000000000e+00 0.000000000000000000e+00 0.000000000000000000e+00
0.000000000000000000e+00 0.000000000000000000e+00 0.000000000000000000e+00
0.000000000000000000e+00 0.000000000000000000e+00 0.000000000000000000e+00
0.000000000000000000e+00 0.000000000000000000e+00 0.000000000000000000e+00
0.000000000000000000e+00 0.000000000000000000e+00 0.000000000000000000e+00
0.000000000000000000e+00 0.000000000000000000e+00 0.000000000000000000e+00
0.000000000000000000e+00 0.000000000000000000e+00 0.000000000000000000e+00
0.000000000000000000e+00 0.000000000000000000e+00 0.000000000000000000e+00
2.698220605656185530e-05 0.000000000000000000e+00 0.000000000000000000e+00
2.712495053004298801e-05 0.000000000000000000e+00 0.000000000000000000e+00
0.000000000000000000e+00 0.000000000000000000e+00 0.000000000000000000e+00
0.000000000000000000e+00 0.000000000000000000e+00 0.000000000000000000e+00
0.000000000000000000e+00 0.000000000000000000e+00 0.000000000000000000e+00
0.000000000000000000e+00 0.000000000000000000e+00 0.000000000000000000e+00
0.000000000000000000e+00 0.000000000000000000e+00 0.000000000000000000e+00
0.000000000000000000e+00 0.000000000000000000e+00 0.000000000000000000e+00
0.000000000000000000e+00 0.000000000000000000e+00 0.000000000000000000e+00
0.000000000000000000e+00 0.000000000000000000e+00 0.000000000000000000e+00
0.000000000000000000e+00 0.000000000000000000e+00 0.000000000000000000e+00
0.000000000000000000e+00 0.000000000000000000e+00 0.000000000000000000e+00
0.000000000000000000e+00 0.000000000000000000e+00 0.000000000000000000e+00
0.000000000000000000e+00 0.000000000000000000e+00 0.000000000000000000e+00
0.000000000000000000e+00 0.000000000000000000e+00 0.000000000000000000e+00
0.000000000000000000e+00 0.000000000000000000e+00 0.000000000000000000e+00
0.000000000000000000e+00 0.000000000000000000e+00 0.000000000000000000e+00
0.000000000000000000e+00 0.000000000000000000e+00 0.000000000000000000e+00
0.000000000000000000e+00 0.000000000000000000e+00 0.000000000000000000e+00
