2.318585085797777938e-08 1.610800982081051511e-08 1.195351486499936439e-09
1.674024405416304407e-07 1.192057938971961102e-07 1.790197954982573921e-08
4.535758305379992530e-07 3.322868144702974711e-07 7.503736733250466946e-08
8.799314346092038097e-07 6.602586626925497296e-07 1.866464028947626632e-07
1.430577423506892744e-06 1.102094005124176049e-06 3.854853870426367151e-07
2.113917539280957426e-06 1.664474235718255284e-06 6.657224759403455242e-07
2.907956099964530854e-06 2.335148262736843957e-06 1.062836306067662263e-06
3.808552994886271115e-06 3.128611094167777116e-06 1.530419939934450353e-06
4.837111277551141430e-06 4.013575353555942295e-06 2.143193110322940914e-06
5.932705196060470286e-06 5.019484560621036798e-06 2.808861049833948790e-06
7.131055687623878818e-06 6.109077855920428685e-06 3.705932372263180410e-06
8.426572709855495577e-06 7.344843369207836953e-06 4.753688780642548467e-06
9.788657473948238327e-06 8.615268785001855927e-06 5.586803289846702596e-06
1.119716943457375725e-05 1.001019130514178612e-05 6.721206855301497252e-06
1.265882042970176693e-05 1.136772667975304652e-05 8.073095293144886276e-06
1.418218661248479048e-05 1.290995840776196083e-05 9.333174924514154024e-06
1.579895649163342192e-05 1.450705346279272240e-05 1.077819261107439911e-05
1.741120188357329435e-05 1.605621099255787428e-05 1.232346437364243985e-05
1.899918988550650768e-05 1.785179278744197597e-05 1.392281825927251864e-05
2.073162390572644474e-05 1.947394237039942535e-05 1.548691011978390938e-05
2.230238559280531271e-05 2.108270782461698576e-05 1.714608705437342621e-05
2.406448808240008364e-05 2.293712096334632475e-05 1.905825151001819151e-05
2.583269555797501952e-05 2.477977741205937714e-05 2.058054566857585514e-05
2.747364699923663959e-05 2.650597373410812016e-05 2.228320872899504587e-05
2.923585233123263154e-05 2.843690367417756859e-05 2.447013713027126097e-05
3.090822439696461546e-05 3.022613506679323460e-05 2.686550313249117284e-05
3.265404737856292196e-05 3.195932582096480950e-05 2.845563716905967895e-05
3.432057181459795373e-05 3.368478797639952107e-05 3.009235973467083307e-05
3.588237862473101408e-05 3.556046245683879264e-05 3.217600798362070042e-05
3.748827456777475015e-05 3.744834749357694764e-05 3.414720703107984427e-05
3.922648602591507090e-05 3.906924351660145028e-05 3.564549475251600985e-05
4.073996660145799735e-05 4.066589872834200923e-05 3.728771582225013861e-05
4.226482441735910782e-05 4.225826846030600195e-05 3.961649651888526669e-05
4.368510262768885111e-05 4.398757320206911326e-05 4.128696319148620920e-05
4.556234785166878335e-05 4.600295321216455981e-05 4.352995388239594573e-05
4.679727193469633144e-05 4.716906299279125583e-05 4.493367421699677846e-05
4.812248330361069862e-05 4.915977744744035028e-05 4.677020911220186648e-05
4.971991726370657565e-05 5.028841126602345130e-05 4.791406562182178773e-05
5.089304913841661800e-05 5.202260002788875522e-05 5.055432975500217120e-05
5.251725802315770924e-05 5.338569296188887096e-05 5.174503069562219837e-05
5.345686783512636382e-05 5.471613791273327875e-05 5.375773390737075539e-05
5.487872296767124251e-05 5.622788607456305590e-05 5.485933066205374563e-05
5.576184119093327194e-05 5.747369462928060579e-05 5.575698575980546107e-05
5.741276045034836067e-05 5.864882064237016449e-05 5.745851665750345972e-05
5.816768572900758754e-05 5.970273483467205975e-05 6.023828663833479376e-05
5.903184411944208088e-05 6.090488276200806226e-05 5.997608493002517393e-05
6.018870030117818562e-05 6.195583817058333972e-05 6.159296215126178241e-05
6.088517199098115350e-05 6.311731900419193040e-05 6.282120777327665213e-05
6.183582067675614646e-05 6.404671322744366082e-05 6.439918291601907376e-05
6.315633283664298832e-05 6.543421280814783701e-05 6.574141911929645818e-05
6.373698751756616120e-05 6.593472291763577018e-05 6.669747936445202482e-05
6.449155740187024176e-05 6.653641510233853067e-05 6.854046125656387291e-05
6.484330296949045386e-05 6.767166800476410332e-05 6.851064880882349998e-05
6.584323198327961799e-05 6.867793434073303147e-05 6.882638900571747117e-05
6.638153106282944078e-05 6.893541821936827890e-05 6.957531854357823075e-05
6.712744211663636089e-05 6.954748084503268549e-05 7.076521578773557134e-05
6.795776692175945638e-05 7.007589489251285801e-05 7.133386436091739783e-05
6.762911317665883972e-05 7.059713604643963220e-05 7.254247390064548929e-05
6.841239652636643773e-05 7.083988593467379778e-05 7.305125447572193703e-05
6.878655583136460627e-05 7.131005775565230466e-05 7.235873461096514465e-05
6.919918406637565254e-05 7.206187363313514059e-05 7.263385567394499626e-05
6.937032117682369748e-05 7.221879307178836788e-05 7.635664818156637560e-05
6.994593427549684634e-05 7.270708395063755927e-05 7.441984677913584438e-05
7.029480826616142674e-05 7.275723966822783128e-05 7.503119933108311364e-05
7.018376936932365024e-05 7.323132432221921766e-05 7.447406687372834868e-05
7.063824886576738687e-05 7.384154340111871208e-05 7.805598146411403852e-05
7.117306767252466586e-05 7.351450706800183256e-05 7.535069215619210454e-05
7.044544051172478821e-05 7.394943299783812533e-05 7.602882639829538732e-05
7.108934734126185536e-05 7.420284706123257657e-05 7.698743404947996547e-05
7.105844639995733270e-05 7.395159866194741854e-05 7.609710846409939639e-05
7.043792562923272991e-05 7.386555816476183156e-05 7.851381257971369251e-05
7.149227189209495154e-05 7.427422629386121384e-05 7.626696347796344541e-05
7.114944508319022616e-05 7.358988315558547672e-05 7.711080609540618973e-05
7.088248734605686458e-05 7.369705581412859692e-05 7.631018764910964963e-05
7.049471185546807869e-05 7.357701605097488411e-05 7.690320006343519786e-05
7.052686254109760970e-05 7.333145728025922431e-05 7.597877463496279286e-05
7.065913304164116908e-05 7.307114283993942645e-05 7.756304217925981620e-05
6.997837224251812727e-05 7.306220489828795189e-05 7.575470790845670094e-05
7.043216578005825261e-05 7.379315424522508895e-05 7.554481817775939620e-05
6.991389108651727027e-05 7.239580744407719023e-05 7.643874424901823787e-05
6.988132747753298280e-05 7.254437559134748132e-05 7.473983640665109629e-05
6.912313990742898048e-05 7.249385053938769800e-05 7.409331056489356878e-05
6.908471431920493308e-05 7.251476082834043741e-05 7.550883589127916360e-05
6.852350317999966853e-05 7.169705604725441772e-05 7.509978956468730659e-05
6.876463490003652376e-05 7.179342976114833508e-05 7.365235481419674666e-05
6.821256213952954950e-05 7.025358549654154216e-05 7.204621793044167202e-05
6.778914442878570114e-05 7.079903491243398465e-05 7.236912305963709034e-05
6.731190637319633822e-05 6.988796156019785606e-05 7.244349398535295935e-05
6.741999551246358766e-05 6.956784362519508535e-05 7.236069961640272542e-05
6.689004941753061949e-05 6.893886271899636272e-05 7.289600981395277953e-05
6.645537011774939611e-05 6.986316859237895417e-05 7.034631382501420034e-05
6.674397891198063145e-05 6.731504895825943182e-05 7.171507380652922085e-05
6.526595993218725254e-05 6.804985645651482414e-05 6.958701099635765646e-05
6.549486787022347446e-05 6.746344675831691972e-05 6.878270205187298218e-05
6.453075917587789074e-05 6.619746550241642914e-05 6.823456293220025505e-05
6.429238193755180345e-05 6.494434103932073281e-05 6.912221792000938271e-05
6.409614199808763612e-05 6.503856770183626102e-05 6.481982974803252072e-05
6.343915243503602962e-05 6.559351259961311315e-05 6.897356745561864573e-05
6.249892260380257017e-05 6.382111915381546052e-05 6.917553102436335786e-05
6.272090066651464534e-05 6.412258509983366191e-05 6.702617773425239667e-05
6.225631339804111523e-05 6.408203926559483175e-05 6.465592805601927818e-05
6.076201724853322778e-05 6.270665881620949178e-05 6.548535253939550399e-05
6.055769455878835513e-05 6.243201217793750625e-05 6.466143394850745458e-05
5.967760919574273838e-05 6.146341375066956703e-05 6.382809924126228859e-05
5.933444181764559769e-05 6.153059673695595298e-05 6.178483799213166264e-05
5.909434510722755160e-05 6.051174538281455689e-05 6.047178223818131784e-05
5.829387693841934755e-05 5.977532339631796076e-05 6.136167700499027371e-05
5.905222881352351760e-05 5.922776623366769538e-05 5.970436530033165361e-05
5.757868441673369235e-05 5.845844936134255099e-05 5.986674085514835978e-05
5.757579446562491630e-05 5.807184318180494902e-05 5.962404713155221840e-05
5.720356872378482341e-05 5.711536591728038769e-05 6.026115345921677417e-05
5.562177184096812085e-05 5.685180336146215374e-05 5.849501889496626128e-05
5.554127060506635195e-05 5.603529085980806212e-05 5.834189121808862219e-05
5.469916972149131581e-05 5.507579389480285394e-05 5.608213404619062019e-05
5.368767807711376174e-05 5.517296624252600605e-05 5.527204190771400222e-05
5.409368303395904195e-05 5.371993729196173506e-05 5.432414003353197433e-05
5.343590250940465216e-05 5.306642054964307308e-05 5.458132015538893285e-05
5.189393361298219739e-05 5.416123328876348879e-05 5.263285178482663226e-05
5.224830017546668921e-05 5.329923353384708541e-05 5.441633833194591690e-05
5.221550390917750821e-05 5.102499777615471965e-05 5.306485799377692268e-05
5.198793427877065594e-05 5.150628051831836326e-05 5.339471323236620397e-05
5.001597289659985872e-05 5.076930349612622848e-05 5.210056932174237071e-05
4.988347963663245708e-05 5.088388468682177328e-05 5.080133517281042188e-05
4.902151111201217388e-05 4.962692838485398755e-05 4.989646652874758412e-05
4.936168307653336943e-05 4.844963097108627545e-05 4.801107405871303134e-05
4.857068661017970669e-05 4.755038709452942823e-05 4.806273154705080247e-05
4.757244316864470336e-05 4.754087297091104912e-05 5.006158517051066052e-05
4.710657498502496455e-05 4.711231801740781670e-05 4.923426210368499130e-05
4.695069986412626342e-05 4.710997908342049768e-05 4.621127420973207106e-05
4.603792596640726920e-05 4.600082100009462971e-05 4.571055223012245771e-05
4.508226899527236576e-05 4.578023542660826072e-05 4.516018008457204562e-05
4.465933054832041198e-05 4.554349465165364306e-05 4.393282656530498974e-05
4.529042926295778223e-05 4.469455725133597969e-05 4.280563137626026195e-05
4.406267853542688060e-05 4.329674603826226802e-05 4.360509892831009011e-05
4.332674845042168682e-05 4.248653855327552215e-05 4.301069756648094063e-05
4.262229658714467468e-05 4.177879027690373714e-05 4.174750166079684558e-05
4.252310264175136658e-05 4.172552905199235771e-05 4.121522370956698866e-05
4.158903884604721270e-05 4.069004547476076227e-05 4.251522265202637530e-05
4.131033397238936480e-05 4.119284115920300208e-05 4.275364018986746938e-05
4.027991295191939034e-05 3.989093183720456579e-05 3.675767067211966113e-05
4.062445378844704120e-05 3.993278869736727253e-05 3.993287770206712306e-05
4.038706694904786607e-05 3.912456081081247539e-05 4.255806960608286870e-05
3.881513531151592554e-05 3.803586177735299428e-05 4.000890435455948754e-05
3.903706260454342886e-05 3.734200309068227410e-05 3.772589462591777567e-05
3.902160272781942762e-05 3.686704258335178673e-05 3.892646286833566677e-05
3.758336489220932570e-05 3.704842688696754918e-05 3.599284800820465590e-05
3.730323883580364462e-05 3.595294538379785433e-05 3.556502622659565903e-05
3.666768215685412230e-05 3.637917565228859763e-05 3.701396478630431349e-05
3.597125111132723257e-05 3.452629857020320976e-05 3.636212076800554246e-05
3.508683732409005097e-05 3.447814134836854735e-05 3.452239730782774991e-05
3.549196589250635413e-05 3.533390748375781913e-05 3.166833499224632013e-05
3.520357128035215432e-05 3.425477009789121215e-05 3.414990732544894607e-05
3.401683059587839970e-05 3.250107286534725272e-05 3.322721408095380944e-05
3.434737020476027466e-05 3.287977297142663372e-05 3.055660831000474813e-05
3.311835198970230191e-05 3.233431946368204928e-05 3.236675234261962830e-05
3.360768206615394153e-05 3.202778915516009341e-05 3.027066746832924411e-05
3.244661115481109920e-05 3.125998005723977014e-05 3.375407873206936907e-05
3.258652886342812416e-05 3.146737642266848927e-05 2.933191581079868418e-05
3.142608635748633420e-05 3.094918176263637309e-05 3.042401411836901602e-05
3.135164020423464207e-05 3.038842352664484055e-05 3.003211341513017547e-05
3.050288044276360083e-05 2.966916455356202002e-05 3.162027150379252379e-05
3.101134021790097578e-05 2.900842952544234116e-05 2.850271741856427911e-05
2.933085325401174568e-05 2.857059763254260462e-05 2.601921538640640595e-05
2.981807398004557468e-05 2.892597032577711328e-05 2.753387047377337991e-05
2.924978743459235453e-05 2.798181106673689286e-05 2.682314386266009020e-05
2.885298075873114656e-05 2.737988150929219328e-05 2.865703955107286964e-05
2.841351327138043586e-05 2.747545355913856398e-05 2.595098520204159155e-05
2.786652584664947848e-05 2.567740733451524053e-05 2.638664664830481978e-05
2.739450893752525334e-05 2.674205974685777971e-05 2.548150381054264059e-05
2.636834498864281558e-05 2.582787728910510553e-05 2.818573039920937472e-05
2.676883357386080058e-05 2.494836069459760187e-05 2.467359380031679787e-05
2.582155629425068055e-05 2.545516425033398207e-05 2.741634740695668031e-05
2.572136764003572049e-05 2.511934738861022599e-05 2.338059233032076137e-05
2.458408256021182099e-05 2.441056496307330792e-05 2.383684626776011594e-05
2.541746125827504518e-05 2.444234864759879864e-05 2.399154653275991010e-05
2.453040498270679762e-05 2.404599365388215135e-05 2.300861758216933445e-05
2.444575566611011737e-05 2.407548117430552122e-05 2.155810997866893907e-05
2.379467724616422195e-05 2.249291051161904720e-05 2.309120553948130865e-05
2.431432718728898215e-05 2.237732689328020196e-05 2.295606033233305759e-05
2.316702505850011908e-05 2.216524605200695050e-05 2.223459114898580847e-05
2.255494930811543827e-05 2.235043928024363770e-05 2.036409577975408254e-05
2.210170128729375334e-05 2.079387375488316267e-05 2.120150942490411163e-05
2.208867632474555929e-05 2.128642130196342470e-05 1.857897302247903703e-05
2.184645219954391024e-05 2.018749558375844687e-05 2.186764710872556489e-05
2.190692835591575178e-05 2.111846739667853375e-05 2.127255724442918118e-05
2.174175149949543240e-05 1.991698961285112842e-05 2.031432680056134596e-05
2.050253163108705113e-05 1.984036871399476749e-05 2.003852030056911892e-05
2.075305752710492215e-05 1.857991053522995036e-05 1.860472143935118440e-05
2.111048576484299193e-05 1.920919621251029506e-05 1.736168857122974020e-05
1.993138301801236615e-05 1.952255089053507369e-05 1.965737791381864534e-05
1.979522361108886986e-05 1.953507438349292097e-05 2.045884518489492007e-05
1.880944986145743442e-05 1.876015941633989032e-05 1.642371850044645811e-05
1.923830446849506429e-05 1.837094406534618048e-05 1.833293929522728793e-05
1.811043861586048072e-05 1.798041572649063062e-05 1.669130134928431877e-05
1.887545966841516279e-05 1.738391018916014865e-05 1.739850212697822632e-05
1.800671746036755822e-05 1.741923816145466257e-05 1.844105271865055957e-05
1.880157016409929544e-05 1.666570471453092904e-05 1.643269589189938026e-05
1.743732122860317834e-05 1.627341226111414724e-05 1.801864013902384289e-05
1.725810182905504502e-05 1.630521556985318433e-05 1.515757720734041698e-05
1.749585363515110910e-05 1.670974150650889303e-05 1.620178141482779530e-05
1.656170973535014100e-05 1.598252275833589054e-05 1.439819230528322240e-05
1.608739989092059240e-05 1.546687337475140660e-05 1.561881246985437300e-05
1.632485892608797077e-05 1.593373224624812802e-05 1.252846776927427929e-05
1.652060153651939840e-05 1.538592535312405761e-05 1.416585142417228920e-05
1.527510018341030615e-05 1.499933364129286002e-05 1.319553881406454613e-05
1.540452112115277798e-05 1.426870064310698298e-05 1.470084112369190153e-05
1.523752017771304085e-05 1.452292299412890537e-05 1.311111154473768192e-05
1.516215762445756877e-05 1.462984558201617881e-05 1.560308224943433058e-05
1.487955992744742803e-05 1.413470790400623272e-05 1.248349354916200796e-05
1.543165951693955360e-05 1.339064463437799277e-05 1.286233349914538150e-05
1.447797194759680513e-05 1.388553120003789876e-05 1.308034581220067957e-05
1.407830726591644555e-05 1.322590081912791424e-05 1.293146582961335118e-05
1.403813041520449769e-05 1.278485227847459942e-05 1.056864339019209858e-05
1.510531249793222492e-05 1.340638171345106466e-05 1.150483126545386287e-05
1.363601622127552949e-05 1.259140816512421243e-05 1.245641457828099558e-05
1.382888201374433416e-05 1.248356358602921167e-05 1.030385924952958493e-05
1.295644092235563287e-05 1.274281611035374085e-05 1.174083389919098447e-05
1.228755256086646871e-05 1.232311058651942589e-05 1.232447648845984123e-05
1.302675510079204073e-05 1.131944927577364063e-05 1.126977276901362694e-05
1.273978109862912549e-05 1.195264047245515822e-05 1.294678445815112129e-05
1.264180922978698355e-05 1.134424778559903416e-05 1.216994702891152017e-05
1.208576548981580542e-05 1.159413617939343636e-05 1.119165402338392077e-05
1.214296002147404809e-05 1.179357689844221038e-05 9.572074817054431853e-06
1.173096027106109774e-05 1.093793791198080815e-05 9.766020976884872486e-06
1.145154191511822555e-05 1.044703501212225697e-05 9.848549068241293781e-06
1.142884837368771345e-05 1.019493396982235494e-05 1.117749733906408980e-05
1.147472666421834960e-05 1.123523059116489458e-05 8.145370731245194648e-06
1.131998829883243322e-05 9.985259900756205333e-06 1.116585155221561024e-05
1.065100515028840414e-05 1.037086484177706796e-05 9.143038633183072007e-06
1.058506922936519377e-05 9.485328607682243281e-06 1.211488505160551159e-05
1.009615833414788586e-05 9.366597485552754550e-06 8.545975495516604277e-06
1.031402583062620187e-05 9.349386355413925900e-06 9.160417393989165379e-06
9.768496336074250901e-06 9.530508769616029700e-06 1.144141932787367443e-05
1.018182825656397876e-05 1.010810392523293193e-05 9.769016092434997490e-06
1.015060390513612999e-05 9.074841962086015653e-06 8.399596402879516116e-06
9.886422676557101618e-06 8.815462096688178972e-06 8.803745246704981395e-06
9.757195495053661030e-06 9.124569167529539927e-06 8.880345272822278650e-06
9.037873934094208699e-06 8.115730295836847758e-06 8.726768645256333034e-06
9.954914211898207460e-06 8.634816427974482058e-06 5.209494428697892851e-06
8.750221501560495735e-06 8.381458325431592559e-06 7.239785093250403844e-06
8.698662033404480317e-06 7.817053147058358514e-06 8.594158657243685531e-06
8.788042298230962473e-06 8.368444158857183459e-06 9.496559105198027032e-06
8.779259733500866143e-06 7.771820396486078903e-06 7.184894540350620516e-06
8.217213217686998621e-06 7.856418091014897139e-06 6.882561108709155384e-06
7.847195208690627041e-06 7.787432264400025191e-06 8.034775191746740890e-06
8.007942995033033674e-06 7.373089306160366775e-06 6.993234418243901800e-06
7.923339652105062861e-06 7.134869371367118517e-06 5.813145831550082891e-06
7.939437346865135215e-06 8.164241816961713346e-06 7.728692585006253542e-06
7.783672117342655406e-06 7.389739828989828945e-06 6.785167620064043021e-06
7.218815651691939042e-06 6.791756011581018564e-06 6.337276787543304771e-06
7.600536603946262238e-06 6.325141952722207758e-06 7.537360873777882746e-06
7.349818787660748366e-06 7.691273246459633209e-06 4.761832557314457728e-06
6.589472157207176509e-06 6.402846560372351706e-06 5.709920225426035710e-06
6.186339282253402978e-06 6.697684829779440749e-06 5.230106012999416198e-06
6.570723633047738043e-06 6.112807775528946755e-06 6.461922942062308929e-06
6.426645759841163949e-06 5.816967762468013771e-06 5.581724401214230050e-06
6.493604236756438201e-06 6.756776376025469546e-06 6.026223267198743382e-06
6.762633962552363326e-06 5.883754278976107059e-06 5.399326513539254267e-06
5.994111278504634663e-06 5.903453858848027798e-06 7.890083965926318008e-06
6.077225442985526844e-06 5.161165088094508774e-06 5.346151191771674362e-06
6.103591848244579456e-06 6.098385356829044248e-06 6.214480258780024728e-06
5.477976507630490155e-06 4.985496296490449088e-06 7.239178911765741842e-06
5.841294181044163712e-06 5.645750350109138402e-06 5.334229618229754483e-06
5.581183455930418939e-06 4.745231523238652387e-06 6.924713768184957191e-06
6.139001154251259365e-06 5.362346435246591073e-06 6.406709255687889232e-06
6.050691554343046654e-06 4.551582277702577988e-06 5.740097999809463167e-06
5.843940280498170219e-06 4.854461372534092305e-06 4.047565117788411909e-06
5.614156043731256533e-06 4.971217837632538110e-06 6.702232377011314662e-06
4.968046549086541246e-06 4.409656559946836265e-06 4.696954025985298871e-06
5.500915283382500374e-06 5.211695668767696841e-06 4.287297527279429861e-06
5.121670509592319217e-06 5.055655903401770977e-06 4.022367450116019056e-06
4.776598339181449009e-06 4.508994969967468549e-06 4.501587902502635039e-06
5.014040156647640711e-06 4.652483734156268685e-06 4.838077120972902371e-06
4.948577125685210127e-06 4.774411344477150646e-06 5.174510620484479291e-06
4.964582259658871346e-06 4.039057942873094573e-06 3.988815144174549476e-06
4.482674630490524361e-06 4.757089591731799820e-06 4.171320964528385514e-06
4.557462544390807937e-06 4.964678615602000837e-06 4.667808257670542837e-06
4.611332882702318915e-06 3.314228818227948106e-06 5.013453305734643389e-06
4.708167322637982594e-06 3.748319270647218287e-06 2.841510851330033154e-06
4.849480052723208551e-06 4.483600843085905586e-06 4.772627955708028622e-06
4.367688567560045744e-06 4.218476068026830129e-06 2.881744923717296603e-06
4.441149722161009401e-06 3.231520112258607209e-06 3.387112135968896652e-06
3.969928063869342672e-06 4.428566918699630474e-06 3.412234620184346060e-06
3.691656069472587572e-06 3.883860018080575502e-06 3.761594465297242337e-06
3.983322924334058130e-06 2.872827291882562853e-06 2.306052476011342845e-06
4.190433905929169944e-06 3.263133688242527511e-06 3.317808788301777437e-06
4.421184561543874266e-06 3.285252395636479104e-06 3.678421814003616773e-06
4.610292517000174062e-06 3.620722412467532011e-06 4.035195919424435552e-06
3.870075529810321769e-06 3.142734133943297013e-06 3.220872801693568217e-06
3.644405067413998424e-06 4.082779102113505704e-06 4.781810827109396102e-06
4.014594913443781034e-06 3.314633507964370402e-06 2.577065181189480076e-06
3.693102399252775989e-06 3.400517269448260164e-06 3.979463135241898604e-06
3.369180225894641724e-06 3.393335174665623570e-06 4.178459037451106298e-06
3.227602919468066936e-06 3.088833910004580702e-06 2.629852196804249557e-06
2.916779390793069491e-06 2.817292814099089819e-06 2.824225764439810705e-06
3.414162307731254580e-06 2.803092343937085008e-06 2.310825477203284047e-06
3.293640087912671590e-06 3.187340019654643781e-06 1.611344270652607763e-06
4.065800544494967474e-06 2.707152752474508514e-06 3.423862476890834917e-06
3.118937969516858968e-06 2.489051629920659801e-06 2.359251770873929812e-06
3.091438772973050055e-06 2.167988790063217064e-06 2.559400052821270637e-06
2.715254755575643970e-06 3.103033630920180171e-06 2.205815997864565708e-06
2.734514921993792896e-06 3.020957930611149970e-06 2.590682231433910893e-06
3.227810919362163490e-06 2.522800959372239213e-06 3.722605882989390490e-06
3.097915449960952577e-06 2.399778069234446698e-06 1.874154870817202744e-06
2.788583790682521080e-06 2.800958091983393465e-06 2.834729706811639800e-06
2.628574118657879950e-06 2.290742758747278125e-06 2.279889053232790880e-06
2.825024718336948160e-06 2.304070217268452644e-06 2.677130202353465826e-06
2.559355784550990825e-06 2.249084143141387124e-06 3.080720778307714137e-06
2.601879028139426464e-06 2.336263204833847092e-06 2.520195725688990237e-06
2.462245072051093801e-06 2.568219613083724684e-06 2.144223911058666103e-06
2.610087554711824217e-06 2.402522335255697749e-06 2.160431231577791662e-06
2.521132497971416271e-06 1.869567746395289691e-06 1.580084178951794948e-06
2.750536072148760747e-06 2.470544252139094150e-06 2.187582095682565812e-06
3.036653816810155935e-06 1.781500044627881342e-06 1.999429665105551112e-06
2.352941206243932497e-06 1.979966348181256582e-06 2.216232530794187944e-06
2.449403171077312050e-06 1.991623652474418021e-06 2.026830143890546288e-06
2.054005840411527309e-06 2.267897414665684108e-06 1.631480673614796261e-06
2.838676347451523925e-06 2.207912285735350442e-06 2.667075914323760482e-06
2.773974164298169065e-06 2.068596625238310093e-06 2.480816110569743821e-06
1.842893269036065399e-06 1.619063635801407939e-06 1.868809711106251363e-06
2.556002078270454111e-06 1.823284934839418290e-06 2.302731008421851873e-06
1.978883397297152323e-06 1.483066806370459719e-06 1.682651979506852209e-06
2.133273427804222877e-06 1.923175137647983574e-06 1.058093346984994373e-06
2.146212154828742254e-06 1.580697813136291804e-06 1.703026719142071864e-06
1.612087428829446974e-06 2.146760214590484266e-06 1.927786199357300529e-06
1.709023640037164691e-06 1.280015191547136454e-06 1.296061269575838591e-06
1.924328111266451952e-06 2.093542093704014042e-06 3.251943095804865416e-06
1.759649735080199570e-06 1.417740320956851971e-06 2.182603220365729666e-06
1.474988616253037604e-06 1.384959323603236974e-06 1.538769815509559640e-06
2.107745962145916911e-06 1.720746779218222860e-06 6.628642047715136051e-07
1.672386240253712548e-06 9.488595439839270482e-07 4.459245142475253958e-07
1.622389488724852580e-06 1.411047493141071575e-06 1.788390831872664785e-06
1.450390212500347213e-06 1.418789684657902064e-06 1.575540305037642759e-06
1.916008875969279347e-06 1.848663742653125036e-06 1.356869368741547418e-06
1.589873927409396844e-06 1.183496790921366208e-06 1.595042927648353479e-06
1.353678441794211435e-06 1.317614283174171073e-06 1.832922502591885819e-06
1.672096277538657042e-06 1.282999067777622559e-06 1.382119800678081539e-06
1.837507781253844066e-06 1.290513078718302337e-06 1.390844264414009523e-06
1.503941257622497390e-06 1.081850786561301585e-06 2.333543445981700306e-06
1.323882222327172439e-06 8.709892839956348051e-07 1.876507657924898235e-06
1.458458268884195580e-06 9.626149448620532794e-07 1.885585730513065122e-06
1.244053259116164047e-06 1.100997724096540290e-06 1.662992692932024619e-06
1.411504491603854915e-06 1.328205298048269016e-06 9.544109392202168131e-07
6.778000191608893131e-07 1.024616102518147915e-06 4.803054833319590581e-07
1.492398272278016517e-06 8.966706320701745732e-07 9.659880807285742312e-07
1.043974075072978832e-06 1.216944144463841582e-06 1.701211171732164994e-06
1.214396309192895686e-06 1.269439680031341934e-06 4.896360177922254024e-07
1.354225037955324806e-06 1.048012368086612864e-06 4.920111035594284693e-07
1.162198718026532962e-06 1.284705528432104433e-06 4.941649423201858189e-07
1.303100793905660207e-06 7.844160532797080220e-07 9.936140805654899341e-07
1.108838462098133268e-06 7.890694136460571213e-07 1.251066490392686769e-06
1.385200611321854397e-06 1.166157604903985641e-06 7.554434014271287473e-07
1.087304850724894363e-06 9.381958050783908873e-07 1.264865132189627906e-06
1.161976530484123208e-06 1.273615713034859752e-06 1.018344059508756687e-06
1.030944123548184708e-06 1.470411046648409206e-06 1.022610501612879411e-06
1.036620937897421440e-06 1.050172749404497043e-06 1.284692363993419186e-06
1.043163646847765706e-06 1.150895363157900153e-06 1.293560679330010149e-06
1.048561362917030722e-06 1.302953612576261426e-06 1.302517671337230142e-06
1.194756902231655171e-06 5.825477619768241924e-07 5.237609480975995540e-07
1.060577757159863229e-06 7.804973423079336141e-07 1.052492764192083452e-06
1.066138569708562423e-06 9.324151092335531622e-07 2.648679699401078456e-07
6.790925473949687661e-07 6.903305010529017396e-07 7.981334048457296552e-07
9.344406406458632978e-07 3.969331267453867224e-07 1.605346530653871661e-06
8.674220711093401640e-07 5.491802871647374597e-07 8.063974346538052805e-07
6.535703104921706726e-07 5.519409598695965177e-07 8.104269799691194437e-07
8.762725085863477478e-07 8.068849608609432689e-07 1.088097240689112498e-06
9.185181328231471431e-07 4.058195933560317933e-07 1.368171612896719714e-06
8.495001996315343823e-07 6.124166119629788031e-07 1.373490574533198945e-06
1.039987112681468542e-06 5.641101154706884602e-07 5.523558662252436266e-07
9.335264472206586980e-07 7.214927932373860699e-07 2.781911078897108847e-07
5.259160279062133669e-07 8.291389833643558695e-07 5.581899220098644191e-07
7.551465915336385960e-07 1.093697607294887646e-06 5.627825923624039927e-07
3.793352977684842406e-07 8.385102377776546706e-07 1.130900490024508818e-06
7.629299231465466013e-07 6.320291807621059487e-07 1.418364038584128360e-06
1.036128162913816841e-06 5.823237197786067473e-07 5.720854334838137708e-07
6.171479499516531253e-07 5.324797720772692912e-07 0.000000000000000000e+00
7.754002748796893062e-07 6.958644090287772476e-07 0.000000000000000000e+00
6.622845224799735132e-07 6.450820604149492762e-07 2.894410829445472817e-07
8.227259208141856240e-07 7.036660447887238312e-07 0.000000000000000000e+00
7.091929342899340990e-07 7.071244115176229010e-07 5.863988957857411387e-07
5.539875942190355272e-07 3.830099134033830185e-07 5.886880673751216583e-07
5.572548234467660085e-07 6.041288590922383286e-07 5.914782795820203234e-07
4.800668573870052416e-07 3.864561900747449177e-07 2.971686516347648332e-07
5.630539845491446967e-07 7.772385216493789987e-07 1.196903825028581362e-06
4.042070779236756406e-07 5.583922965051236809e-07 3.004133036813501715e-07
5.280530062805272195e-07 5.053470859792498894e-07 9.081992917286442261e-07
6.127283887703639028e-07 2.818626098683543003e-07 3.044938932181143545e-07
4.926837087857606412e-07 4.536221890115331554e-07 3.051241194662292561e-07
5.365607826253579791e-07 4.555439746239861743e-07 0.000000000000000000e+00
6.222094636050637669e-07 6.301298816053102683e-07 3.082216459672567553e-07
4.585852548477342060e-07 6.332517829211706060e-07 6.200609293748645323e-07
3.353665303720502525e-07 8.684789169924621421e-07 0.000000000000000000e+00
5.893714998503194094e-07 2.910051797768707647e-07 1.254528871176576967e-06
6.354345107178934782e-07 4.671965610817109592e-07 0.000000000000000000e+00
4.683661285835829245e-07 8.222011846021489433e-07 6.337375882199778919e-07
3.850086646395079715e-07 2.365119877305718459e-07 3.186382342770412359e-07
6.017882229291689379e-07 4.749028213995062792e-07 0.000000000000000000e+00
6.478682432228190805e-07 3.580212448400390874e-07 3.208975005787256845e-07
5.212114067885682564e-07 5.398756927208330096e-07 6.460703692406903704e-07
3.490367296634046749e-07 3.017411454317547939e-07 0.000000000000000000e+00
5.698519819083552972e-07 3.028895522569618943e-07 0.000000000000000000e+00
3.529185371873510882e-07 2.431326576793356014e-07 0.000000000000000000e+00
2.213920443597324597e-07 2.447231126335579299e-07 3.292279279438625128e-07
3.561243768874462463e-07 3.076270699132191137e-07 3.311301225043297633e-07
5.818086869535860305e-07 6.178415414448099923e-08 6.660763812393360883e-07
4.048124908021827275e-07 4.345079288915406035e-07 3.341586355500367203e-07
3.613334512719176850e-07 1.872022750735568997e-07 6.742693094342028498e-07
3.629355244573704304e-07 4.387931270964738114e-07 3.385279739958992593e-07
2.737453434895875521e-07 2.520983172182151925e-07 1.359763347084500866e-06
2.751501018193952891e-07 5.062475103708616141e-07 6.827801849143794343e-07
2.764775730170603375e-07 1.909294726215408853e-07 6.863193975294585408e-07
1.853646565718706038e-07 1.919976309270037143e-07 0.000000000000000000e+00
4.186997232644086516e-07 7.710405904204290092e-07 0.000000000000000000e+00
4.675952555656210449e-07 3.230086768837731536e-07 3.478228924964290258e-07
6.107467473147997865e-07 3.243721983945726875e-07 1.049131944110722118e-06
2.830177222837459235e-07 1.302928316446579924e-07 0.000000000000000000e+00
4.747693400251673046e-07 2.621314849100308261e-07 3.531617193229269793e-07
3.334313985873389761e-07 3.295767962605911568e-07 3.553358532843757436e-07
3.351226708413313004e-07 3.305749477613007988e-07 0.000000000000000000e+00
4.808963826025226228e-07 2.657304749174880990e-07 3.582678517376455552e-07
1.449412846957554025e-07 4.005495693602657127e-07 3.606632555091362086e-07
2.430238425727980653e-07 3.354340264173824988e-07 0.000000000000000000e+00
1.463608607498533779e-07 2.692137238778519421e-07 3.625853250325919236e-07
3.429762489248862466e-07 2.710535322657471998e-07 0.000000000000000000e+00
1.478616632236116945e-07 2.042511740300044907e-07 3.660993624773751076e-07
2.971087423196274402e-07 1.368352699966650666e-07 3.677588909391743054e-07
1.991942860880647800e-07 2.059480068681639651e-07 0.000000000000000000e+00
2.496818926190092731e-07 2.758608833124683996e-07 0.000000000000000000e+00
3.515862966645785540e-07 3.466165719335787157e-07 7.478920035488196146e-07
3.024576121862897987e-07 1.394451357141481708e-07 3.749236473272011176e-07
2.533977516946181832e-07 7.002144224859445966e-08 0.000000000000000000e+00
3.055085932128041824e-07 2.814664573113489866e-07 0.000000000000000000e+00
1.534488934578783194e-07 7.064727085340864096e-08 0.000000000000000000e+00
1.027349601353942597e-07 2.838187997881743688e-07 0.000000000000000000e+00
1.548904617889075982e-07 4.276948645502280520e-07 0.000000000000000000e+00
2.591943194217755336e-07 1.432350947332891762e-07 1.158784352928186554e-06
2.086490657519703092e-07 3.596685089861042476e-07 0.000000000000000000e+00
2.616193995992478843e-07 7.223723638054294134e-08 0.000000000000000000e+00
5.263629512983193336e-08 2.904706402001380286e-07 0.000000000000000000e+00
3.696069386775961250e-07 7.284632778740730466e-08 0.000000000000000000e+00
2.120452172757522743e-07 2.932193757178959291e-07 0.000000000000000000e+00
2.131929833662377895e-07 1.471825936855371503e-07 0.000000000000000000e+00
5.354238814075095716e-08 3.701736330316326923e-07 0.000000000000000000e+00
1.614123016602609612e-07 0.000000000000000000e+00 4.005807455692102238e-07
1.079578288082453542e-07 0.000000000000000000e+00 0.000000000000000000e+00
1.627541928467555020e-07 1.499158191984512259e-07 4.040561700101739871e-07
2.179908972960650472e-07 0.000000000000000000e+00 0.000000000000000000e+00
5.475927706639016428e-08 1.512783340604499426e-07 4.076923663202423253e-07
1.650521836366970806e-07 3.040052834796155408e-07 4.090783917058863359e-07
1.658086139130859248e-07 0.000000000000000000e+00 0.000000000000000000e+00
0.000000000000000000e+00 2.298407158547501040e-07 0.000000000000000000e+00
1.115149966856298018e-07 3.844614816388632865e-07 0.000000000000000000e+00
5.597994075970845256e-08 2.320913632376784807e-07 4.161910711953172649e-07
2.809698922218510440e-07 1.552660004750846158e-07 0.000000000000000000e+00
1.695869852767179019e-07 0.000000000000000000e+00 0.000000000000000000e+00
1.134596316787822365e-07 0.000000000000000000e+00 0.000000000000000000e+00
1.709324569574651040e-07 7.870505341585659192e-08 0.000000000000000000e+00
5.720405368145078527e-08 0.000000000000000000e+00 0.000000000000000000e+00
1.150493846911111389e-07 7.952089513895533556e-08 0.000000000000000000e+00
0.000000000000000000e+00 7.965959031647897971e-08 0.000000000000000000e+00
5.786635279456516872e-08 0.000000000000000000e+00 4.319497114116453702e-07
1.163574976794730655e-07 0.000000000000000000e+00 0.000000000000000000e+00
5.854258577539026555e-08 2.423346413741688905e-07 0.000000000000000000e+00
1.763776588777955921e-07 3.245769438724389994e-07 0.000000000000000000e+00
5.889740387351052949e-08 8.141750365522881344e-08 0.000000000000000000e+00
0.000000000000000000e+00 8.186701282829768190e-08 0.000000000000000000e+00
0.000000000000000000e+00 0.000000000000000000e+00 0.000000000000000000e+00
0.000000000000000000e+00 8.248710848964082600e-08 0.000000000000000000e+00
1.200698795232811527e-07 1.654687758009983894e-07 4.467795285748228850e-07
0.000000000000000000e+00 8.319460253583074985e-08 0.000000000000000000e+00
0.000000000000000000e+00 8.352106430088163183e-08 4.509859288099340583e-07
0.000000000000000000e+00 2.518436078811983576e-07 0.000000000000000000e+00
6.102815280914972071e-08 8.440427596476783785e-08 0.000000000000000000e+00
0.000000000000000000e+00 0.000000000000000000e+00 0.000000000000000000e+00
6.164982777361489145e-08 8.484762379460587152e-08 0.000000000000000000e+00
1.856461237624965078e-07 8.546451280217573137e-08 0.000000000000000000e+00
1.860834822512218336e-07 3.429368723781448439e-07 0.000000000000000000e+00
2.496522632961674181e-07 1.720808155187759245e-07 4.647344776211562006e-07
6.268247898301143957e-08 1.728893152313227507e-07 0.000000000000000000e+00
1.257423323465848139e-07 4.338290820400077148e-07 0.000000000000000000e+00
3.156579690718568225e-07 1.741781102892395847e-07 0.000000000000000000e+00
6.341781265297313180e-08 8.763394368734123753e-08 0.000000000000000000e+00
6.354430040545595055e-08 0.000000000000000000e+00 4.741196560134285784e-07
0.000000000000000000e+00 0.000000000000000000e+00 0.000000000000000000e+00
1.284420608924377370e-07 0.000000000000000000e+00 0.000000000000000000e+00
0.000000000000000000e+00 0.000000000000000000e+00 4.801121283814235080e-07
0.000000000000000000e+00 8.924214067562139537e-08 0.000000000000000000e+00
0.000000000000000000e+00 1.793371219495062540e-07 4.834399027941149957e-07
1.303254511879190161e-07 1.803248069613029124e-07 0.000000000000000000e+00
6.558524251176902735e-08 2.714846510649243111e-07 0.000000000000000000e+00
1.317496753650093511e-07 2.722837960735484061e-07 0.000000000000000000e+00
0.000000000000000000e+00 9.129522990810637339e-08 0.000000000000000000e+00
6.622965271775560218e-08 2.749860305798614985e-07 4.944549389117663844e-07
6.666100973279525152e-08 9.192018116954788515e-08 0.000000000000000000e+00
1.337436186164814055e-07 1.847956080026493768e-07 0.000000000000000000e+00
6.714796001403009555e-08 0.000000000000000000e+00 0.000000000000000000e+00
6.736495117983637311e-08 9.293652666908299302e-08 0.000000000000000000e+00
6.768021013273050156e-08 0.000000000000000000e+00 0.000000000000000000e+00
0.000000000000000000e+00 9.394339118042203962e-08 0.000000000000000000e+00
6.829106879291527874e-08 9.409413472354567326e-08 0.000000000000000000e+00
0.000000000000000000e+00 0.000000000000000000e+00 0.000000000000000000e+00
6.882782132953821956e-08 9.501628726094353832e-08 0.000000000000000000e+00
6.902552341937780676e-08 1.906697010374329006e-07 0.000000000000000000e+00
0.000000000000000000e+00 0.000000000000000000e+00 0.000000000000000000e+00
6.967553473827268436e-08 0.000000000000000000e+00 0.000000000000000000e+00
0.000000000000000000e+00 0.000000000000000000e+00 0.000000000000000000e+00
0.000000000000000000e+00 1.938553269686212470e-07 0.000000000000000000e+00
0.000000000000000000e+00 0.000000000000000000e+00 0.000000000000000000e+00
7.058399928516257685e-08 0.000000000000000000e+00 0.000000000000000000e+00
0.000000000000000000e+00 0.000000000000000000e+00 0.000000000000000000e+00
2.139137430287977303e-07 9.845655183412492475e-08 0.000000000000000000e+00
0.000000000000000000e+00 0.000000000000000000e+00 0.000000000000000000e+00
0.000000000000000000e+00 0.000000000000000000e+00 0.000000000000000000e+00
7.212616274642156527e-08 9.964793760843568049e-08 5.376612678727079471e-07
0.000000000000000000e+00 0.000000000000000000e+00 0.000000000000000000e+00
0.000000000000000000e+00 1.003630933033622064e-07 5.416024687983672897e-07
7.307303042413998077e-08 0.000000000000000000e+00 0.000000000000000000e+00
0.000000000000000000e+00 0.000000000000000000e+00 0.000000000000000000e+00
7.361687000285150494e-08 0.000000000000000000e+00 0.000000000000000000e+00
7.391229162616795861e-08 0.000000000000000000e+00 0.000000000000000000e+00
7.416272582469101939e-08 0.000000000000000000e+00 0.000000000000000000e+00
7.425389781863505065e-08 1.026656247914731051e-07 0.000000000000000000e+00
0.000000000000000000e+00 0.000000000000000000e+00 0.000000000000000000e+00
7.497383444444938438e-08 0.000000000000000000e+00 0.000000000000000000e+00
0.000000000000000000e+00 1.040565064849573961e-07 0.000000000000000000e+00
0.000000000000000000e+00 0.000000000000000000e+00 0.000000000000000000e+00
0.000000000000000000e+00 0.000000000000000000e+00 0.000000000000000000e+00
2.281634945177578043e-07 1.049464855357402837e-07 0.000000000000000000e+00
0.000000000000000000e+00 0.000000000000000000e+00 0.000000000000000000e+00
0.000000000000000000e+00 0.000000000000000000e+00 0.000000000000000000e+00
1.540998704557192783e-07 0.000000000000000000e+00 0.000000000000000000e+00
0.000000000000000000e+00 0.000000000000000000e+00 0.000000000000000000e+00
0.000000000000000000e+00 1.071236409096635738e-07 0.000000000000000000e+00
0.000000000000000000e+00 0.000000000000000000e+00 0.000000000000000000e+00
7.818047880407411237e-08 0.000000000000000000e+00 0.000000000000000000e+00
7.852007531670463803e-08 1.083662050473805034e-07 0.000000000000000000e+00
0.000000000000000000e+00 0.000000000000000000e+00 5.854687696699458292e-07
7.895442212976807032e-08 1.092743883689154800e-07 0.000000000000000000e+00
7.935460788603204019e-08 0.000000000000000000e+00 0.000000000000000000e+00
0.000000000000000000e+00 2.198997604559424896e-07 0.000000000000000000e+00
1.599490578405002256e-07 0.000000000000000000e+00 0.000000000000000000e+00
0.000000000000000000e+00 0.000000000000000000e+00 0.000000000000000000e+00
0.000000000000000000e+00 0.000000000000000000e+00 0.000000000000000000e+00
0.000000000000000000e+00 0.000000000000000000e+00 0.000000000000000000e+00
0.000000000000000000e+00 1.119394197699950280e-07 0.000000000000000000e+00
8.122756823632192669e-08 0.000000000000000000e+00 0.000000000000000000e+00
0.000000000000000000e+00 0.000000000000000000e+00 0.000000000000000000e+00
0.000000000000000000e+00 0.000000000000000000e+00 0.000000000000000000e+00
8.217224071183263190e-08 0.000000000000000000e+00 0.000000000000000000e+00
0.000000000000000000e+00 0.000000000000000000e+00 0.000000000000000000e+00
0.000000000000000000e+00 0.000000000000000000e+00 0.000000000000000000e+00
0.000000000000000000e+00 0.000000000000000000e+00 0.000000000000000000e+00
0.000000000000000000e+00 0.000000000000000000e+00 0.000000000000000000e+00
0.000000000000000000e+00 0.000000000000000000e+00 0.000000000000000000e+00
0.000000000000000000e+00 1.160557795268586319e-07 0.000000000000000000e+00
0.000000000000000000e+00 1.164077555489719699e-07 0.000000000000000000e+00
0.000000000000000000e+00 0.000000000000000000e+00 0.000000000000000000e+00
0.000000000000000000e+00 0.000000000000000000e+00 0.000000000000000000e+00
0.000000000000000000e+00 0.000000000000000000e+00 0.000000000000000000e+00
0.000000000000000000e+00 0.000000000000000000e+00 0.000000000000000000e+00
8.590742211741814081e-08 0.000000000000000000e+00 0.000000000000000000e+00
0.000000000000000000e+00 0.000000000000000000e+00 0.000000000000000000e+00
0.000000000000000000e+00 0.000000000000000000e+00 0.000000000000000000e+00
0.000000000000000000e+00 0.000000000000000000e+00 0.000000000000000000e+00
0.000000000000000000e+00 0.000000000000000000e+00 0.000000000000000000e+00
0.000000000000000000e+00 0.000000000000000000e+00 0.000000000000000000e+00
0.000000000000000000e+00 0.000000000000000000e+00 0.000000000000000000e+00
0.000000000000000000e+00 0.000000000000000000e+00 0.000000000000000000e+00
0.000000000000000000e+00 0.000000000000000000e+00 0.000000000000000000e+00
0.000000000000000000e+00 0.000000000000000000e+00 0.000000000000000000e+00
0.000000000000000000e+00 0.000000000000000000e+00 0.000000000000000000e+00
0.000000000000000000e+00 0.000000000000000000e+00 0.000000000000000000e+00
1.793384751568244081e-07 0.000000000000000000e+00 0.000000000000000000e+00
0.000000000000000000e+00 0.000000000000000000e+00 0.000000000000000000e+00
0.000000000000000000e+00 0.000000000000000000e+00 0.000000000000000000e+00
0.000000000000000000e+00 0.000000000000000000e+00 0.000000000000000000e+00
0.000000000000000000e+00 0.000000000000000000e+00 0.000000000000000000e+00
0.000000000000000000e+00 0.000000000000000000e+00 0.000000000000000000e+00
0.000000000000000000e+00 0.000000000000000000e+00 0.000000000000000000e+00
0.000000000000000000e+00 0.000000000000000000e+00 0.000000000000000000e+00
9.199546824239944310e-08 0.000000000000000000e+00 0.000000000000000000e+00
0.000000000000000000e+00 1.276887290821945907e-07 0.000000000000000000e+00
9.282210385947552909e-08 0.000000000000000000e+00 0.000000000000000000e+00
0.000000000000000000e+00 0.000000000000000000e+00 0.000000000000000000e+00
0.000000000000000000e+00 0.000000000000000000e+00 0.000000000000000000e+00
0.000000000000000000e+00 0.000000000000000000e+00 0.000000000000000000e+00
0.000000000000000000e+00 0.000000000000000000e+00 0.000000000000000000e+00
0.000000000000000000e+00 0.000000000000000000e+00 0.000000000000000000e+00
0.000000000000000000e+00 0.000000000000000000e+00 0.000000000000000000e+00
0.000000000000000000e+00 0.000000000000000000e+00 0.000000000000000000e+00
0.000000000000000000e+00 0.000000000000000000e+00 0.000000000000000000e+00
0.000000000000000000e+00 0.000000000000000000e+00 0.000000000000000000e+00
9.597111639458619912e-08 0.000000000000000000e+00 0.000000000000000000e+00
0.000000000000000000e+00 0.000000000000000000e+00 0.000000000000000000e+00
0.000000000000000000e+00 0.000000000000000000e+00 0.000000000000000000e+00
0.000000000000000000e+00 0.000000000000000000e+00 0.000000000000000000e+00
0.000000000000000000e+00 0.000000000000000000e+00 0.000000000000000000e+00
0.000000000000000000e+00 0.000000000000000000e+00 0.000000000000000000e+00
9.804286790354066631e-08 0.000000000000000000e+00 0.000000000000000000e+00
9.816079843665408346e-08 0.000000000000000000e+00 0.000000000000000000e+00
0.000000000000000000e+00 0.000000000000000000e+00 0.000000000000000000e+00
0.000000000000000000e+00 0.000000000000000000e+00 0.000000000000000000e+00
0.000000000000000000e+00 0.000000000000000000e+00 0.000000000000000000e+00
0.000000000000000000e+00 0.000000000000000000e+00 0.000000000000000000e+00
0.000000000000000000e+00 0.000000000000000000e+00 0.000000000000000000e+00
0.000000000000000000e+00 0.000000000000000000e+00 0.000000000000000000e+00
0.000000000000000000e+00 0.000000000000000000e+00 0.000000000000000000e+00
0.000000000000000000e+00 0.000000000000000000e+00 0.000000000000000000e+00
0.000000000000000000e+00 0.000000000000000000e+00 0.000000000000000000e+00
1.015982829445599484e-07 0.000000000000000000e+00 0.000000000000000000e+00
0.000000000000000000e+00 0.000000000000000000e+00 0.000000000000000000e+00
0.000000000000000000e+00 0.000000000000000000e+00 0.000000000000000000e+00
0.000000000000000000e+00 0.000000000000000000e+00 0.000000000000000000e+00
0.000000000000000000e+00 0.000000000000000000e+00 0.000000000000000000e+00
0.000000000000000000e+00 0.000000000000000000e+00 0.000000000000000000e+00
0.000000000000000000e+00 0.000000000000000000e+00 0.000000000000000000e+00
0.000000000000000000e+00 0.000000000000000000e+00 0.000000000000000000e+00
0.000000000000000000e+00 0.000000000000000000e+00 0.000000000000000000e+00
0.000000000000000000e+00 0.000000000000000000e+00 0.000000000000000000e+00
0.000000000000000000e+00 0.000000000000000000e+00 0.000000000000000000e+00
0.000000000000000000e+00 0.000000000000000000e+00 0.000000000000000000e+00
0.000000000000000000e+00 0.000000000000000000e+00 0.000000000000000000e+00
0.000000000000000000e+00 0.000000000000000000e+00 0.000000000000000000e+00
0.000000000000000000e+00 0.000000000000000000e+00 0.000000000000000000e+00
0.000000000000000000e+00 0.000000000000000000e+00 0.000000000000000000e+00
0.000000000000000000e+00 0.000000000000000000e+00 0.000000000000000000e+00
0.000000000000000000e+00 0.000000000000000000e+00 0.000000000000000000e+00
0.000000000000000000e+00 0.000000000000000000e+00 0.000000000000000000e+00
0.000000000000000000e+00 0.000000000000000000e+00 0.000000000000000000e+00
0.000000000000000000e+00 0.000000000000000000e+00 0.000000000000000000e+00
0.000000000000000000e+00 0.000000000000000000e+00 0.000000000000000000e+00
0.000000000000000000e+00 0.000000000000000000e+00 0.000000000000000000e+00
1.094243306458730583e-07 0.000000000000000000e+00 0.000000000000000000e+00
0.000000000000000000e+00 0.000000000000000000e+00 0.000000000000000000e+00
0.000000000000000000e+00 0.000000000000000000e+00 0.000000000000000000e+00
0.000000000000000000e+00 0.000000000000000000e+00 0.000000000000000000e+00
0.000000000000000000e+00 0.000000000000000000e+00 0.000000000000000000e+00
0.000000000000000000e+00 0.000000000000000000e+00 0.000000000000000000e+00
0.000000000000000000e+00 0.000000000000000000e+00 0.000000000000000000e+00
0.000000000000000000e+00 0.000000000000000000e+00 0.000000000000000000e+00
0.000000000000000000e+00 0.000000000000000000e+00 0.000000000000000000e+00
0.000000000000000000e+00 0.000000000000000000e+00 0.000000000000000000e+00
0.000000000000000000e+00 0.000000000000000000e+00 0.000000000000000000e+00
0.000000000000000000e+00 0.000000000000000000e+00 0.000000000000000000e+00
0.000000000000000000e+00 0.000000000000000000e+00 0.000000000000000000e+00
0.000000000000000000e+00 0.000000000000000000e+00 0.000000000000000000e+00
0.000000000000000000e+00 0.000000000000000000e+00 0.000000000000000000e+00
0.000000000000000000e+00 0.000000000000000000e+00 0.000000000000000000e+00
0.000000000000000000e+00 0.000000000000000000e+00 0.000000000000000000e+00
0.000000000000000000e+00 0.000000000000000000e+00 0.000000000000000000e+00
0.000000000000000000e+00 0.000000000000000000e+00 0.000000000000000000e+00
0.000000000000000000e+00 0.000000000000000000e+00 0.000000000000000000e+00
1.165959866875893805e-07 0.000000000000000000e+00 0.000000000000000000e+00
0.000000000000000000e+00 0.000000000000000000e+00 0.000000000000000000e+00
0.000000000000000000e+00 1.618012696265980263e-07 0.000000000000000000e+00
0.000000000000000000e+00 0.000000000000000000e+00 0.000000000000000000e+00
0.000000000000000000e+00 0.000000000000000000e+00 0.000000000000000000e+00
0.000000000000000000e+00 0.000000000000000000e+00 0.000000000000000000e+00
0.000000000000000000e+00 0.000000000000000000e+00 0.000000000000000000e+00
0.000000000000000000e+00 0.000000000000000000e+00 0.000000000000000000e+00
0.000000000000000000e+00 0.000000000000000000e+00 0.000000000000000000e+00
0.000000000000000000e+00 0.000000000000000000e+00 0.000000000000000000e+00
0.000000000000000000e+00 0.000000000000000000e+00 0.000000000000000000e+00
0.000000000000000000e+00 0.000000000000000000e+00 0.000000000000000000e+00
0.000000000000000000e+00 0.000000000000000000e+00 0.000000000000000000e+00
0.000000000000000000e+00 0.000000000000000000e+00 0.000000000000000000e+00
0.000000000000000000e+00 0.000000000000000000e+00 0.000000000000000000e+00
1.216640067505732508e-07 0.000000000000000000e+00 0.000000000000000000e+00
0.000000000000000000e+00 0.000000000000000000e+00 0.000000000000000000e+00
0.000000000000000000e+00 0.000000000000000000e+00 0.000000000000000000e+00
0.000000000000000000e+00 0.000000000000000000e+00 0.000000000000000000e+00
0.000000000000000000e+00 0.000000000000000000e+00 0.000000000000000000e+00
0.000000000000000000e+00 0.000000000000000000e+00 0.000000000000000000e+00
0.000000000000000000e+00 0.000000000000000000e+00 0.000000000000000000e+00
0.000000000000000000e+00 0.000000000000000000e+00 0.000000000000000000e+00
0.000000000000000000e+00 0.000000000000000000e+00 0.000000000000000000e+00
0.000000000000000000e+00 0.000000000000000000e+00 0.000000000000000000e+00
0.000000000000000000e+00 0.000000000000000000e+00 0.000000000000000000e+00
0.000000000000000000e+00 0.000000000000000000e+00 0.000000000000000000e+00
0.000000000000000000e+00 0.000000000000000000e+00 0.000000000000000000e+00
0.000000000000000000e+00 0.000000000000000000e+00 0.000000000000000000e+00
0.000000000000000000e+00 0.000000000000000000e+00 0.000000000000000000e+00
0.000000000000000000e+00 0.000000000000000000e+00 0.000000000000000000e+00
0.000000000000000000e+00 0.000000000000000000e+00 0.000000000000000000e+00
0.000000000000000000e+00 0.000000000000000000e+00 0.000000000000000000e+00
0.000000000000000000e+00 0.000000000000000000e+00 0.000000000000000000e+00
0.000000000000000000e+00 0.000000000000000000e+00 0.000000000000000000e+00
0.000000000000000000e+00 0.000000000000000000e+00 0.000000000000000000e+00
0.000000000000000000e+00 0.000000000000000000e+00 0.000000000000000000e+00
0.000000000000000000e+00 0.000000000000000000e+00 0.000000000000000000e+00
0.000000000000000000e+00 0.000000000000000000e+00 0.000000000000000000e+00
0.000000000000000000e+00 0.000000000000000000e+00 0.000000000000000000e+00
0.000000000000000000e+00 0.000000000000000000e+00 0.000000000000000000e+00
0.000000000000000000e+00 0.000000000000000000e+00 0.000000000000000000e+00
0.000000000000000000e+00 0.000000000000000000e+00 0.000000000000000000e+00
0.000000000000000000e+00 0.000000000000000000e+00 0.000000000000000000e+00
0.000000000000000000e+00 0.000000000000000000e+00 0.000000000000000000e+00
0.000000000000000000e+00 0.000000000000000000e+00 0.000000000000000000e+00
0.000000000000000000e+00 0.000000000000000000e+00 0.000000000000000000e+00
0.000000000000000000e+00 0.000000000000000000e+00 0.000000000000000000e+00
0.000000000000000000e+00 0.000000000000000000e+00 0.000000000000000000e+00
0.000000000000000000e+00 0.000000000000000000e+00 0.000000000000000000e+00
0.000000000000000000e+00 0.000000000000000000e+00 0.000000000000000000e+00
