conversﻙo
###########################################################################################

5.488606;0.019117
5.845106;0.020366
11.504947;0.039393
12.765014;0.043567
15.305279;0.052051
15.782363;0.053666
16.811132;0.057040
17.322560;0.058788
17.669735;0.059979
17.945983;0.060841
19.986531;0.067642
21.539824;0.072635
21.767189;0.073377
21.859267;0.073697
23.233221;0.078237
24.181466;0.081452
24.799711;0.083493
26.120798;0.087683
26.299203;0.088291
26.388027;0.088552
27.509733;0.092135
28.003089;0.093783
28.592703;0.095752
28.664701;0.095977
28.721012;0.096195
29.722509;0.099348
29.985601;0.100201
30.868167;0.103139
32.496788;0.108535
35.051351;0.116929
35.314609;0.117818
35.943677;0.119806
36.079838;0.120243
36.800101;0.122554
37.685548;0.125484
38.479346;0.127993
38.668282;0.128567
39.185111;0.130297
39.620430;0.131656
39.707807;0.131908
40.079242;0.133163
40.254043;0.133750
40.948583;0.136004
41.516654;0.137890
41.781519;0.138752
43.046798;0.142806
44.089730;0.146243
45.261350;0.150022
45.504730;0.150786
46.198144;0.153050
46.926330;0.155515
47.884717;0.158579
48.072063;0.159185
48.317292;0.159990
49.448488;0.163510
49.761477;0.164536
50.145429;0.165730
50.447103;0.166616
51.130092;0.168845
51.154418;0.168940
51.451492;0.169930
52.024292;0.171894
52.466248;0.173445
52.545291;0.173661
52.716063;0.174201
52.876482;0.174748
53.142114;0.175573
53.491841;0.176669
53.851593;0.177859
53.912393;0.178054
54.085002;0.178615
54.252244;0.179209
55.274558;0.182587
55.280224;0.182610
55.343413;0.182839
56.521208;0.186558
56.802976;0.187453
56.870271;0.187667
56.961421;0.187947
56.970675;0.187978
57.507620;0.189685
57.745117;0.190498
58.149812;0.191805
58.235027;0.192105
58.489406;0.192919
58.644873;0.193404
58.705604;0.193591
58.822788;0.193959
58.910565;0.194249
59.587902;0.196366
61.135411;0.201369
61.951521;0.203993
62.538556;0.205995
62.665950;0.206389
62.909011;0.207107
62.943424;0.207199
62.987588;0.207381
64.106137;0.210989
64.732345;0.213008
64.958045;0.213715
65.387327;0.215039
65.414120;0.215108
65.430972;0.215149
66.751539;0.219396
67.182181;0.220852
67.700909;0.222514
67.895809;0.223130
68.033271;0.223570
68.159027;0.223996
68.208918;0.224139
68.528990;0.225180
68.804389;0.226042
68.956296;0.226567
69.232475;0.227375
69.364043;0.227768
69.582117;0.228506
69.615904;0.228621
70.302577;0.230864
70.548625;0.231731
70.684576;0.232197
71.065203;0.233394
71.104455;0.233516
71.646065;0.235284
71.771180;0.235656
72.175349;0.237019
72.317630;0.237472
72.956192;0.239524
73.291343;0.240619
73.430903;0.241116
73.473171;0.241246
73.503009;0.241338
73.643571;0.241801
73.661904;0.241859
73.806913;0.242345
73.817841;0.242365
74.332288;0.244118
74.676518;0.245248
74.991384;0.246208
75.164383;0.246775
75.220796;0.246948
75.267979;0.247116
75.664688;0.248422
75.922632;0.249241
75.924590;0.249246
76.318832;0.250471
76.499055;0.251070
77.351289;0.253764
77.729050;0.254958
77.746495;0.255030
77.795493;0.255160
79.188122;0.259769
79.478469;0.260740
79.921710;0.262235
80.537791;0.264273
80.607261;0.264505
80.788362;0.265066
80.873913;0.265326
81.170048;0.266291
81.431767;0.267204
81.678517;0.267955
81.986941;0.268914
82.056825;0.269134
82.431074;0.270298
82.596894;0.270901
82.991632;0.272226
83.099107;0.272591
83.705960;0.274622
83.846594;0.275128
84.785472;0.278245
84.881664;0.278580
85.705487;0.281337
85.871669;0.281906
86.194939;0.283029
86.261698;0.283253
86.399657;0.283691
86.463228;0.283898
86.660223;0.284512
86.813610;0.285007
87.039530;0.285721
87.755872;0.288113
88.073831;0.289202
88.296862;0.289933
88.298414;0.289940
88.569641;0.290883
88.675677;0.291211
88.820515;0.291693
88.957015;0.292106
89.390655;0.293498
89.619643;0.294336
90.219725;0.296369
90.349834;0.296796
90.466284;0.297193
90.555141;0.297506
90.594455;0.297621
90.711588;0.298032
90.746177;0.298134
91.276327;0.299888
91.453409;0.300446
91.580822;0.300863
91.644733;0.301050
92.540302;0.303980
92.557876;0.304038
92.642413;0.304311
92.993398;0.305528
93.435157;0.307006
93.801729;0.308225
94.027167;0.309025
94.028580;0.309028
94.255601;0.309830
94.380610;0.310233
95.069533;0.312498
95.108712;0.312636
95.245893;0.313068
95.331465;0.313350
95.558329;0.314079
95.667370;0.314454
96.034182;0.315717
96.215119;0.316353
96.564030;0.317470
96.810625;0.318372
96.908591;0.318666
97.369037;0.320140
97.467032;0.320463
97.547954;0.320741
97.633953;0.321047
97.792281;0.321592
98.043245;0.322402
98.266982;0.323157
98.475239;0.323794
98.484162;0.323831
98.838372;0.325011
99.078307;0.325861
99.458502;0.327209
99.470803;0.327253
99.488797;0.327310
100.580891;0.330914
100.762573;0.331559
101.028494;0.332424
101.082577;0.332632
101.178762;0.332995
101.525745;0.334184
101.736932;0.334882
102.173423;0.336263
102.473388;0.337293
102.729387;0.338231
102.732159;0.338243
102.819350;0.338564
102.829908;0.338580
102.886757;0.338777
103.091343;0.339431
103.199999;0.339844
103.779845;0.341855
103.905564;0.342311
104.053642;0.342834
104.067864;0.342894
104.107078;0.343026
104.180324;0.343248
104.483756;0.344322
104.869074;0.345592
104.945578;0.345852
105.317227;0.347189
105.337083;0.347262
105.372138;0.347383
105.682435;0.348493
105.867261;0.349065
105.940850;0.349313
106.188134;0.350228
106.228910;0.350372
106.259404;0.350491
106.418271;0.351049
106.563018;0.351537
106.950701;0.352974
107.428818;0.354608
107.681392;0.355465
108.061916;0.356833
108.080858;0.356892
108.115160;0.356995
108.347570;0.357764
108.381264;0.357883
108.842314;0.359416
108.903664;0.359630
109.133501;0.360456
109.201270;0.360688
109.232343;0.360783
109.235255;0.360791
109.460825;0.361605
109.923883;0.363202
110.112248;0.363862
110.193054;0.364171
110.343526;0.364727
110.615472;0.365615
110.849272;0.366432
110.954430;0.366817
111.160886;0.367541
111.300813;0.368075
111.715346;0.369510
111.784508;0.369735
112.310317;0.371529
112.526200;0.372396
113.064953;0.374244
113.176398;0.374654
113.302603;0.375109
113.374118;0.375361
113.400521;0.375451
113.430349;0.375556
113.623722;0.376267
113.912652;0.377272
114.197629;0.378290
114.293237;0.378618
114.604496;0.379645
114.827325;0.380401
114.983225;0.380947
115.259197;0.381993
115.596375;0.383226
115.651343;0.383429
115.814497;0.383996
115.992362;0.384563
116.194823;0.385319
116.225387;0.385429
116.488611;0.386400
117.313023;0.389362
117.478934;0.389930
117.487396;0.389965
118.055891;0.392035
118.140816;0.392343
118.738338;0.394380
119.075447;0.395557
119.158566;0.395848
119.421126;0.396750
119.472050;0.396943
119.716951;0.397820
120.071432;0.399129
120.162249;0.399478
120.190391;0.399584
120.307442;0.400045
120.383906;0.400298
120.637967;0.401262
120.898679;0.402234
121.000810;0.402603
121.034516;0.402679
121.081864;0.402839
121.419120;0.404042
121.480260;0.404258
121.593207;0.404652
121.893266;0.405718
122.265033;0.407042
122.360476;0.407319
122.472032;0.407707
122.752190;0.408677
123.612004;0.411849
123.708550;0.412215
124.003737;0.413256
124.070014;0.413484
124.191850;0.413943
124.252086;0.414170
124.314694;0.414388
124.343515;0.414492
124.684155;0.415753
124.759213;0.416054
125.032753;0.417097
125.051725;0.417152
125.076626;0.417232
125.227334;0.417717
125.469802;0.418637
125.759442;0.419759
126.293588;0.421616
126.383534;0.421980
126.480633;0.422309
126.611738;0.422808
126.642303;0.422895
127.432976;0.425784
127.448970;0.425848
127.628954;0.426553
127.724460;0.426903
128.143265;0.428277
128.536177;0.429696
128.698562;0.430292
128.837255;0.430813
128.842123;0.430826
128.844965;0.430836
129.215733;0.432172
129.551080;0.433414
129.822932;0.434488
130.048346;0.435353
130.253843;0.436066
130.373437;0.436509
130.540551;0.437168
130.550278;0.437195
130.884866;0.438501
131.293176;0.440036
131.380217;0.440362
131.555703;0.441019
131.561386;0.441045
131.637841;0.441339
131.850322;0.442123
132.253597;0.443783
132.998179;0.446740
133.067383;0.447017
133.395244;0.448268
133.676693;0.449340
133.748207;0.449588
134.056947;0.450748
134.283936;0.451625
134.409032;0.452095
134.421237;0.452140
134.719972;0.453259
135.006439;0.454279
135.061284;0.454532
135.459267;0.456033
135.480692;0.456113
135.503860;0.456185
136.112509;0.458449
136.204336;0.458818
136.259001;0.459012
136.376300;0.459478
136.430670;0.459653
136.597438;0.460341
136.605305;0.460371
136.890237;0.461467
137.020875;0.461969
137.046745;0.462072
137.050162;0.462092
137.302852;0.463057
137.569504;0.464070
137.737542;0.464786
137.851659;0.465185
137.931842;0.465520
138.055990;0.465976
138.332875;0.467072
138.502106;0.467727
138.531555;0.467862
138.879873;0.469227
139.008193;0.469735
139.035774;0.469807
139.260862;0.470599
139.296837;0.470743
140.105157;0.473752
140.393950;0.474822
140.664442;0.475800
140.704074;0.475939
140.733014;0.476066
140.745967;0.476138
140.988379;0.477128
141.258171;0.478244
141.411706;0.478863
141.599786;0.479523
142.137033;0.481737
142.141232;0.481750
142.156592;0.481829
142.226549;0.482069
142.329998;0.482485
142.357339;0.482592
142.748471;0.484141
142.837083;0.484499
143.059730;0.485402
143.115187;0.485622
143.173285;0.485879
143.286186;0.486327
143.641426;0.487695
143.790088;0.488274
143.792437;0.488285
143.817465;0.488372
144.051904;0.489304
144.138831;0.489644
144.349944;0.490450
144.620660;0.491544
145.002037;0.493077
145.928558;0.496663
146.063887;0.497166
146.078270;0.497208
146.648256;0.499342
146.884341;0.500314
147.106074;0.501256
147.530539;0.502927
147.729358;0.503705
147.737960;0.503745
147.828003;0.504090
147.889397;0.504350
148.119510;0.505250
148.312571;0.505977
148.581999;0.507097
148.888839;0.508356
148.948187;0.508566
149.017012;0.508866
149.146689;0.509387
149.359662;0.510192
149.735749;0.511737
149.759244;0.511848
150.308453;0.514115
150.385018;0.514430
150.828107;0.516274
150.888053;0.516546
151.013408;0.517032
151.141074;0.517491
151.384698;0.518445
151.455718;0.518752
151.743490;0.519976
151.843031;0.520399
151.916448;0.520719
152.017645;0.521116
152.116041;0.521478
152.328248;0.522448
152.673025;0.523822
152.753799;0.524111
153.031809;0.525223
153.049007;0.525297
153.198388;0.525846
153.234799;0.525964
153.753369;0.528063
153.902795;0.528686
153.957659;0.528922
154.287919;0.530319
154.422465;0.530903
154.503227;0.531274
154.636995;0.531851
154.644709;0.531871
154.664864;0.531937
154.682823;0.532002
154.816543;0.532569
155.035547;0.533499
155.086875;0.533714
155.181846;0.534106
155.295571;0.534627
155.502544;0.535544
155.781619;0.536659
156.087587;0.537949
156.541537;0.539809
156.593404;0.539999
156.752005;0.540689
156.790183;0.540846
156.957179;0.541524
156.960417;0.541538
157.122226;0.542257
157.126579;0.542277
157.387878;0.543392
157.522139;0.543941
157.622476;0.544361
157.871282;0.545384
158.022934;0.546015
158.302413;0.547106
158.320836;0.547202
158.435371;0.547657
158.436971;0.547663
159.203683;0.551025
159.274407;0.551349
159.417800;0.551893
159.461495;0.552066
159.484889;0.552153
159.720751;0.553156
159.787288;0.553444
159.817776;0.553586
159.876508;0.553867
159.909607;0.553981
159.922112;0.554028
160.460199;0.556480
160.646300;0.557315
160.666694;0.557414
160.764917;0.557904
161.189660;0.559802
161.227119;0.559958
161.238915;0.559999
161.401792;0.560641
161.446689;0.560855
161.565732;0.561368
161.807689;0.562409
162.288463;0.564442
162.437370;0.565074
162.555008;0.565559
162.675805;0.566086
162.892032;0.567047
162.921198;0.567162
163.234368;0.568579
163.398329;0.569311
163.447543;0.569535
163.655158;0.570492
163.916191;0.571675
163.941826;0.571789
164.249470;0.573238
164.337287;0.573652
164.537664;0.574500
164.701809;0.575233
164.925944;0.576158
165.116677;0.577018
165.158213;0.577225
165.173248;0.577283
165.299322;0.577830
165.635405;0.579283
165.808634;0.579971
165.871284;0.580288
166.126967;0.581482
166.412382;0.582689
166.422835;0.582740
166.547351;0.583316
166.835478;0.584539
166.840538;0.584564
166.891941;0.584795
166.954183;0.585063
167.176312;0.585992
167.218734;0.586221
167.379293;0.587002
167.607278;0.588089
167.609870;0.588106
167.730763;0.588639
167.813169;0.588983
168.026009;0.589904
168.214517;0.590730
168.386033;0.591456
168.388834;0.591471
168.414766;0.591565
168.444344;0.591712
168.614603;0.592499
168.740600;0.593075
168.940771;0.594075
169.011987;0.594388
169.209265;0.595209
169.266582;0.595464
169.272510;0.595491
169.403069;0.596010
169.424417;0.596146
169.795583;0.597762
169.907876;0.598293
170.075208;0.599046
170.211359;0.599679
170.239563;0.599814
170.270058;0.599946
170.317319;0.600163
170.475335;0.600968
171.083285;0.603647
171.136444;0.603868
171.158675;0.603956
171.216039;0.604237
171.363313;0.604880
171.457619;0.605353
171.547908;0.605743
171.965618;0.607702
171.997604;0.607835
172.197807;0.608682
172.243761;0.608910
172.400204;0.609559
172.702225;0.610984
172.758550;0.611268
172.773611;0.611342
172.846110;0.611711
172.952670;0.612235
172.961488;0.612293
173.153972;0.613200
173.355146;0.614053
173.583751;0.615055
173.685704;0.615486
173.789623;0.615894
173.811953;0.615983
174.233574;0.617985
174.792359;0.620458
175.098617;0.621898
175.117546;0.621985
175.325065;0.622935
175.448158;0.623470
175.511337;0.623792
175.515645;0.623819
175.529496;0.623903
175.535016;0.623942
175.630420;0.624428
176.324755;0.627697
176.448468;0.628220
176.707085;0.629420
176.865433;0.630038
176.973722;0.630660
177.050452;0.631057
177.223828;0.631860
177.283586;0.632107
177.764215;0.634354
177.992733;0.635383
178.556139;0.638046
178.733762;0.638887
179.021132;0.640295
179.093610;0.640596
179.216027;0.641265
179.643145;0.643376
179.774476;0.644028
179.854588;0.644424
179.906364;0.644680
179.991273;0.645131
180.063099;0.645483
180.238101;0.646250
180.698382;0.648394
180.703155;0.648407
180.732290;0.648535
180.766698;0.648695
180.857695;0.649184
181.093238;0.650348
181.162263;0.650611
181.261492;0.651019
181.819278;0.653636
181.969610;0.654418
181.987374;0.654518
182.118562;0.655173
182.241672;0.655697
182.484836;0.656898
182.591142;0.657420
182.895325;0.658830
183.174434;0.660202
183.203213;0.660350
183.220779;0.660450
183.403051;0.661341
183.407073;0.661364
183.463610;0.661622
183.553408;0.661993
183.701587;0.662684
184.032460;0.664376
184.078623;0.664598
184.153949;0.664934
184.155278;0.664940
184.443920;0.666450
184.564455;0.667069
184.904912;0.668848
185.182083;0.670328
185.545730;0.672226
185.830974;0.673687
186.194712;0.675496
186.786652;0.678516
186.839302;0.678787
186.861133;0.678900
187.155802;0.680340
187.231989;0.680738
187.409508;0.681658
187.548468;0.682328
187.785679;0.683443
188.432437;0.686707
188.722529;0.688152
188.900563;0.689038
189.357861;0.691285
189.362223;0.691303
189.366122;0.691320
189.389106;0.691459
189.499907;0.692040
189.665857;0.692862
189.843784;0.693734
189.870179;0.693871
190.064657;0.694810
190.487637;0.697009
190.607735;0.697686
190.729033;0.698326
190.942867;0.699400
191.020870;0.699803
191.114559;0.700283
191.187689;0.700665
191.288692;0.701186
191.363574;0.701568
191.431798;0.701986
191.561491;0.702799
191.801946;0.704118
191.903180;0.704566
191.959785;0.704858
192.034834;0.705188
192.128888;0.705679
192.159670;0.705880
192.190191;0.706048
192.212004;0.706138
192.286155;0.706533
192.431775;0.707228
192.514455;0.707622
192.763168;0.709025
192.849258;0.709480
193.217774;0.711345
193.267544;0.711628
193.639966;0.713471
193.720344;0.713803
194.092481;0.715699
194.282447;0.716667
194.368836;0.717207
194.670420;0.718804
195.189883;0.721496
195.217663;0.721674
195.315781;0.722230
195.539908;0.723391
195.568888;0.723556
195.758830;0.724491
195.789892;0.724636
195.797901;0.724685
195.897098;0.725193
196.030227;0.725872
196.053717;0.725977
196.299366;0.727052
196.426365;0.727790
196.463126;0.727977
196.538084;0.728432
196.710910;0.729321
196.711158;0.729322
196.852444;0.730092
196.949170;0.730638
197.048002;0.731171
197.059013;0.731233
197.328360;0.732595
197.408256;0.732992
197.441917;0.733198
197.474200;0.733369
197.740886;0.734928
197.767486;0.735061
197.797178;0.735216
197.831250;0.735376
197.842249;0.735425
198.078864;0.736627
198.258211;0.737541
198.454640;0.738569
198.808995;0.740529
198.950782;0.741250
199.039493;0.741644
199.047722;0.741687
199.059180;0.741745
199.169105;0.742336
199.175571;0.742362
199.242111;0.742712
199.456340;0.743861
199.512377;0.744173
199.967274;0.746708
200.055322;0.747207
200.087677;0.747365
200.313940;0.748490
200.736407;0.750659
200.765639;0.750818
200.775260;0.750884
200.792483;0.750993
200.828919;0.751198
201.021579;0.752239
201.204281;0.753263
201.525467;0.755021
201.539203;0.755085
201.577919;0.755273
201.647432;0.755611
202.000644;0.757366
202.241144;0.758628
202.326687;0.759063
202.359993;0.759201
202.393383;0.759402
202.458851;0.759763
202.765934;0.761357
202.829829;0.761689
203.096175;0.763055
203.225155;0.763740
203.404368;0.764694
203.609159;0.765672
203.661497;0.765949
204.003279;0.767899
204.122261;0.768480
204.189113;0.768817
204.308311;0.769493
204.412875;0.770095
204.684363;0.771449
204.729797;0.771699
204.759206;0.771872
204.880616;0.772438
204.926268;0.772651
204.927214;0.772656
205.281414;0.774663
205.366565;0.775084
205.432085;0.775397
205.456938;0.775529
205.653225;0.776626
205.749458;0.777150
205.804831;0.777464
205.913470;0.778026
206.051567;0.778885
206.113045;0.779205
206.342476;0.780454
206.397903;0.780822
206.619609;0.782081
206.864525;0.783360
206.894131;0.783508
207.067788;0.784439
207.245500;0.785313
207.511298;0.786722
207.661135;0.787575
207.713566;0.787906
207.836431;0.788621
207.866163;0.788783
207.885606;0.788901
208.056320;0.789949
208.093566;0.790200
208.146748;0.790510
208.195849;0.790780
208.335544;0.791602
208.406518;0.792036
208.442952;0.792230
208.464015;0.792350
208.529749;0.792697
208.708854;0.793733
209.602328;0.798325
209.610922;0.798369
209.682167;0.798793
209.857827;0.799790
209.899181;0.800018
210.239814;0.801887
210.421935;0.802904
210.880144;0.805446
210.894133;0.805512
210.963531;0.805935
210.966284;0.805950
211.137708;0.806902
211.214255;0.807349
211.493595;0.808901
211.925365;0.811422
212.146334;0.812683
212.155030;0.812729
212.589269;0.815010
212.732720;0.815694
212.821971;0.816173
212.831598;0.816222
212.844554;0.816292
212.984798;0.816947
213.053264;0.817304
213.184375;0.817930
213.214309;0.818092
213.610107;0.820252
213.725276;0.820901
213.995305;0.822295
214.067502;0.822702
214.205155;0.823458
214.401946;0.824601
214.554028;0.825396
214.572840;0.825516
214.586808;0.825600
214.835500;0.826927
215.108134;0.828356
215.239617;0.829092
215.389967;0.829977
215.510500;0.830600
215.870843;0.832518
216.049611;0.833565
216.086057;0.833788
216.176864;0.834209
216.488622;0.835781
216.635193;0.836599
216.643815;0.836659
216.864407;0.837860
217.007936;0.838654
217.183404;0.839595
217.281517;0.840079
217.294509;0.840147
217.318347;0.840289
217.415321;0.840779
217.724079;0.842305
217.768710;0.842531
217.926806;0.843406
217.956664;0.843571
218.117431;0.844460
218.132244;0.844538
218.268657;0.845242
218.446825;0.846219
218.494536;0.846488
218.545475;0.846773
218.575771;0.846934
218.633650;0.847302
218.687465;0.847646
218.695342;0.847690
218.747007;0.847968
218.999036;0.849308
219.017922;0.849397
219.022783;0.849424
219.300346;0.850917
220.121510;0.855357
220.346571;0.856680
220.386657;0.856891
220.417277;0.857038
220.484062;0.857402
220.544084;0.857719
220.704995;0.858581
220.868294;0.859490
220.905398;0.859706
221.155293;0.861114
221.342716;0.862138
221.393900;0.862384
221.433092;0.862635
221.943683;0.865366
222.001267;0.865661
222.171316;0.866509
222.189981;0.866599
222.215887;0.866749
222.301850;0.867205
222.662032;0.869175
222.871111;0.870253
223.028832;0.871002
223.069163;0.871206
223.069613;0.871209
223.380655;0.872850
223.504542;0.873481
223.606984;0.874012
223.611965;0.874038
223.689498;0.874436
223.727829;0.874661
223.728318;0.874664
224.020645;0.876174
224.039986;0.876272
224.135929;0.876766
224.163281;0.876929
224.223721;0.877253
224.352854;0.877904
224.370341;0.878004
224.397900;0.878129
224.474898;0.878473
224.582113;0.879046
224.706375;0.879748
224.777983;0.880104
225.134770;0.881932
225.702790;0.884740
226.108971;0.886687
226.246341;0.887308
226.310013;0.887595
226.572354;0.888829
226.615467;0.889068
226.996839;0.891034
227.054342;0.891351
227.256854;0.892313
227.619685;0.893975
227.709025;0.894341
227.850916;0.895027
228.127604;0.896339
228.139683;0.896401
228.181208;0.896601
228.253418;0.896896
228.275620;0.897011
228.351491;0.897420
228.531249;0.898273
228.550840;0.898378
228.612086;0.898674
228.703291;0.899095
228.818496;0.899648
228.919640;0.899991
conversﻙo
###########################################################################################

5.488606;7.924062
5.845106;7.913971
11.504947;7.760260
12.765014;7.726541
15.305279;7.658010
15.782363;7.644960
16.811132;7.617706
17.322560;7.603578
17.669735;7.593957
17.945983;7.586996
19.986531;7.532050
21.539824;7.491718
21.767189;7.485726
21.859267;7.483142
23.233221;7.446464
24.181466;7.420487
24.799711;7.404000
26.120798;7.370155
26.299203;7.365238
26.388027;7.363134
27.509733;7.334183
28.003089;7.320875
28.592703;7.304966
28.664701;7.303153
28.721012;7.301390
29.722509;7.275914
29.985601;7.269025
30.868167;7.245295
32.496788;7.201699
35.051351;7.133886
35.314609;7.126710
35.943677;7.110648
36.079838;7.107114
36.800101;7.088449
37.685548;7.064779
38.479346;7.044507
38.668282;7.039876
39.185111;7.025893
39.620430;7.014914
39.707807;7.012882
40.079242;7.002739
40.254043;6.998000
40.948583;6.979793
41.516654;6.964558
41.781519;6.957594
43.046798;6.924841
44.089730;6.897074
45.261350;6.866550
45.504730;6.860374
46.198144;6.842086
46.926330;6.822175
47.884717;6.797419
48.072063;6.792526
48.317292;6.786022
49.448488;6.757586
49.761477;6.749300
50.145429;6.739653
50.447103;6.732491
51.130092;6.714485
51.154418;6.713721
51.451492;6.705721
52.024292;6.689853
52.466248;6.677322
52.545291;6.675577
52.716063;6.671218
52.876482;6.666800
53.142114;6.660137
53.491841;6.651281
53.851593;6.641667
53.912393;6.640088
54.085002;6.635562
54.252244;6.630756
55.274558;6.603474
55.280224;6.603288
55.343413;6.601433
56.521208;6.571391
56.802976;6.564159
56.870271;6.562431
56.961421;6.560174
56.970675;6.559916
57.507620;6.546131
57.745117;6.539565
58.149812;6.529002
58.235027;6.526582
58.489406;6.520002
58.644873;6.516085
58.705604;6.514577
58.822788;6.511603
58.910565;6.509262
59.587902;6.492156
61.135411;6.451742
61.951521;6.430539
62.538556;6.414369
62.665950;6.411189
62.909011;6.405387
62.943424;6.404642
62.987588;6.403176
64.106137;6.374028
64.732345;6.357718
64.958045;6.352002
65.387327;6.341304
65.414120;6.340749
65.430972;6.340416
66.751539;6.306113
67.182181;6.294349
67.700909;6.280918
67.895809;6.275947
68.033271;6.272390
68.159027;6.268950
68.208918;6.267789
68.528990;6.259386
68.804389;6.252422
68.956296;6.248182
69.232475;6.241652
69.364043;6.238480
69.582117;6.232517
69.615904;6.231583
70.302577;6.213469
70.548625;6.206465
70.684576;6.202697
71.065203;6.193030
71.104455;6.192044
71.646065;6.177759
71.771180;6.174756
72.175349;6.163745
72.317630;6.160085
72.956192;6.143504
73.291343;6.134661
73.430903;6.130641
73.473171;6.129598
73.503009;6.128850
73.643571;6.125110
73.661904;6.124643
73.806913;6.120713
73.817841;6.120558
74.332288;6.106395
74.676518;6.097264
74.991384;6.089512
75.164383;6.084926
75.220796;6.083531
75.267979;6.082176
75.664688;6.071619
75.922632;6.065010
75.924590;6.064964
76.318832;6.055067
76.499055;6.050229
77.351289;6.028470
77.729050;6.018821
77.746495;6.018237
77.795493;6.017189
79.188122;5.979958
79.478469;5.972108
79.921710;5.960033
80.537791;5.943574
80.607261;5.941695
80.788362;5.937161
80.873913;5.935063
81.170048;5.927268
81.431767;5.919892
81.678517;5.913826
81.986941;5.906079
82.056825;5.904301
82.431074;5.894895
82.596894;5.890023
82.991632;5.879322
83.099107;5.876372
83.705960;5.859964
83.846594;5.855877
84.785472;5.830694
84.881664;5.827989
85.705487;5.805716
85.871669;5.801123
86.194939;5.792052
86.261698;5.790237
86.399657;5.786699
86.463228;5.785028
86.660223;5.780073
86.813610;5.776074
87.039530;5.770302
87.755872;5.750978
88.073831;5.742185
88.296862;5.736274
88.298414;5.736222
88.569641;5.728604
88.675677;5.725950
88.820515;5.722057
88.957015;5.718723
89.390655;5.707477
89.619643;5.700708
90.219725;5.684285
90.349834;5.680833
90.466284;5.677630
90.555141;5.675100
90.594455;5.674170
90.711588;5.670844
90.746177;5.670026
91.276327;5.655857
91.453409;5.651348
91.580822;5.647981
91.644733;5.646467
92.540302;5.622800
92.557876;5.622331
92.642413;5.620125
92.993398;5.610295
93.435157;5.598350
93.801729;5.588506
94.027167;5.582044
94.028580;5.582017
94.255601;5.575538
94.380610;5.572282
95.069533;5.553986
95.108712;5.552867
95.245893;5.549382
95.331465;5.547105
95.558329;5.541210
95.667370;5.538184
96.034182;5.527977
96.215119;5.522843
96.564030;5.513819
96.810625;5.506531
96.908591;5.504153
97.369037;5.492245
97.467032;5.489640
97.547954;5.487391
97.633953;5.484922
97.792281;5.480523
98.043245;5.473978
98.266982;5.467875
98.475239;5.462728
98.484162;5.462430
98.838372;5.452897
99.078307;5.446028
99.458502;5.435141
99.470803;5.434787
99.488797;5.434325
100.580891;5.405213
100.762573;5.400001
101.028494;5.393016
101.082577;5.391331
101.178762;5.388401
101.525745;5.378795
101.736932;5.373159
102.173423;5.362001
102.473388;5.353679
102.729387;5.346105
102.732159;5.346005
102.819350;5.343413
102.829908;5.343278
102.886757;5.341693
103.091343;5.336404
103.199999;5.333069
103.779845;5.316822
103.905564;5.313143
104.053642;5.308915
104.067864;5.308430
104.107078;5.307367
104.180324;5.305574
104.483756;5.296897
104.869074;5.286637
104.945578;5.284532
105.317227;5.273730
105.337083;5.273140
105.372138;5.272168
105.682435;5.263198
105.867261;5.258578
105.940850;5.256572
106.188134;5.249187
106.228910;5.248017
106.259404;5.247055
106.418271;5.242552
106.563018;5.238612
106.950701;5.226998
107.428818;5.213795
107.681392;5.206874
108.061916;5.195828
108.080858;5.195348
108.115160;5.194514
108.347570;5.188307
108.381264;5.187339
108.842314;5.174957
108.903664;5.173226
109.133501;5.166553
109.201270;5.164685
109.232343;5.163915
109.235255;5.163847
109.460825;5.157270
109.923883;5.144371
110.112248;5.139040
110.193054;5.136542
110.343526;5.132055
110.615472;5.124883
110.849272;5.118281
110.954430;5.115170
111.160886;5.109317
111.300813;5.105004
111.715346;5.093414
111.784508;5.091596
112.310317;5.077099
112.526200;5.070098
113.064953;5.055174
113.176398;5.051855
113.302603;5.048182
113.374118;5.046142
113.400521;5.045420
113.430349;5.044571
113.623722;5.038829
113.912652;5.030712
114.197629;5.022482
114.293237;5.019831
114.604496;5.011539
114.827325;5.005427
114.983225;5.001020
115.259197;4.992568
115.596375;4.982610
115.651343;4.980970
115.814497;4.976387
115.992362;4.971804
116.194823;4.965698
116.225387;4.964811
116.488611;4.956966
117.313023;4.933040
117.478934;4.928454
117.487396;4.928171
118.055891;4.911447
118.140816;4.908959
118.738338;4.892503
119.075447;4.882994
119.158566;4.880643
119.421126;4.873354
119.472050;4.871797
119.716951;4.864709
120.071432;4.854134
120.162249;4.851318
120.190391;4.850458
120.307442;4.846736
120.383906;4.844697
120.637967;4.836902
120.898679;4.829054
121.000810;4.826075
121.034516;4.825460
121.081864;4.824163
121.419120;4.814447
121.480260;4.812705
121.593207;4.809520
121.893266;4.800909
122.265033;4.790215
122.360476;4.787977
122.472032;4.784842
122.752190;4.777005
123.612004;4.751379
123.708550;4.748418
124.003737;4.740011
124.070014;4.738171
124.191850;4.734461
124.252086;4.732629
124.314694;4.730863
124.343515;4.730029
124.684155;4.719841
124.759213;4.717406
125.032753;4.708979
125.051725;4.708540
125.076626;4.707895
125.227334;4.703970
125.469802;4.696538
125.759442;4.687477
126.293588;4.672476
126.383534;4.669533
126.480633;4.666880
126.611738;4.662843
126.642303;4.662146
127.432976;4.638802
127.448970;4.638289
127.628954;4.632590
127.724460;4.629764
128.143265;4.618663
128.536177;4.607205
128.698562;4.602386
128.837255;4.598174
128.842123;4.598069
128.844965;4.597992
129.215733;4.587201
129.551080;4.577166
129.822932;4.568486
130.048346;4.561497
130.253843;4.555742
130.373437;4.552165
130.540551;4.546837
130.550278;4.546623
130.884866;4.536069
131.293176;4.523670
131.380217;4.521032
131.555703;4.515725
131.561386;4.515517
131.637841;4.513140
131.850322;4.506811
132.253597;4.493400
132.998179;4.469511
133.067383;4.467273
133.395244;4.457167
133.676693;4.448507
133.748207;4.446500
134.056947;4.437135
134.283936;4.430048
134.409032;4.426254
134.421237;4.425884
134.719972;4.416844
135.006439;4.408605
135.061284;4.406560
135.459267;4.394438
135.480692;4.393791
135.503860;4.393212
136.112509;4.374917
136.204336;4.371940
136.259001;4.370374
136.376300;4.366608
136.430670;4.365191
136.597438;4.359637
136.605305;4.359391
136.890237;4.350538
137.020875;4.346484
137.046745;4.345648
137.050162;4.345486
137.302852;4.337696
137.569504;4.329510
137.737542;4.323722
137.851659;4.320506
137.931842;4.317793
138.055990;4.314110
138.332875;4.305259
138.502106;4.299966
138.531555;4.298874
138.879873;4.287848
139.008193;4.283743
139.035774;4.283162
139.260862;4.276767
139.296837;4.275604
140.105157;4.251291
140.393950;4.242646
140.664442;4.234748
140.704074;4.233629
140.733014;4.232601
140.745967;4.232020
140.988379;4.224020
141.258171;4.215004
141.411706;4.210007
141.599786;4.204672
142.137033;4.186788
142.141232;4.186681
142.156592;4.186048
142.226549;4.184102
142.329998;4.180744
142.357339;4.179884
142.748471;4.167364
142.837083;4.164475
143.059730;4.157182
143.115187;4.155403
143.173285;4.153330
143.286186;4.149708
143.641426;4.138654
143.790088;4.133976
143.792437;4.133892
143.817465;4.133185
144.051904;4.125661
144.138831;4.122910
144.349944;4.116396
144.620660;4.107558
145.002037;4.095181
145.928558;4.066207
146.063887;4.062143
146.078270;4.061805
146.648256;4.044566
146.884341;4.036715
147.106074;4.029100
147.530539;4.015606
147.729358;4.009319
147.737960;4.008993
147.828003;4.006205
147.889397;4.004105
148.119510;3.996840
148.312571;3.990969
148.581999;3.981917
148.888839;3.971747
148.948187;3.970046
149.017012;3.967624
149.146689;3.963416
149.359662;3.956912
149.735749;3.944429
149.759244;3.943540
150.308453;3.925222
150.385018;3.922678
150.828107;3.907784
150.888053;3.905580
151.013408;3.901657
151.141074;3.897948
151.384698;3.890242
151.455718;3.887763
151.743490;3.877872
151.843031;3.874460
151.916448;3.871875
152.017645;3.868663
152.116041;3.865744
152.328248;3.857900
152.673025;3.846802
152.753799;3.844466
153.031809;3.835485
153.049007;3.834892
153.198388;3.830451
153.234799;3.829497
153.753369;3.812546
153.902795;3.807513
153.957659;3.805601
154.287919;3.794321
154.422465;3.789600
154.503227;3.786600
154.636995;3.781938
154.644709;3.781777
154.664864;3.781249
154.682823;3.780726
154.816543;3.776141
155.035547;3.768628
155.086875;3.766895
155.181846;3.763728
155.295571;3.759512
155.502544;3.752106
155.781619;3.743099
156.087587;3.732675
156.541537;3.717650
156.593404;3.716122
156.752005;3.710545
156.790183;3.709276
156.957179;3.703796
156.960417;3.703682
157.122226;3.697878
157.126579;3.697716
157.387878;3.688705
157.522139;3.684276
157.622476;3.680882
157.871282;3.672613
158.022934;3.667522
158.302413;3.658706
158.320836;3.657931
158.435371;3.654253
158.436971;3.654201
159.203683;3.627048
159.274407;3.624424
159.417800;3.620033
159.461495;3.618632
159.484889;3.617933
159.720751;3.609829
159.787288;3.607504
159.817776;3.606354
159.876508;3.604088
159.909607;3.603165
159.922112;3.602781
160.460199;3.582980
160.646300;3.576227
160.666694;3.575431
160.764917;3.571474
161.189660;3.556140
161.227119;3.554878
161.238915;3.554550
161.401792;3.549360
161.446689;3.547630
161.565732;3.543486
161.807689;3.535080
162.288463;3.518652
162.437370;3.513549
162.555008;3.509630
162.675805;3.505375
162.892032;3.497609
162.921198;3.496685
163.234368;3.485231
163.398329;3.479321
163.447543;3.477511
163.655158;3.469784
163.916191;3.460226
163.941826;3.459306
164.249470;3.447597
164.337287;3.444254
164.537664;3.437404
164.701809;3.431479
164.925944;3.424011
165.116677;3.417059
165.158213;3.415389
165.173248;3.414918
165.299322;3.410501
165.635405;3.398761
165.808634;3.393208
165.871284;3.390647
166.126967;3.380996
166.412382;3.371246
166.422835;3.370837
166.547351;3.366183
166.835478;3.356299
166.840538;3.356103
166.891941;3.354232
166.954183;3.352069
167.176312;3.344563
167.218734;3.342712
167.379293;3.336408
167.607278;3.327626
167.609870;3.327487
167.730763;3.323183
167.813169;3.320399
168.026009;3.312963
168.214517;3.306292
168.386033;3.300426
168.388834;3.300305
168.414766;3.299541
168.444344;3.298354
168.614603;3.291994
168.740600;3.287340
168.940771;3.279263
169.011987;3.276739
169.209265;3.270101
169.266582;3.268044
169.272510;3.267825
169.403069;3.263634
169.424417;3.262533
169.795583;3.249479
169.907876;3.245187
170.075208;3.239104
170.211359;3.233993
170.239563;3.232906
170.270058;3.231836
170.317319;3.230080
170.475335;3.223577
171.083285;3.201938
171.136444;3.200155
171.158675;3.199443
171.216039;3.197172
171.363313;3.191974
171.457619;3.188153
171.547908;3.185005
171.965618;3.169183
171.997604;3.168106
172.197807;3.161266
172.243761;3.159419
172.400204;3.154178
172.702225;3.142665
172.758550;3.140369
172.773611;3.139777
172.846110;3.136794
172.952670;3.132560
172.961488;3.132094
173.153972;3.124765
173.355146;3.117875
173.583751;3.109775
173.685704;3.106294
173.789623;3.102996
173.811953;3.102277
174.233574;3.086112
174.792359;3.066131
175.098617;3.054493
175.117546;3.053793
175.325065;3.046122
175.448158;3.041798
175.511337;3.039198
175.515645;3.038979
175.529496;3.038303
175.535016;3.037981
175.630420;3.034062
176.324755;3.007650
176.448468;3.003426
176.707085;2.993727
176.865433;2.988740
176.973722;2.983712
177.050452;2.980503
177.223828;2.974017
177.283586;2.972023
177.764215;2.953873
177.992733;2.945556
178.556139;2.924045
178.733762;2.917251
179.021132;2.905874
179.093610;2.903445
179.216027;2.898043
179.643145;2.880985
179.774476;2.875719
179.854588;2.872518
179.906364;2.870452
179.991273;2.866806
180.063099;2.863968
180.238101;2.857769
180.698382;2.840451
180.703155;2.840342
180.732290;2.839314
180.766698;2.838021
180.857695;2.834068
181.093238;2.824663
181.162263;2.822541
181.261492;2.819243
181.819278;2.798098
181.969610;2.791784
181.987374;2.790977
182.118562;2.785685
182.241672;2.781454
182.484836;2.771752
182.591142;2.767531
182.895325;2.756141
183.174434;2.745060
183.203213;2.743859
183.220779;2.743055
183.403051;2.735856
183.407073;2.735674
183.463610;2.733586
183.553408;2.730592
183.701587;2.725006
184.032460;2.711340
184.078623;2.709545
184.153949;2.706831
184.155278;2.706784
184.443920;2.694581
184.564455;2.689581
184.904912;2.675210
185.182083;2.663258
185.545730;2.647923
185.830974;2.636119
186.194712;2.621506
186.786652;2.597109
186.839302;2.594920
186.861133;2.594007
187.155802;2.582375
187.231989;2.579156
187.409508;2.571724
187.548468;2.566312
187.785679;2.557305
188.432437;2.530938
188.722529;2.519263
188.900563;2.512106
189.357861;2.493955
189.362223;2.493807
189.366122;2.493675
189.389106;2.492552
189.499907;2.487857
189.665857;2.481217
189.843784;2.474171
189.870179;2.473064
190.064657;2.465480
190.487637;2.447714
190.607735;2.442241
190.729033;2.437075
190.942867;2.428395
191.020870;2.425140
191.114559;2.421268
191.187689;2.418178
191.288692;2.413968
191.363574;2.410886
191.431798;2.407508
191.561491;2.400938
191.801946;2.390281
191.903180;2.386667
191.959785;2.384308
192.034834;2.381643
192.128888;2.377675
192.159670;2.376051
192.190191;2.374691
192.212004;2.373967
192.286155;2.370772
192.431775;2.365162
192.514455;2.361976
192.763168;2.350644
192.849258;2.346965
193.217774;2.331900
193.267544;2.329610
193.639966;2.314724
193.720344;2.312041
194.092481;2.296727
194.282447;2.288909
194.368836;2.284543
194.670420;2.271638
195.189883;2.249894
195.217663;2.248455
195.315781;2.243968
195.539908;2.234587
195.568888;2.233254
195.758830;2.225702
195.789892;2.224530
195.797901;2.224131
195.897098;2.220031
196.030227;2.214543
196.053717;2.213692
196.299366;2.205012
196.426365;2.199049
196.463126;2.197537
196.538084;2.193859
196.710910;2.186684
196.711158;2.186673
196.852444;2.180454
196.949170;2.176040
197.048002;2.171737
197.059013;2.171232
197.328360;2.160234
197.408256;2.157020
197.441917;2.155358
197.474200;2.153979
197.740886;2.141385
197.767486;2.140313
197.797178;2.139060
197.831250;2.137768
197.842249;2.137369
198.078864;2.127659
198.258211;2.120272
198.454640;2.111968
198.808995;2.096138
198.950782;2.090315
199.039493;2.087132
199.047722;2.086778
199.059180;2.086311
199.169105;2.081535
199.175571;2.081328
199.242111;2.078501
199.456340;2.069221
199.512377;2.066698
199.967274;2.046222
200.055322;2.042189
200.087677;2.040914
200.313940;2.031822
200.736407;2.014302
200.765639;2.013018
200.775260;2.012487
200.792483;2.011602
200.828919;2.009945
201.021579;2.001535
201.204281;1.993265
201.525467;1.979066
201.539203;1.978548
201.577919;1.977030
201.647432;1.974294
202.000644;1.960121
202.241144;1.949922
202.326687;1.946410
202.359993;1.945292
202.393383;1.943671
202.458851;1.940752
202.765934;1.927874
202.829829;1.925196
203.096175;1.914161
203.225155;1.908630
203.404368;1.900916
203.609159;1.893017
203.661497;1.890780
204.003279;1.875025
204.122261;1.870333
204.189113;1.867609
204.308311;1.862154
204.412875;1.857284
204.684363;1.846347
204.729797;1.844330
204.759206;1.842932
204.880616;1.838363
204.926268;1.836640
204.927214;1.836596
205.281414;1.820387
205.366565;1.816981
205.432085;1.814458
205.456938;1.813387
205.653225;1.804525
205.749458;1.800292
205.804831;1.797757
205.913470;1.793217
206.051567;1.786274
206.113045;1.783693
206.342476;1.773600
206.397903;1.770631
206.619609;1.760459
206.864525;1.750127
206.894131;1.748933
207.067788;1.741411
207.245500;1.734346
207.511298;1.722964
207.661135;1.716076
207.713566;1.713404
207.836431;1.707625
207.866163;1.706317
207.885606;1.705366
208.056320;1.696896
208.093566;1.694872
208.146748;1.692362
208.195849;1.690184
208.335544;1.683547
208.406518;1.680035
208.442952;1.678466
208.464015;1.677498
208.529749;1.674699
208.708854;1.666331
209.602328;1.629234
209.610922;1.628878
209.682167;1.625447
209.857827;1.617395
209.899181;1.615557
210.239814;1.600455
210.421935;1.592238
210.880144;1.571705
210.894133;1.571168
210.963531;1.567753
210.966284;1.567631
211.137708;1.559940
211.214255;1.556331
211.493595;1.543791
211.925365;1.523431
212.146334;1.513236
212.155030;1.512868
212.589269;1.494438
212.732720;1.488920
212.821971;1.485047
212.831598;1.484652
212.844554;1.484086
212.984798;1.478791
213.053264;1.475908
213.184375;1.470854
213.214309;1.469546
213.610107;1.452098
213.725276;1.446851
213.995305;1.435592
214.067502;1.432300
214.205155;1.426196
214.401946;1.416957
214.554028;1.410541
214.572840;1.409571
214.586808;1.408890
214.835500;1.398171
215.108134;1.386629
215.239617;1.380684
215.389967;1.373529
215.510500;1.368501
215.870843;1.353003
216.049611;1.344547
216.086057;1.342742
216.176864;1.339345
216.488622;1.326642
216.635193;1.320035
216.643815;1.319548
216.864407;1.309850
217.007936;1.303432
217.183404;1.295830
217.281517;1.291924
217.294509;1.291371
217.318347;1.290228
217.415321;1.286266
217.724079;1.273942
217.768710;1.272111
217.926806;1.265045
217.956664;1.263713
218.117431;1.256529
218.132244;1.255902
218.268657;1.250211
218.446825;1.242320
218.494536;1.240149
218.545475;1.237846
218.575771;1.236546
218.633650;1.233567
218.687465;1.230795
218.695342;1.230433
218.747007;1.228194
218.999036;1.217362
219.017922;1.216645
219.022783;1.216425
219.300346;1.204369
220.121510;1.168500
220.346571;1.157811
220.386657;1.156105
220.417277;1.154915
220.484062;1.151979
220.544084;1.149418
220.704995;1.142454
220.868294;1.135111
220.905398;1.133363
221.155293;1.121990
221.342716;1.113718
221.393900;1.111729
221.433092;1.109703
221.943683;1.087638
222.001267;1.085261
222.171316;1.078404
222.189981;1.077684
222.215887;1.076468
222.301850;1.072783
222.662032;1.056868
222.871111;1.048163
223.028832;1.042111
223.069163;1.040460
223.069613;1.040442
223.380655;1.027183
223.504542;1.022081
223.606984;1.017795
223.611965;1.017584
223.689498;1.014368
223.727829;1.012550
223.728318;1.012525
224.020645;1.000325
224.039986;0.999537
224.135929;0.995545
224.163281;0.994232
224.223721;0.991608
224.352854;0.986356
224.370341;0.985548
224.397900;0.984537
224.474898;0.981758
224.582113;0.977125
224.706375;0.971454
224.777983;0.968580
225.134770;0.953812
225.702790;0.931130
226.108971;0.915397
226.246341;0.910380
226.310013;0.908066
226.572354;0.898096
226.615467;0.896161
226.996839;0.880284
227.054342;0.877724
227.256854;0.869945
227.619685;0.856526
227.709025;0.853567
227.850916;0.848021
228.127604;0.837422
228.139683;0.836925
228.181208;0.835312
228.253418;0.832925
228.275620;0.831999
228.351491;0.828692
228.531249;0.821798
228.550840;0.820954
228.612086;0.818559
228.703291;0.815165
228.818496;0.810694
228.919640;0.807926
conversﻙo
###########################################################################################

5.488606;0.009820
5.845106;0.009809
11.504947;0.009631
12.765014;0.009591
15.305279;0.009511
15.782363;0.009495
16.811132;0.009464
17.322560;0.009448
17.669735;0.009436
17.945983;0.009428
19.986531;0.009366
21.539824;0.009320
21.767189;0.009313
21.859267;0.009310
23.233221;0.009268
24.181466;0.009239
24.799711;0.009221
26.120798;0.009180
26.299203;0.009175
26.388027;0.009172
27.509733;0.009139
28.003089;0.009124
28.592703;0.009106
28.664701;0.009104
28.721012;0.009102
29.722509;0.009073
29.985601;0.009065
30.868167;0.009038
32.496788;0.008990
35.051351;0.008913
35.314609;0.008905
35.943677;0.008888
36.079838;0.008884
36.800101;0.008863
37.685548;0.008837
38.479346;0.008814
38.668282;0.008808
39.185111;0.008793
39.620430;0.008781
39.707807;0.008778
40.079242;0.008767
40.254043;0.008762
40.948583;0.008743
41.516654;0.008726
41.781519;0.008718
43.046798;0.008683
44.089730;0.008653
45.261350;0.008619
45.504730;0.008613
46.198144;0.008593
46.926330;0.008572
47.884717;0.008545
48.072063;0.008540
48.317292;0.008533
49.448488;0.008502
49.761477;0.008493
50.145429;0.008482
50.447103;0.008474
51.130092;0.008455
51.154418;0.008454
51.451492;0.008446
52.024292;0.008429
52.466248;0.008416
52.545291;0.008414
52.716063;0.008410
52.876482;0.008406
53.142114;0.008399
53.491841;0.008390
53.851593;0.008380
53.912393;0.008378
54.085002;0.008373
54.252244;0.008368
55.274558;0.008340
55.280224;0.008340
55.343413;0.008338
56.521208;0.008306
56.802976;0.008299
56.870271;0.008297
56.961421;0.008295
56.970675;0.008294
57.507620;0.008280
57.745117;0.008273
58.149812;0.008262
58.235027;0.008259
58.489406;0.008252
58.644873;0.008248
58.705604;0.008246
58.822788;0.008243
58.910565;0.008241
59.587902;0.008223
61.135411;0.008181
61.951521;0.008159
62.538556;0.008142
62.665950;0.008139
62.909011;0.008133
62.943424;0.008132
62.987588;0.008131
64.106137;0.008100
64.732345;0.008085
64.958045;0.008079
65.387327;0.008068
65.414120;0.008067
65.430972;0.008067
66.751539;0.008032
67.182181;0.008021
67.700909;0.008007
67.895809;0.008002
68.033271;0.007998
68.159027;0.007995
68.208918;0.007994
68.528990;0.007985
68.804389;0.007978
68.956296;0.007974
69.232475;0.007967
69.364043;0.007964
69.582117;0.007958
69.615904;0.007957
70.302577;0.007939
70.548625;0.007933
70.684576;0.007929
71.065203;0.007919
71.104455;0.007919
71.646065;0.007905
71.771180;0.007902
72.175349;0.007891
72.317630;0.007887
72.956192;0.007871
73.291343;0.007863
73.430903;0.007859
73.473171;0.007858
73.503009;0.007857
73.643571;0.007853
73.661904;0.007853
73.806913;0.007849
73.817841;0.007849
74.332288;0.007835
74.676518;0.007827
74.991384;0.007819
75.164383;0.007815
75.220796;0.007814
75.267979;0.007812
75.664688;0.007802
75.922632;0.007796
75.924590;0.007796
76.318832;0.007786
76.499055;0.007781
77.351289;0.007760
77.729050;0.007750
77.746495;0.007750
77.795493;0.007749
79.188122;0.007712
79.478469;0.007705
79.921710;0.007694
80.537791;0.007678
80.607261;0.007676
80.788362;0.007672
80.873913;0.007670
81.170048;0.007662
81.431767;0.007655
81.678517;0.007649
81.986941;0.007641
82.056825;0.007639
82.431074;0.007631
82.596894;0.007626
82.991632;0.007616
83.099107;0.007613
83.705960;0.007598
83.846594;0.007594
84.785472;0.007571
84.881664;0.007568
85.705487;0.007548
85.871669;0.007544
86.194939;0.007536
86.261698;0.007534
86.399657;0.007531
86.463228;0.007530
86.660223;0.007525
86.813610;0.007521
87.039530;0.007515
87.755872;0.007497
88.073831;0.007489
88.296862;0.007484
88.298414;0.007484
88.569641;0.007477
88.675677;0.007474
88.820515;0.007471
88.957015;0.007468
89.390655;0.007458
89.619643;0.007452
90.219725;0.007437
90.349834;0.007433
90.466284;0.007430
90.555141;0.007428
90.594455;0.007427
90.711588;0.007424
90.746177;0.007423
91.276327;0.007410
91.453409;0.007406
91.580822;0.007403
91.644733;0.007402
92.540302;0.007381
92.557876;0.007380
92.642413;0.007378
92.993398;0.007369
93.435157;0.007359
93.801729;0.007350
94.027167;0.007344
94.028580;0.007344
94.255601;0.007339
94.380610;0.007336
95.069533;0.007320
95.108712;0.007319
95.245893;0.007317
95.331465;0.007314
95.558329;0.007309
95.667370;0.007306
96.034182;0.007297
96.215119;0.007292
96.564030;0.007284
96.810625;0.007278
96.908591;0.007276
97.369037;0.007265
97.467032;0.007263
97.547954;0.007261
97.633953;0.007259
97.792281;0.007255
98.043245;0.007248
98.266982;0.007243
98.475239;0.007238
98.484162;0.007238
98.838372;0.007230
99.078307;0.007224
99.458502;0.007215
99.470803;0.007214
99.488797;0.007214
100.580891;0.007188
100.762573;0.007184
101.028494;0.007178
101.082577;0.007176
101.178762;0.007174
101.525745;0.007166
101.736932;0.007162
102.173423;0.007152
102.473388;0.007145
102.729387;0.007139
102.732159;0.007139
102.819350;0.007137
102.829908;0.007136
102.886757;0.007135
103.091343;0.007131
103.199999;0.007128
103.779845;0.007114
103.905564;0.007111
104.053642;0.007107
104.067864;0.007107
104.107078;0.007106
104.180324;0.007104
104.483756;0.007097
104.869074;0.007088
104.945578;0.007086
105.317227;0.007077
105.337083;0.007077
105.372138;0.007076
105.682435;0.007068
105.867261;0.007064
105.940850;0.007063
106.188134;0.007057
106.228910;0.007056
106.259404;0.007055
106.418271;0.007051
106.563018;0.007048
106.950701;0.007038
107.428818;0.007027
107.681392;0.007021
108.061916;0.007012
108.080858;0.007011
108.115160;0.007011
108.347570;0.007006
108.381264;0.007005
108.842314;0.006995
108.903664;0.006993
109.133501;0.006988
109.201270;0.006986
109.232343;0.006986
109.235255;0.006986
109.460825;0.006980
109.923883;0.006969
110.112248;0.006965
110.193054;0.006963
110.343526;0.006960
110.615472;0.006954
110.849272;0.006949
110.954430;0.006946
111.160886;0.006941
111.300813;0.006937
111.715346;0.006928
111.784508;0.006926
112.310317;0.006915
112.526200;0.006910
113.064953;0.006898
113.176398;0.006896
113.302603;0.006893
113.374118;0.006891
113.400521;0.006891
113.430349;0.006890
113.623722;0.006886
113.912652;0.006880
114.197629;0.006873
114.293237;0.006871
114.604496;0.006864
114.827325;0.006859
114.983225;0.006855
115.259197;0.006848
115.596375;0.006841
115.651343;0.006840
115.814497;0.006836
115.992362;0.006833
116.194823;0.006828
116.225387;0.006827
116.488611;0.006821
117.313023;0.006803
117.478934;0.006799
117.487396;0.006799
118.055891;0.006786
118.140816;0.006784
118.738338;0.006771
119.075447;0.006764
119.158566;0.006762
119.421126;0.006757
119.472050;0.006756
119.716951;0.006750
120.071432;0.006742
120.162249;0.006740
120.190391;0.006739
120.307442;0.006736
120.383906;0.006735
120.637967;0.006729
120.898679;0.006723
121.000810;0.006720
121.034516;0.006720
121.081864;0.006719
121.419120;0.006711
121.480260;0.006710
121.593207;0.006708
121.893266;0.006701
122.265033;0.006693
122.360476;0.006691
122.472032;0.006689
122.752190;0.006683
123.612004;0.006664
123.708550;0.006662
124.003737;0.006655
124.070014;0.006654
124.191850;0.006651
124.252086;0.006650
124.314694;0.006648
124.343515;0.006648
124.684155;0.006640
124.759213;0.006638
125.032753;0.006632
125.051725;0.006632
125.076626;0.006632
125.227334;0.006628
125.469802;0.006623
125.759442;0.006617
126.293588;0.006606
126.383534;0.006603
126.480633;0.006601
126.611738;0.006598
126.642303;0.006597
127.432976;0.006580
127.448970;0.006579
127.628954;0.006575
127.724460;0.006573
128.143265;0.006565
128.536177;0.006557
128.698562;0.006553
128.837255;0.006550
128.842123;0.006550
128.844965;0.006550
129.215733;0.006542
129.551080;0.006535
129.822932;0.006529
130.048346;0.006524
130.253843;0.006520
130.373437;0.006517
130.540551;0.006513
130.550278;0.006513
130.884866;0.006506
131.293176;0.006497
131.380217;0.006495
131.555703;0.006492
131.561386;0.006491
131.637841;0.006490
131.850322;0.006485
132.253597;0.006476
132.998179;0.006460
133.067383;0.006459
133.395244;0.006452
133.676693;0.006445
133.748207;0.006444
134.056947;0.006438
134.283936;0.006433
134.409032;0.006430
134.421237;0.006430
134.719972;0.006423
135.006439;0.006418
135.061284;0.006416
135.459267;0.006409
135.480692;0.006408
135.503860;0.006408
136.112509;0.006395
136.204336;0.006393
136.259001;0.006391
136.376300;0.006389
136.430670;0.006388
136.597438;0.006385
136.605305;0.006384
136.890237;0.006378
137.020875;0.006376
137.046745;0.006375
137.050162;0.006375
137.302852;0.006370
137.569504;0.006364
137.737542;0.006360
137.851659;0.006358
137.931842;0.006356
138.055990;0.006354
138.332875;0.006348
138.502106;0.006344
138.531555;0.006344
138.879873;0.006337
139.008193;0.006334
139.035774;0.006333
139.260862;0.006329
139.296837;0.006328
140.105157;0.006312
140.393950;0.006307
140.664442;0.006301
140.704074;0.006300
140.733014;0.006300
140.745967;0.006300
140.988379;0.006294
141.258171;0.006288
141.411706;0.006285
141.599786;0.006282
142.137033;0.006270
142.141232;0.006270
142.156592;0.006270
142.226549;0.006268
142.329998;0.006266
142.357339;0.006265
142.748471;0.006258
142.837083;0.006256
143.059730;0.006251
143.115187;0.006250
143.173285;0.006249
143.286186;0.006247
143.641426;0.006240
143.790088;0.006237
143.792437;0.006237
143.817465;0.006236
144.051904;0.006231
144.138831;0.006229
144.349944;0.006225
144.620660;0.006219
145.002037;0.006211
145.928558;0.006192
146.063887;0.006190
146.078270;0.006189
146.648256;0.006178
146.884341;0.006173
147.106074;0.006168
147.530539;0.006160
147.729358;0.006156
147.737960;0.006156
147.828003;0.006154
147.889397;0.006153
148.119510;0.006148
148.312571;0.006144
148.581999;0.006139
148.888839;0.006132
148.948187;0.006132
149.017012;0.006130
149.146689;0.006127
149.359662;0.006123
149.735749;0.006116
149.759244;0.006115
150.308453;0.006104
150.385018;0.006102
150.828107;0.006093
150.888053;0.006091
151.013408;0.006089
151.141074;0.006087
151.384698;0.006082
151.455718;0.006080
151.743490;0.006075
151.843031;0.006073
151.916448;0.006071
152.017645;0.006069
152.116041;0.006067
152.328248;0.006063
152.673025;0.006056
152.753799;0.006054
153.031809;0.006049
153.049007;0.006049
153.198388;0.006046
153.234799;0.006045
153.753369;0.006035
153.902795;0.006032
153.957659;0.006031
154.287919;0.006024
154.422465;0.006022
154.503227;0.006020
154.636995;0.006017
154.644709;0.006017
154.664864;0.006017
154.682823;0.006017
154.816543;0.006014
155.035547;0.006009
155.086875;0.006008
155.181846;0.006006
155.295571;0.006004
155.502544;0.006000
155.781619;0.005995
156.087587;0.005988
156.541537;0.005980
156.593404;0.005979
156.752005;0.005976
156.790183;0.005975
156.957179;0.005972
156.960417;0.005972
157.122226;0.005969
157.126579;0.005969
157.387878;0.005964
157.522139;0.005961
157.622476;0.005959
157.871282;0.005954
158.022934;0.005951
158.302413;0.005946
158.320836;0.005946
158.435371;0.005944
158.436971;0.005944
159.203683;0.005928
159.274407;0.005927
159.417800;0.005924
159.461495;0.005923
159.484889;0.005923
159.720751;0.005918
159.787288;0.005917
159.817776;0.005917
159.876508;0.005915
159.909607;0.005915
159.922112;0.005915
160.460199;0.005903
160.646300;0.005899
160.666694;0.005899
160.764917;0.005897
161.189660;0.005888
161.227119;0.005887
161.238915;0.005887
161.401792;0.005884
161.446689;0.005883
161.565732;0.005880
161.807689;0.005875
162.288463;0.005866
162.437370;0.005864
162.555008;0.005861
162.675805;0.005859
162.892032;0.005855
162.921198;0.005854
163.234368;0.005849
163.398329;0.005846
163.447543;0.005845
163.655158;0.005841
163.916191;0.005835
163.941826;0.005835
164.249470;0.005829
164.337287;0.005827
164.537664;0.005823
164.701809;0.005820
164.925944;0.005816
165.116677;0.005812
165.158213;0.005811
165.173248;0.005811
165.299322;0.005809
165.635405;0.005803
165.808634;0.005799
165.871284;0.005798
166.126967;0.005793
166.412382;0.005788
166.422835;0.005788
166.547351;0.005785
166.835478;0.005780
166.840538;0.005780
166.891941;0.005779
166.954183;0.005777
167.176312;0.005774
167.218734;0.005773
167.379293;0.005769
167.607278;0.005765
167.609870;0.005765
167.730763;0.005762
167.813169;0.005761
168.026009;0.005757
168.214517;0.005753
168.386033;0.005750
168.388834;0.005750
168.414766;0.005750
168.444344;0.005749
168.614603;0.005746
168.740600;0.005743
168.940771;0.005739
169.011987;0.005738
169.209265;0.005735
169.266582;0.005733
169.272510;0.005733
169.403069;0.005731
169.424417;0.005730
169.795583;0.005723
169.907876;0.005721
170.075208;0.005718
170.211359;0.005715
170.239563;0.005715
170.270058;0.005714
170.317319;0.005713
170.475335;0.005710
171.083285;0.005699
171.136444;0.005698
171.158675;0.005698
171.216039;0.005697
171.363313;0.005694
171.457619;0.005692
171.547908;0.005690
171.965618;0.005683
171.997604;0.005682
172.197807;0.005679
172.243761;0.005678
172.400204;0.005675
172.702225;0.005669
172.758550;0.005668
172.773611;0.005668
172.846110;0.005666
172.952670;0.005665
172.961488;0.005664
173.153972;0.005661
173.355146;0.005657
173.583751;0.005653
173.685704;0.005651
173.789623;0.005650
173.811953;0.005649
174.233574;0.005641
174.792359;0.005631
175.098617;0.005625
175.117546;0.005625
175.325065;0.005621
175.448158;0.005619
175.511337;0.005618
175.515645;0.005618
175.529496;0.005617
175.535016;0.005617
175.630420;0.005615
176.324755;0.005602
176.448468;0.005600
176.707085;0.005596
176.865433;0.005593
176.973722;0.005590
177.050452;0.005589
177.223828;0.005586
177.283586;0.005585
177.764215;0.005576
177.992733;0.005572
178.556139;0.005562
178.733762;0.005558
179.021132;0.005553
179.093610;0.005552
179.216027;0.005550
179.643145;0.005542
179.774476;0.005539
179.854588;0.005538
179.906364;0.005537
179.991273;0.005536
180.063099;0.005534
180.238101;0.005531
180.698382;0.005523
180.703155;0.005523
180.732290;0.005523
180.766698;0.005522
180.857695;0.005520
181.093238;0.005516
181.162263;0.005515
181.261492;0.005513
181.819278;0.005503
181.969610;0.005500
181.987374;0.005500
182.118562;0.005498
182.241672;0.005496
182.484836;0.005491
182.591142;0.005489
182.895325;0.005484
183.174434;0.005479
183.203213;0.005478
183.220779;0.005478
183.403051;0.005475
183.407073;0.005475
183.463610;0.005474
183.553408;0.005473
183.701587;0.005470
184.032460;0.005464
184.078623;0.005463
184.153949;0.005462
184.155278;0.005462
184.443920;0.005457
184.564455;0.005454
184.904912;0.005447
185.182083;0.005442
185.545730;0.005435
185.830974;0.005430
186.194712;0.005424
186.786652;0.005413
186.839302;0.005412
186.861133;0.005412
187.155802;0.005407
187.231989;0.005405
187.409508;0.005402
187.548468;0.005400
187.785679;0.005395
188.432437;0.005384
188.722529;0.005379
188.900563;0.005376
189.357861;0.005368
189.362223;0.005368
189.366122;0.005368
189.389106;0.005368
189.499907;0.005366
189.665857;0.005363
189.843784;0.005360
189.870179;0.005360
190.064657;0.005356
190.487637;0.005349
190.607735;0.005346
190.729033;0.005344
190.942867;0.005341
191.020870;0.005340
191.114559;0.005338
191.187689;0.005337
191.288692;0.005335
191.363574;0.005334
191.431798;0.005332
191.561491;0.005330
191.801946;0.005325
191.903180;0.005324
191.959785;0.005323
192.034834;0.005321
192.128888;0.005320
192.159670;0.005319
192.190191;0.005319
192.212004;0.005318
192.286155;0.005317
192.431775;0.005315
192.514455;0.005313
192.763168;0.005309
192.849258;0.005308
193.217774;0.005301
193.267544;0.005300
193.639966;0.005294
193.720344;0.005293
194.092481;0.005287
194.282447;0.005283
194.368836;0.005281
194.670420;0.005276
195.189883;0.005268
195.217663;0.005267
195.315781;0.005266
195.539908;0.005262
195.568888;0.005261
195.758830;0.005258
195.789892;0.005258
195.797901;0.005257
195.897098;0.005256
196.030227;0.005254
196.053717;0.005253
196.299366;0.005249
196.426365;0.005247
196.463126;0.005247
196.538084;0.005245
196.710910;0.005242
196.711158;0.005242
196.852444;0.005240
196.949170;0.005238
197.048002;0.005236
197.059013;0.005236
197.328360;0.005232
197.408256;0.005231
197.441917;0.005230
197.474200;0.005229
197.740886;0.005224
197.767486;0.005224
197.797178;0.005223
197.831250;0.005223
197.842249;0.005223
198.078864;0.005219
198.258211;0.005216
198.454640;0.005213
198.808995;0.005207
198.950782;0.005204
199.039493;0.005203
199.047722;0.005203
199.059180;0.005203
199.169105;0.005201
199.175571;0.005201
199.242111;0.005200
199.456340;0.005196
199.512377;0.005195
199.967274;0.005187
200.055322;0.005186
200.087677;0.005185
200.313940;0.005182
200.736407;0.005175
200.765639;0.005175
200.775260;0.005174
200.792483;0.005174
200.828919;0.005173
201.021579;0.005170
201.204281;0.005167
201.525467;0.005161
201.539203;0.005161
201.577919;0.005160
201.647432;0.005159
202.000644;0.005153
202.241144;0.005149
202.326687;0.005147
202.359993;0.005147
202.393383;0.005146
202.458851;0.005145
202.765934;0.005140
202.829829;0.005139
203.096175;0.005135
203.225155;0.005133
203.404368;0.005130
203.609159;0.005127
203.661497;0.005126
204.003279;0.005120
204.122261;0.005118
204.189113;0.005117
204.308311;0.005115
204.412875;0.005113
204.684363;0.005109
204.729797;0.005108
204.759206;0.005107
204.880616;0.005105
204.926268;0.005105
204.927214;0.005105
205.281414;0.005098
205.366565;0.005097
205.432085;0.005096
205.456938;0.005096
205.653225;0.005093
205.749458;0.005091
205.804831;0.005090
205.913470;0.005088
206.051567;0.005086
206.113045;0.005085
206.342476;0.005081
206.397903;0.005081
206.619609;0.005077
206.864525;0.005073
206.894131;0.005072
207.067788;0.005069
207.245500;0.005067
207.511298;0.005063
207.661135;0.005060
207.713566;0.005059
207.836431;0.005057
207.866163;0.005056
207.885606;0.005056
208.056320;0.005052
208.093566;0.005052
208.146748;0.005051
208.195849;0.005050
208.335544;0.005047
208.406518;0.005046
208.442952;0.005045
208.464015;0.005045
208.529749;0.005044
208.708854;0.005041
209.602328;0.005027
209.610922;0.005026
209.682167;0.005025
209.857827;0.005022
209.899181;0.005022
210.239814;0.005016
210.421935;0.005013
210.880144;0.005005
210.894133;0.005005
210.963531;0.005004
210.966284;0.005004
211.137708;0.005001
211.214255;0.005000
211.493595;0.004995
211.925365;0.004987
212.146334;0.004983
212.155030;0.004983
212.589269;0.004976
212.732720;0.004974
212.821971;0.004973
212.831598;0.004972
212.844554;0.004972
212.984798;0.004970
213.053264;0.004969
213.184375;0.004967
213.214309;0.004967
213.610107;0.004961
213.725276;0.004959
213.995305;0.004954
214.067502;0.004953
214.205155;0.004951
214.401946;0.004947
214.554028;0.004945
214.572840;0.004945
214.586808;0.004945
214.835500;0.004941
215.108134;0.004936
215.239617;0.004934
215.389967;0.004931
215.510500;0.004929
215.870843;0.004924
216.049611;0.004921
216.086057;0.004920
216.176864;0.004919
216.488622;0.004914
216.635193;0.004911
216.643815;0.004911
216.864407;0.004908
217.007936;0.004905
217.183404;0.004903
217.281517;0.004901
217.294509;0.004901
217.318347;0.004901
217.415321;0.004900
217.724079;0.004895
217.768710;0.004895
217.926806;0.004892
217.956664;0.004892
218.117431;0.004889
218.132244;0.004889
218.268657;0.004887
218.446825;0.004884
218.494536;0.004883
218.545475;0.004882
218.575771;0.004882
218.633650;0.004881
218.687465;0.004879
218.695342;0.004879
218.747007;0.004879
218.999036;0.004875
219.017922;0.004875
219.022783;0.004875
219.300346;0.004870
220.121510;0.004857
220.346571;0.004853
220.386657;0.004852
220.417277;0.004852
220.484062;0.004851
220.544084;0.004850
220.704995;0.004847
220.868294;0.004845
220.905398;0.004844
221.155293;0.004840
221.342716;0.004837
221.393900;0.004836
221.433092;0.004835
221.943683;0.004827
222.001267;0.004826
222.171316;0.004823
222.189981;0.004823
222.215887;0.004822
222.301850;0.004821
222.662032;0.004815
222.871111;0.004812
223.028832;0.004809
223.069163;0.004809
223.069613;0.004809
223.380655;0.004803
223.504542;0.004801
223.606984;0.004799
223.611965;0.004799
223.689498;0.004798
223.727829;0.004797
223.728318;0.004797
224.020645;0.004793
224.039986;0.004792
224.135929;0.004791
224.163281;0.004790
224.223721;0.004789
224.352854;0.004787
224.370341;0.004787
224.397900;0.004787
224.474898;0.004786
224.582113;0.004784
224.706375;0.004782
224.777983;0.004780
225.134770;0.004775
225.702790;0.004765
226.108971;0.004759
226.246341;0.004757
226.310013;0.004756
226.572354;0.004752
226.615467;0.004751
226.996839;0.004745
227.054342;0.004744
227.256854;0.004740
227.619685;0.004735
227.709025;0.004734
227.850916;0.004732
228.127604;0.004727
228.139683;0.004727
228.181208;0.004726
228.253418;0.004725
228.275620;0.004725
228.351491;0.004724
228.531249;0.004721
228.550840;0.004720
228.612086;0.004719
228.703291;0.004718
228.818496;0.004716
228.919640;0.004715
