2.341911973003093399e-08 1.683626528816244279e-08 1.677391024068438966e-09
1.663537559062956801e-07 1.237985080480709174e-07 2.108792688414921255e-08
4.520043899102003866e-07 3.407800385573553460e-07 8.178038070226315524e-08
8.871940129887697634e-07 6.730003873465267693e-07 2.055924109764997997e-07
1.435714389538812980e-06 1.126462605830313063e-06 4.144810759774362353e-07
2.113522979345988179e-06 1.696460210759327191e-06 6.970156378349427491e-07
2.927558714470126670e-06 2.396780929978616796e-06 1.107440279066322761e-06
3.849885667403503597e-06 3.192593535267200025e-06 1.618913911285333671e-06
4.823029965237289069e-06 4.100747523862992839e-06 2.258678497523306167e-06
5.880134864376584159e-06 5.128610756728509281e-06 2.965810792144532852e-06
7.047445997550885192e-06 6.196594697270958879e-06 3.733829548938295849e-06
8.386860989295622076e-06 7.402401866192804442e-06 4.569137499324897894e-06
9.776445639430836711e-06 8.634903923554892183e-06 5.648284036175362813e-06
1.109782579529190486e-05 1.000626285807709182e-05 6.770705210687343816e-06
1.257758885030987056e-05 1.146527010105564330e-05 7.835099137425970646e-06
1.405199685960204649e-05 1.297271568670126689e-05 9.303346095562465835e-06
1.557114761813951440e-05 1.430977647827044428e-05 1.060251926495854751e-05
1.716093392583296502e-05 1.610797586549876412e-05 1.222706345493759347e-05
1.878150018638144109e-05 1.820641914986177617e-05 1.381233032804620966e-05
2.047491991575229461e-05 1.957837813188556956e-05 1.531604246909565732e-05
2.224341409042367360e-05 2.095565960385191022e-05 1.583173496922994793e-05
2.414744467562075550e-05 2.306926643111452502e-05 1.825848388074253592e-05
2.572599476703611412e-05 2.493390982172975212e-05 1.982832279284515089e-05
2.729667623700958670e-05 2.644738567087099481e-05 2.097671136711372062e-05
2.919995243508938346e-05 2.827667478207499549e-05 2.342260444361991221e-05
3.043461696068881276e-05 2.988557225460661550e-05 2.534778424002765077e-05
3.245472861445691343e-05 3.148433530864129119e-05 2.653283388293481285e-05
3.411738090602212922e-05 3.422989103569900763e-05 2.887070750218248042e-05
3.533745462394880850e-05 3.525957945704442248e-05 3.132234504887689073e-05
3.743303785562250520e-05 3.699103834384485549e-05 3.239240187115002286e-05
3.864666634492491207e-05 3.891525046381831462e-05 3.457622989477725570e-05
4.032422627986231536e-05 4.010071005568959852e-05 3.526190786015906561e-05
4.239526368851078125e-05 4.173433988259460695e-05 3.852427552604617783e-05
4.368031194961529074e-05 4.384588571150032895e-05 4.014520393414726162e-05
4.510456304231986725e-05 4.596628031177233574e-05 4.256440380480985592e-05
4.568951916673304398e-05 4.714741648322778921e-05 4.343327057816503284e-05
4.753950941988249127e-05 4.921505752024348050e-05 4.332097066510422120e-05
5.020569552748118823e-05 5.056731265082331376e-05 4.811631467920135497e-05
5.055969338837112910e-05 5.159289812391156877e-05 4.797220872401966330e-05
5.193664936382190879e-05 5.296773823779440504e-05 4.857047974090354870e-05
5.275767779339042709e-05 5.367435445080899644e-05 5.322112028012874319e-05
5.470464857698627639e-05 5.739312671929960180e-05 5.649172724645572219e-05
5.539982941148470643e-05 5.827073231125033225e-05 5.292905915937909053e-05
5.657667996007744853e-05 5.848409255336787409e-05 5.584881624184020885e-05
5.752409804769784986e-05 5.939781024799705382e-05 5.723672863723920038e-05
5.982323476803653339e-05 6.131659545242179284e-05 5.830952162834445503e-05
5.942001639533339783e-05 6.170225162744872205e-05 5.957539635611877480e-05
6.025403787939152079e-05 6.348936112632003832e-05 6.049004027959710688e-05
6.161148274896725580e-05 6.467480985749384903e-05 6.057215945878140667e-05
6.236046244483072593e-05 6.507520266553768189e-05 6.505939571280336051e-05
6.244293759262781380e-05 6.435407902245889251e-05 6.230067809693270000e-05
6.495951041885353122e-05 6.639970923901087664e-05 6.573958148396116276e-05
6.474197898928034443e-05 6.770815158590942965e-05 6.036708728967074425e-05
6.470250968938316553e-05 6.871678550740584906e-05 6.534957765430932867e-05
6.537382693675172589e-05 6.874093817205167859e-05 6.777254122194424255e-05
6.682417055560092888e-05 6.742688419327527933e-05 6.925873750100427009e-05
6.744425287840251707e-05 6.947129429493843452e-05 6.982174609974698797e-05
6.799390962579632801e-05 7.028874387738254540e-05 7.150934329787935037e-05
6.818201337758290112e-05 6.945690737034640103e-05 6.847667358100584549e-05
6.838747271203852020e-05 7.143600048319926731e-05 6.749103451374431487e-05
6.773821426394273696e-05 7.218788803536329451e-05 7.438927271124716174e-05
6.818694432447876209e-05 7.300180354685015379e-05 6.782547373220626323e-05
6.906441759773442924e-05 7.341878000035893304e-05 7.276653390572333053e-05
6.975411575044603561e-05 7.125958753742949185e-05 7.571891821298268083e-05
6.886333065523586572e-05 7.485169801979289143e-05 7.519011270119356873e-05
7.053470381694146719e-05 7.224082102337558726e-05 7.781525087759341155e-05
6.968056101151554667e-05 7.289897261686896696e-05 7.346017321226002382e-05
7.047853020097418766e-05 7.498552748009332388e-05 7.783537364546605128e-05
7.098256414259501701e-05 7.334732614427364405e-05 7.544087829735901833e-05
7.199853437686282544e-05 7.289824945732777930e-05 7.534425823064760149e-05
7.104455020099848298e-05 7.644803045576711008e-05 7.930009798479680666e-05
7.131544628077248653e-05 7.448415073038153222e-05 7.403369598960512837e-05
7.066014800443923456e-05 7.373638924769286172e-05 7.170228118842119258e-05
7.156742517443618668e-05 7.215752378787756668e-05 7.534535115522806898e-05
7.089537925467023522e-05 7.650213037745298152e-05 7.685365550006812926e-05
7.058883678651832764e-05 7.361602004710750963e-05 7.811570152505067650e-05
7.070876452775985406e-05 7.270939325962158821e-05 7.522453228975210771e-05
7.210335680236174200e-05 7.312114977230688173e-05 7.821189506634799798e-05
6.952365672837669541e-05 7.157322474411309098e-05 7.341643201054752347e-05
6.754391428940796345e-05 7.221678225727763180e-05 8.316398256405459059e-05
6.922756286127538996e-05 7.151805191825889223e-05 7.680880112659450680e-05
6.935652781996456571e-05 6.960356526325280839e-05 7.685039684330029772e-05
6.966137696269040158e-05 7.017659317172061820e-05 7.529843492216093119e-05
6.728920865428826364e-05 7.090097584462696297e-05 7.742986770195058109e-05
6.850593938885561184e-05 6.986603810427135044e-05 7.345764530944326280e-05
6.942465401886886549e-05 7.255170741450236028e-05 7.195641152746636048e-05
6.985680101541242291e-05 7.056471164184232160e-05 6.893387819373198041e-05
7.013847687845650800e-05 6.797874452393227074e-05 7.488617563246245906e-05
6.721204528590342441e-05 6.908580311804093607e-05 7.140051841298432139e-05
6.557902989584224788e-05 6.849635556667370913e-05 6.902534916153075378e-05
6.505646017623256390e-05 6.898196004949375647e-05 7.294825511861966394e-05
6.667482483900652370e-05 6.674469490768626786e-05 6.503083878979129225e-05
6.491099409441952088e-05 7.065523942288446583e-05 7.585652977105177496e-05
6.804249293844934665e-05 6.656344051036614624e-05 6.667052093734853943e-05
6.705106851412481273e-05 6.704902140133780228e-05 6.920960355062528405e-05
6.410072964078515482e-05 6.675510933909891212e-05 6.747370933983213453e-05
6.278184914582397576e-05 6.476420157941185939e-05 6.423951852287218783e-05
6.359066230287731508e-05 6.234571944935329640e-05 6.360694708934008627e-05
6.470042001626799565e-05 6.560374938076573561e-05 6.610647006452862265e-05
6.229215659609923942e-05 6.098014372159411026e-05 6.483139732254690978e-05
6.262474808860742028e-05 6.190159487843132084e-05 6.179310644146617860e-05
5.929963097393956976e-05 6.304406700308962867e-05 7.165447215885453747e-05
6.173266730641102694e-05 6.142198331640873318e-05 6.410257596810845686e-05
6.127183591263686958e-05 6.147376389391344224e-05 6.295445135587782420e-05
5.833999755711563183e-05 6.182755782958728027e-05 6.618088294541992303e-05
5.946266123420627253e-05 6.049818037207355543e-05 6.043887659818929323e-05
6.080932465910646320e-05 6.231032717560208581e-05 6.041401732467451962e-05
5.927699906825774253e-05 5.798360498705923931e-05 5.521859891739930949e-05
5.924174334128865297e-05 5.970057715152535737e-05 6.463714053326410089e-05
5.768405502609957446e-05 5.609325073546448168e-05 5.925737968444491416e-05
5.561596796839034647e-05 5.703330939253818113e-05 5.837219544130973180e-05
5.743308585708491393e-05 5.492142562699690216e-05 6.420453448718852776e-05
5.606411353251415696e-05 5.671880985854277086e-05 5.584360399255713442e-05
5.348570805535429133e-05 5.377955374895296330e-05 5.397924233222529006e-05
5.607852755530304582e-05 5.455586896465651259e-05 5.972200300086481724e-05
5.317188419193608816e-05 5.195714385179731981e-05 6.294441422298581261e-05
5.283876401926377339e-05 5.463737493325307665e-05 5.411668348194951915e-05
5.306965260405044663e-05 5.501269830707631518e-05 5.278257699247655395e-05
5.294954323324915958e-05 5.483924338086992937e-05 5.195703488880315437e-05
5.314786396609939145e-05 5.155857100703118524e-05 5.806884882854183860e-05
4.947556731589914958e-05 5.281416845220766735e-05 5.199440604103962164e-05
4.996041619266467832e-05 5.192253383788269421e-05 5.554293410914903770e-05
4.841262193974091548e-05 5.250988003133450882e-05 4.760367175602607428e-05
4.806576713267428694e-05 4.955029535694843745e-05 4.965764679796735376e-05
5.097788375447559586e-05 5.106952142046727053e-05 5.614331493433553531e-05
4.733726961022243721e-05 4.750700304430283100e-05 4.613059483620962669e-05
4.682527573526639288e-05 4.615131076242317220e-05 5.433567594580050627e-05
4.694381206029555470e-05 4.644678987246421751e-05 5.124866647450895119e-05
4.688069072557004137e-05 4.917852256837638406e-05 4.129512976421074641e-05
4.862381159697779995e-05 4.526530789036751969e-05 4.606808908786412033e-05
4.291108580805416694e-05 4.579263701280203615e-05 4.468213728360386774e-05
4.583071350026131482e-05 4.465193483790952644e-05 4.677005496604844434e-05
4.291089763752781931e-05 4.587303299398208468e-05 4.283129292750432560e-05
4.598606375439820762e-05 4.279092448334044849e-05 4.350154761933030324e-05
4.253683693151125736e-05 4.315899238028514807e-05 4.011700993045455940e-05
4.217127149333734653e-05 4.525877011251278130e-05 4.440989486494854117e-05
4.208049987947493455e-05 4.157487520003880986e-05 4.473245243887496422e-05
4.163408500277824165e-05 3.940283511123746644e-05 4.304387673551881411e-05
4.148187725573589991e-05 3.760302770120892005e-05 3.590133856322736045e-05
4.119563312931042755e-05 4.195850309757685693e-05 4.354249711894683480e-05
3.964134611237798403e-05 3.735387772001500222e-05 4.053589932545848126e-05
4.118123521474187354e-05 3.743688492662076289e-05 4.111678598937172277e-05
3.971287031289175672e-05 3.973000694927898263e-05 3.716489716978792944e-05
4.000614985063397273e-05 3.842879423683275394e-05 3.601175617207767667e-05
3.697462732590425842e-05 3.724205108549820436e-05 3.483086651099297372e-05
3.755139573000165819e-05 3.790911096697998863e-05 3.487980130984306688e-05
3.784179978470802384e-05 3.803734390987321723e-05 4.275501180475306377e-05
3.651053361197052923e-05 4.066995395838267878e-05 4.249143856478062556e-05
3.815326281270086772e-05 3.851114242234962765e-05 3.589085836863869025e-05
3.731867655106444988e-05 3.674815965519207640e-05 4.090770269753336017e-05
3.437062376734483513e-05 3.500622368282201718e-05 3.549872021922602573e-05
3.282657873541092674e-05 3.288358021222802501e-05 3.686591870720267285e-05
3.473820824927686404e-05 3.716299024002694745e-05 3.832945503832820336e-05
3.473059494356349117e-05 3.188233104611240196e-05 3.019178831631188589e-05
3.420639462639712947e-05 3.212237205172976511e-05 4.370689800813983868e-05
3.379238546851814575e-05 3.035224583578806002e-05 3.148649616858944649e-05
3.570029005454405680e-05 2.760288520214669163e-05 3.088345020246165032e-05
3.589338812211061912e-05 3.011629254328279182e-05 2.825032438310316819e-05
3.073907866016138376e-05 2.936349389324157118e-05 3.014633287500865713e-05
3.216664444872517533e-05 3.309439601617560712e-05 2.538331299648359044e-05
3.228545434314023855e-05 3.059118268256324889e-05 3.458627431925843406e-05
2.941342666444202546e-05 2.763792909489161143e-05 3.286871861796023398e-05
3.086456964173401202e-05 3.066548143801405349e-05 2.740347313093878019e-05
3.015355892246194666e-05 3.033627454661516040e-05 2.500953695657541555e-05
2.935022498920441671e-05 2.927558125954364058e-05 2.586660632929130247e-05
2.820650603229305807e-05 2.622248147877001819e-05 3.007893300550893752e-05
3.036228121373121068e-05 2.687264870984260083e-05 3.494156751526839781e-05
2.950913281401062508e-05 2.697552946025658411e-05 2.914537362554340299e-05
2.576572702687139198e-05 2.697539756311950179e-05 2.599930400730161834e-05
2.856670167704187610e-05 2.414954970728445122e-05 2.866203013050848489e-05
2.677477058685074601e-05 2.596857549557996897e-05 2.246108107053755858e-05
2.869149680442674655e-05 2.439301069223218983e-05 2.513651750785684402e-05
2.488292010557191305e-05 2.502600769760308073e-05 2.239248534786393444e-05
2.510048927216159748e-05 2.304164540273109438e-05 2.143084745776970685e-05
2.480788161378432054e-05 2.709842045445763444e-05 2.662418092626961697e-05
2.484133630741112370e-05 2.079100268731857648e-05 2.631465478934423167e-05
2.648012921986829280e-05 2.160989860694619065e-05 2.217959955738233732e-05
2.499398563510672741e-05 2.565751103125068054e-05 2.624900724496789626e-05
2.222355732935049020e-05 2.174667163604867529e-05 2.913580693035912179e-05
2.423665146352571627e-05 2.173729668199104925e-05 2.424406595915817278e-05
2.201714662874957739e-05 2.222427328722852965e-05 1.591318895366210915e-05
2.208263522649028449e-05 1.950349581909217316e-05 2.210042263207913588e-05
2.268720446097184315e-05 1.945822965084148412e-05 3.047813117102187138e-05
2.109917228352972666e-05 2.197325395071834174e-05 1.985697444141283172e-05
1.985154417703608790e-05 2.052246074977721651e-05 1.383198438345317584e-05
2.166071030860365211e-05 1.997307804589958045e-05 2.380698769499576994e-05
2.055653529709997875e-05 2.006309291843618741e-05 1.909036553291410961e-05
2.490552866000309931e-05 2.146483052103686452e-05 1.215543768634732780e-05
2.295087566379137468e-05 1.930320330091449214e-05 1.950985075491792203e-05
1.644024089282608439e-05 1.895088068806205484e-05 1.533853125999535072e-05
1.769630242450378278e-05 1.901071639749901424e-05 1.845012702593250520e-05
1.858661400170122588e-05 1.783564575060362883e-05 2.088312769390770717e-05
2.091074180174161957e-05 1.648726435929453589e-05 1.732776063599443528e-05
2.162452221917750638e-05 1.835099762949535325e-05 1.218813216303486740e-05
1.990265880014589601e-05 1.725978756850955905e-05 1.308297157697634878e-05
1.875176105829116308e-05 1.929885222192242672e-05 1.942072793924242005e-05
1.756860228815994318e-05 1.703788663077695194e-05 1.415483030066879921e-05
1.477644370535731929e-05 1.720982438995116487e-05 2.380605713848101473e-05
1.664002446488299007e-05 1.841763295613566183e-05 2.403997607127285677e-05
1.691626948548064492e-05 1.785587071641344067e-05 2.185933105417592310e-05
1.632232796115699807e-05 1.667528938178949204e-05 1.308492936866568794e-05
1.592882191650395003e-05 1.745273622183240786e-05 1.156795564983231531e-05
1.519301041169034098e-05 1.593129064807708868e-05 1.833574787065042120e-05
1.377076053642965781e-05 1.670409858254377484e-05 6.743196062996095062e-06
1.470313177582727977e-05 1.466881949160561303e-05 1.787189798350922258e-05
1.530143197352077744e-05 1.544355766163163276e-05 1.029564944745364592e-05
1.569303470155693255e-05 1.061560066062550579e-05 1.128404665596997324e-05
1.572615814755461028e-05 1.542029758944124659e-05 2.186913322862796589e-05
1.777035521443224737e-05 1.360136752612649512e-05 1.061018379937256052e-05
1.410392547983782609e-05 1.489567095245979917e-05 1.785370686828086488e-05
1.460625783261147621e-05 1.219631744699924941e-05 1.172703475314618336e-05
1.523493687800788733e-05 1.450585157643960586e-05 1.727330812235828805e-05
1.451576568808679975e-05 1.430758195367185901e-05 1.193253344767093944e-05
1.390940648321774007e-05 1.340757237194153219e-05 9.256980475132050803e-06
1.416666872053164474e-05 1.335629827702969689e-05 1.592423268392725291e-05
1.619843168903776397e-05 1.137971247686260863e-05 1.227898207623732368e-05
1.379751037738700542e-05 1.237013066761521519e-05 1.240414448278252097e-05
1.147406946168889194e-05 1.016622945569910794e-05 1.830033223148166578e-05
1.300761210838437939e-05 1.152209299267672953e-05 1.457481102521808500e-05
1.180869277028259131e-05 1.126726845996428828e-05 9.806134435988604013e-06
1.086500131987481602e-05 1.264672311525867335e-05 1.287916140616982529e-05
9.762786309004340340e-06 1.165000340905737233e-05 1.395953052117053229e-05
1.200429669958535353e-05 9.887468169006578730e-06 9.060618499893314398e-06
1.143548411237486713e-05 1.017226485389113825e-05 1.523226686220613829e-05
1.180890490254979969e-05 1.158828274713581905e-05 6.148665989420163357e-06
1.053413550005272282e-05 9.208381120975955511e-06 8.276329212924772303e-06
1.159591258981094854e-05 1.179716233610674993e-05 1.355993382473760249e-05
1.086145289347677135e-05 1.111853693408960494e-05 1.473386291527955298e-05
1.095505742612524556e-05 8.663728359454241548e-06 9.556355059808737979e-06
1.377599241139425446e-05 9.730246280815909343e-06 7.505275560005511879e-06
9.996962078344827151e-06 8.814519984661415544e-06 2.165230434854965523e-06
1.255854186525889970e-05 1.072017370681837146e-05 2.178772803925004789e-06
8.689734297888501352e-06 8.966477143718927926e-06 1.209535554505221476e-05
8.465069839613417900e-06 1.212518946010788729e-05 7.768348024051023942e-06
9.591884562352378542e-06 8.083186417103379657e-06 6.721776238598237507e-06
9.374026189106054855e-06 7.108659767835630690e-06 5.641466432862926990e-06
1.051836103906916169e-05 8.862276287594703423e-06 1.250630628746215097e-05
1.044789083682682503e-05 8.291383266428911230e-06 4.583349913355918929e-06
9.764299260736232687e-06 6.432063150139928311e-06 4.629820643346138047e-06
9.224228020771953771e-06 8.434395892937050535e-06 6.994902436921793436e-06
7.409543467576219763e-06 5.669024316509558043e-06 9.424196113051062638e-06
1.032863189197468870e-05 9.232076864011702627e-06 7.107166119898966156e-06
9.620960998955410025e-06 7.758235084862290023e-06 5.988939855223598701e-06
7.111316552030106840e-06 1.005883613375538381e-05 9.642419184038759724e-06
7.494358040034749552e-06 6.087621367092762881e-06 4.867269291222466913e-06
8.703017064869467042e-06 6.589643755100652065e-06 7.354745877532947569e-06
8.110004575831223541e-06 6.186948123203288096e-06 2.478819516873862242e-06
7.014143442445897770e-06 6.237845472587269550e-06 8.720727060740812164e-06
5.384569324668398123e-06 7.451176631031506611e-06 1.006326246452353419e-05
9.163992556137208695e-06 7.040260615656136417e-06 5.066299499817538492e-06
8.382242792175421568e-06 7.099844936148951312e-06 3.829727162391657875e-06
6.377617809943659344e-06 7.633926286943508029e-06 5.149070983265964800e-06
7.815560680629576572e-06 7.209928476991313740e-06 9.082455344597970188e-06
7.529640475950675316e-06 6.296128047982279910e-06 7.847742460062986770e-06
8.293717507577557863e-06 5.372739107401003095e-06 9.221917338726727759e-06
5.868221845566035203e-06 4.924543784156146750e-06 6.641206261696458221e-06
6.273439224866363856e-06 6.694541868002565521e-06 4.012050940497507771e-06
4.517983647254479464e-06 8.500250100114034772e-06 9.447755563142924364e-06
5.828951569839068701e-06 6.297269084926104234e-06 8.171661315092395629e-06
6.786941403107399256e-06 7.616248927007086439e-06 2.739208025073915229e-06
4.623810224498865476e-06 4.603408436410130332e-06 6.901552452637997091e-06
6.335820920173895911e-06 6.447859280397501779e-06 0.000000000000000000e+00
5.259646081551608378e-06 4.679059185785702977e-06 4.207583660228033740e-06
5.486984159912864316e-06 5.237643386314899839e-06 4.232405076072293108e-06
4.952175323784494969e-06 5.534077640395092883e-06 4.268914616373667298e-06
4.801907304739618109e-06 6.111036361098864516e-06 2.868657332665387549e-06
5.998262631912393709e-06 5.358783201655604974e-06 2.888574113144259639e-06
5.263932124028654035e-06 3.778706321543181352e-06 0.000000000000000000e+00
4.520549180048376017e-06 4.076404833213735750e-06 5.864640492889953445e-06
4.352950752334444765e-06 6.299694145929690922e-06 4.433611531065852367e-06
5.980200738230341152e-06 7.450582955139096761e-06 2.968035182562515996e-06
5.425931157308901325e-06 5.831943998111354081e-06 7.501639237981298916e-06
5.058242189976859973e-06 2.519127296403784911e-06 1.513171545707517286e-06
5.705040454086357560e-06 5.079431587785721674e-06 3.043679788642234065e-06
3.696060810277568459e-06 1.705076967459004165e-06 1.537683166667708699e-06
5.171984583917265818e-06 4.003838365043400952e-06 6.169992195021490884e-06
5.212310846369497593e-06 3.170423961575068620e-06 4.667359306822865367e-06
5.034053922348309413e-06 7.547802102399415181e-06 0.000000000000000000e+00
5.283771887310044030e-06 4.392484134094795821e-06 4.730581030630695733e-06
6.171293890526582771e-06 3.238172485571352740e-06 3.180963322854365133e-06
3.858191173084642970e-06 5.638536806141243795e-06 4.803816417527930448e-06
4.967648368307144946e-06 5.678554482001494156e-06 9.674864314418434532e-06
4.349778653907134820e-06 2.708388966182645055e-06 8.113411608746203706e-06
4.818291196299951233e-06 3.635541428056484922e-06 0.000000000000000000e+00
2.865285586125750861e-06 5.491860854308436431e-06 6.584086719118258492e-06
2.663914861612163880e-06 3.379259003585203234e-06 1.661799555685881639e-06
3.357516366649921509e-06 2.164999424451312759e-06 1.664126191110785464e-06
4.053011852164953097e-06 3.739659211912494102e-06 6.723707826139033584e-06
3.628711076433072731e-06 2.200653145359273394e-06 3.385286736903205809e-06
5.026748831340441472e-06 2.528091142893496769e-06 3.408806018151215178e-06
2.761301293919498801e-06 4.454166723237990157e-06 3.429085066914714855e-06
3.241791846166722652e-06 3.202789304637413275e-06 5.179837290345128130e-06
2.796956272766835711e-06 2.905738452559424731e-06 6.959189991012160867e-06
3.052457930436376617e-06 1.948741095719231101e-06 8.754393076580387257e-06
3.781872762400882730e-06 2.289598896870484199e-06 8.809391352644431838e-06
3.565268536642433606e-06 3.619043781214329714e-06 1.773391338253044062e-06
2.398163635783494127e-06 3.978287120114371006e-06 1.786389344619890527e-06
2.891341775020751654e-06 3.336653102843015562e-06 5.398305801432213621e-06
2.672831472357517233e-06 4.703983315941551574e-06 1.814471467991434379e-06
2.686325420985219494e-06 4.062182961054696481e-06 3.656702699499738233e-06
2.214188947636896932e-06 1.702691946226764299e-06 5.504350507546252724e-06
1.980057360345277538e-06 4.799373220061585227e-06 0.000000000000000000e+00
1.993351997000251235e-06 1.723333009491604023e-06 3.729763088257145008e-06
3.513346775700264424e-06 3.471244579846667387e-06 5.624252032512836249e-06
2.526803521515975687e-06 2.100137649708139137e-06 1.890593217436780388e-06
2.543360901313010455e-06 2.109060853054423599e-06 1.894067887533464610e-06
1.277781338816916830e-06 3.188602880588177266e-06 0.000000000000000000e+00
2.063576756012951125e-06 3.208052193485719977e-06 1.927987839475868659e-06
4.927771710093828952e-06 2.510221114183926698e-06 3.875544513910402446e-06
2.873595557106736084e-06 2.531662761695455723e-06 3.893646274619819977e-06
2.101920176776711498e-06 1.088791588805343508e-06 1.963219886846143175e-06
3.171865084869739407e-06 3.658689556624543046e-07 1.972837916120167598e-06
4.522928116508562245e-06 1.471286649226161141e-06 3.976653465198176533e-06
1.605513215850033241e-06 1.111180458080592745e-06 1.997240781725974717e-06
2.963733412357382013e-06 3.720024440538179529e-07 0.000000000000000000e+00
2.170300139020112771e-06 1.877202381384369426e-06 6.074625956128129789e-06
2.730858820054419846e-06 3.776619770378627868e-06 0.000000000000000000e+00
3.293462473238339430e-06 2.280601671837208689e-06 0.000000000000000000e+00
2.764017896877336651e-06 1.147783518588280662e-06 8.252197373083888505e-06
8.361278758838403713e-07 1.154327643917330660e-06 0.000000000000000000e+00
3.079531584124179394e-06 2.326516459042071461e-06 0.000000000000000000e+00
1.127516415829549915e-06 1.561574318348378318e-06 2.104719847593255567e-06
2.270696584603113313e-06 1.568278572594207661e-06 2.109433957640112874e-06
3.706622256083479397e-06 1.972136962830341072e-06 6.383450668217747756e-06
2.008440759736814748e-06 1.191334583595389321e-06 0.000000000000000000e+00
1.733466971631723255e-06 2.796581353346285336e-06 0.000000000000000000e+00
2.613919114440889713e-06 2.010371179423870544e-06 0.000000000000000000e+00
8.763426366592468586e-07 1.617788612685471343e-06 2.183443587609490138e-06
1.469197732599197968e-06 2.036659545924029954e-06 0.000000000000000000e+00
1.773663334848485859e-06 8.209420810650182716e-07 0.000000000000000000e+00
1.786395880082089396e-06 3.296423251190212327e-06 4.441319749911347845e-06
1.199015782473561454e-06 1.656048792379679416e-06 2.241948857645376602e-06
2.713353876594012042e-06 1.668367122160285678e-06 2.248978177457338834e-06
1.514355658796017359e-06 2.516164667077672063e-06 0.000000000000000000e+00
1.524767835384118532e-06 1.265386879651952298e-06 2.273395398379303627e-06
9.218895846625946248e-07 1.698399738248717054e-06 6.862690691246185642e-06
1.853235728139746148e-06 0.000000000000000000e+00 0.000000000000000000e+00
1.553343024636826285e-06 1.285442050524236393e-06 4.645800779472288654e-06
9.368860412788986796e-07 8.628700088012517422e-07 0.000000000000000000e+00
9.425036501241617765e-07 8.692078412155465280e-07 0.000000000000000000e+00
2.211034479294818620e-06 8.745423744648418648e-07 2.355184470395431097e-06
1.269733564661278926e-06 8.808194412767821032e-07 2.376274741004667339e-06
1.280171926918888505e-06 8.853620366013200799e-07 0.000000000000000000e+00
1.608220334406341376e-06 4.446986492891740053e-07 2.401930848497271359e-06
1.294633633354091737e-06 8.957283068543980414e-07 7.234342404776899895e-06
1.300801485749941890e-06 9.009340322316782510e-07 7.271372089288900316e-06
1.308494857254793151e-06 9.047964643096056697e-07 0.000000000000000000e+00
1.974279214377123290e-06 1.365357753560923899e-06 0.000000000000000000e+00
9.924495812940256617e-07 4.574275315353751989e-07 0.000000000000000000e+00
9.994503865369792270e-07 9.193787306130833637e-07 0.000000000000000000e+00
1.339877590703906505e-06 4.620623462488899738e-07 0.000000000000000000e+00
1.344850377982600696e-06 1.397298177868406768e-06 0.000000000000000000e+00
1.356130985620489837e-06 4.684201985488576946e-07 0.000000000000000000e+00
1.021602787041383847e-06 1.884755918037607111e-06 5.075471863255922582e-06
1.712395426607488680e-06 9.464343872884598932e-07 2.556452122655150517e-06
1.032730549733070636e-06 4.770722102792724200e-07 2.563957934797993989e-06
3.461832721925795094e-07 9.583338803047885786e-07 0.000000000000000000e+00
1.395165660092189741e-06 1.443367935158749499e-06 0.000000000000000000e+00
3.506267208498498847e-07 4.835321531354747315e-07 0.000000000000000000e+00
3.516441071510527220e-07 9.746422372574528711e-07 5.265183225594671796e-06
1.062936694115270953e-06 4.888399992375935076e-07 0.000000000000000000e+00
2.134687183702677210e-06 9.845356508437729259e-07 0.000000000000000000e+00
1.433331083712957474e-06 9.909770158735775521e-07 0.000000000000000000e+00
0.000000000000000000e+00 1.994001501766536581e-06 0.000000000000000000e+00
1.086730301624107664e-06 1.001943086245695785e-06 2.707471220498311298e-06
3.633305643221370517e-07 1.006676582463183239e-06 0.000000000000000000e+00
1.831010827561861006e-06 1.011973996262008379e-06 0.000000000000000000e+00
3.678823837135669166e-07 5.099172824163864578e-07 0.000000000000000000e+00
3.706109958860297262e-07 5.122495990972842476e-07 0.000000000000000000e+00
1.489609547013724164e-06 5.154791662660905296e-07 0.000000000000000000e+00
7.491223630656825042e-07 5.179359525737355676e-07 2.794851671882053778e-06
1.127809908999621243e-06 1.560075554164717147e-06 0.000000000000000000e+00
3.771521325228366093e-07 5.230917428775290188e-07 0.000000000000000000e+00
3.800776713955506963e-07 2.632342223709809523e-06 0.000000000000000000e+00
0.000000000000000000e+00 0.000000000000000000e+00 2.857941626257215745e-06
7.688114399198382272e-07 0.000000000000000000e+00 0.000000000000000000e+00
1.544425567926462700e-06 0.000000000000000000e+00 2.888523983468787661e-06
3.882634730277841192e-07 0.000000000000000000e+00 0.000000000000000000e+00
1.561459383007290352e-06 1.082561892735542508e-06 0.000000000000000000e+00
7.836203626638878686e-07 0.000000000000000000e+00 0.000000000000000000e+00
0.000000000000000000e+00 0.000000000000000000e+00 0.000000000000000000e+00
3.957052615157113008e-07 0.000000000000000000e+00 0.000000000000000000e+00
3.981182197233581618e-07 5.516742205383686599e-07 0.000000000000000000e+00
8.019967416580628001e-07 0.000000000000000000e+00 0.000000000000000000e+00
4.035532178638732396e-07 1.674349061585872562e-06 0.000000000000000000e+00
4.054011019693930379e-07 1.119562062578843751e-06 0.000000000000000000e+00
4.065792259831282980e-07 5.625740889256757680e-07 0.000000000000000000e+00
4.091095334917154260e-07 0.000000000000000000e+00 3.051436444472860991e-06
1.233926874635278974e-06 1.137885054777636106e-06 0.000000000000000000e+00
8.260945346369932248e-07 1.145514857662009064e-06 0.000000000000000000e+00
1.245813590038921544e-06 0.000000000000000000e+00 0.000000000000000000e+00
4.170886580228614063e-07 5.791238188459291506e-07 0.000000000000000000e+00
4.199081154997160314e-07 5.794785473265192582e-07 0.000000000000000000e+00
0.000000000000000000e+00 0.000000000000000000e+00 0.000000000000000000e+00
4.242841398735655833e-07 0.000000000000000000e+00 0.000000000000000000e+00
4.271277727628691116e-07 0.000000000000000000e+00 0.000000000000000000e+00
0.000000000000000000e+00 5.929190767745574480e-07 0.000000000000000000e+00
0.000000000000000000e+00 5.950742735808533562e-07 0.000000000000000000e+00
0.000000000000000000e+00 0.000000000000000000e+00 0.000000000000000000e+00
0.000000000000000000e+00 0.000000000000000000e+00 0.000000000000000000e+00
8.737870766590485154e-07 0.000000000000000000e+00 0.000000000000000000e+00
0.000000000000000000e+00 6.082087123718124222e-07 0.000000000000000000e+00
4.408743378802134638e-07 6.108770892010905483e-07 0.000000000000000000e+00
4.439489192172297498e-07 1.227590186256072548e-06 0.000000000000000000e+00
0.000000000000000000e+00 6.170853353933848058e-07 0.000000000000000000e+00
1.345522117806934140e-06 0.000000000000000000e+00 0.000000000000000000e+00
9.008809986219347072e-07 0.000000000000000000e+00 0.000000000000000000e+00
0.000000000000000000e+00 0.000000000000000000e+00 0.000000000000000000e+00
0.000000000000000000e+00 0.000000000000000000e+00 0.000000000000000000e+00
9.143150232745511673e-07 6.309526781846214669e-07 0.000000000000000000e+00
0.000000000000000000e+00 0.000000000000000000e+00 3.426643263443175118e-06
9.226388000556475201e-07 6.385026308076934727e-07 0.000000000000000000e+00
0.000000000000000000e+00 0.000000000000000000e+00 0.000000000000000000e+00
0.000000000000000000e+00 6.453484602787882062e-07 0.000000000000000000e+00
0.000000000000000000e+00 0.000000000000000000e+00 0.000000000000000000e+00
0.000000000000000000e+00 0.000000000000000000e+00 0.000000000000000000e+00
0.000000000000000000e+00 6.554969675138365722e-07 0.000000000000000000e+00
9.492903913344462355e-07 6.561260130776800972e-07 0.000000000000000000e+00
0.000000000000000000e+00 6.601590486117262856e-07 0.000000000000000000e+00
0.000000000000000000e+00 6.642044412060071425e-07 0.000000000000000000e+00
0.000000000000000000e+00 0.000000000000000000e+00 0.000000000000000000e+00
4.845228880735307128e-07 0.000000000000000000e+00 0.000000000000000000e+00
4.860869770820829714e-07 6.736067400863750080e-07 0.000000000000000000e+00
4.884839884132280984e-07 0.000000000000000000e+00 0.000000000000000000e+00
4.914422495613780913e-07 6.796127842266284523e-07 0.000000000000000000e+00
0.000000000000000000e+00 0.000000000000000000e+00 0.000000000000000000e+00
0.000000000000000000e+00 6.865462534925993990e-07 0.000000000000000000e+00
0.000000000000000000e+00 0.000000000000000000e+00 0.000000000000000000e+00
0.000000000000000000e+00 0.000000000000000000e+00 0.000000000000000000e+00
0.000000000000000000e+00 0.000000000000000000e+00 0.000000000000000000e+00
1.010105708295127063e-06 0.000000000000000000e+00 0.000000000000000000e+00
0.000000000000000000e+00 0.000000000000000000e+00 0.000000000000000000e+00
5.091908571085141393e-07 0.000000000000000000e+00 0.000000000000000000e+00
0.000000000000000000e+00 1.415899958137578399e-06 0.000000000000000000e+00
5.133459581560831611e-07 7.125322823100280956e-07 0.000000000000000000e+00
0.000000000000000000e+00 7.159459201998182735e-07 0.000000000000000000e+00
0.000000000000000000e+00 0.000000000000000000e+00 0.000000000000000000e+00
0.000000000000000000e+00 7.212135998224541322e-07 0.000000000000000000e+00
0.000000000000000000e+00 0.000000000000000000e+00 0.000000000000000000e+00
1.052687361430938276e-06 0.000000000000000000e+00 0.000000000000000000e+00
1.058251997168259635e-06 0.000000000000000000e+00 0.000000000000000000e+00
0.000000000000000000e+00 0.000000000000000000e+00 0.000000000000000000e+00
0.000000000000000000e+00 0.000000000000000000e+00 0.000000000000000000e+00
0.000000000000000000e+00 0.000000000000000000e+00 0.000000000000000000e+00
0.000000000000000000e+00 0.000000000000000000e+00 0.000000000000000000e+00
0.000000000000000000e+00 0.000000000000000000e+00 0.000000000000000000e+00
0.000000000000000000e+00 0.000000000000000000e+00 0.000000000000000000e+00
0.000000000000000000e+00 0.000000000000000000e+00 0.000000000000000000e+00
0.000000000000000000e+00 7.598462773050602517e-07 0.000000000000000000e+00
0.000000000000000000e+00 0.000000000000000000e+00 0.000000000000000000e+00
0.000000000000000000e+00 0.000000000000000000e+00 0.000000000000000000e+00
0.000000000000000000e+00 0.000000000000000000e+00 0.000000000000000000e+00
0.000000000000000000e+00 0.000000000000000000e+00 4.156531338313584197e-06
0.000000000000000000e+00 0.000000000000000000e+00 0.000000000000000000e+00
0.000000000000000000e+00 0.000000000000000000e+00 0.000000000000000000e+00
0.000000000000000000e+00 0.000000000000000000e+00 0.000000000000000000e+00
0.000000000000000000e+00 0.000000000000000000e+00 0.000000000000000000e+00
5.693969353607758985e-07 7.900689737004099163e-07 0.000000000000000000e+00
0.000000000000000000e+00 0.000000000000000000e+00 0.000000000000000000e+00
0.000000000000000000e+00 0.000000000000000000e+00 0.000000000000000000e+00
0.000000000000000000e+00 7.986536068704540694e-07 0.000000000000000000e+00
5.814187086421906810e-07 0.000000000000000000e+00 0.000000000000000000e+00
0.000000000000000000e+00 0.000000000000000000e+00 0.000000000000000000e+00
5.852517848235028377e-07 0.000000000000000000e+00 0.000000000000000000e+00
5.882867933127604530e-07 0.000000000000000000e+00 0.000000000000000000e+00
0.000000000000000000e+00 8.173659611073297475e-07 0.000000000000000000e+00
0.000000000000000000e+00 8.204588463984540646e-07 0.000000000000000000e+00
0.000000000000000000e+00 0.000000000000000000e+00 0.000000000000000000e+00
5.981537062061579092e-07 8.272272330628541837e-07 0.000000000000000000e+00
0.000000000000000000e+00 0.000000000000000000e+00 0.000000000000000000e+00
0.000000000000000000e+00 0.000000000000000000e+00 0.000000000000000000e+00
0.000000000000000000e+00 0.000000000000000000e+00 0.000000000000000000e+00
0.000000000000000000e+00 0.000000000000000000e+00 0.000000000000000000e+00
6.103705616352506253e-07 0.000000000000000000e+00 0.000000000000000000e+00
0.000000000000000000e+00 0.000000000000000000e+00 0.000000000000000000e+00
0.000000000000000000e+00 0.000000000000000000e+00 0.000000000000000000e+00
0.000000000000000000e+00 0.000000000000000000e+00 0.000000000000000000e+00
1.243651107244526171e-06 0.000000000000000000e+00 0.000000000000000000e+00
0.000000000000000000e+00 0.000000000000000000e+00 0.000000000000000000e+00
0.000000000000000000e+00 0.000000000000000000e+00 0.000000000000000000e+00
0.000000000000000000e+00 0.000000000000000000e+00 0.000000000000000000e+00
0.000000000000000000e+00 0.000000000000000000e+00 0.000000000000000000e+00
0.000000000000000000e+00 0.000000000000000000e+00 0.000000000000000000e+00
0.000000000000000000e+00 0.000000000000000000e+00 0.000000000000000000e+00
0.000000000000000000e+00 0.000000000000000000e+00 4.782457009154538369e-06
0.000000000000000000e+00 0.000000000000000000e+00 0.000000000000000000e+00
0.000000000000000000e+00 0.000000000000000000e+00 0.000000000000000000e+00
0.000000000000000000e+00 0.000000000000000000e+00 0.000000000000000000e+00
0.000000000000000000e+00 0.000000000000000000e+00 0.000000000000000000e+00
0.000000000000000000e+00 0.000000000000000000e+00 0.000000000000000000e+00
0.000000000000000000e+00 0.000000000000000000e+00 0.000000000000000000e+00
6.580066551157923583e-07 0.000000000000000000e+00 0.000000000000000000e+00
0.000000000000000000e+00 0.000000000000000000e+00 0.000000000000000000e+00
0.000000000000000000e+00 0.000000000000000000e+00 0.000000000000000000e+00
0.000000000000000000e+00 9.207253364251650467e-07 0.000000000000000000e+00
0.000000000000000000e+00 0.000000000000000000e+00 0.000000000000000000e+00
0.000000000000000000e+00 0.000000000000000000e+00 0.000000000000000000e+00
0.000000000000000000e+00 0.000000000000000000e+00 0.000000000000000000e+00
0.000000000000000000e+00 0.000000000000000000e+00 0.000000000000000000e+00
0.000000000000000000e+00 0.000000000000000000e+00 0.000000000000000000e+00
0.000000000000000000e+00 0.000000000000000000e+00 0.000000000000000000e+00
0.000000000000000000e+00 0.000000000000000000e+00 0.000000000000000000e+00
0.000000000000000000e+00 0.000000000000000000e+00 0.000000000000000000e+00
0.000000000000000000e+00 0.000000000000000000e+00 0.000000000000000000e+00
0.000000000000000000e+00 9.592824536219719013e-07 0.000000000000000000e+00
6.953761913666960978e-07 0.000000000000000000e+00 0.000000000000000000e+00
0.000000000000000000e+00 0.000000000000000000e+00 0.000000000000000000e+00
0.000000000000000000e+00 0.000000000000000000e+00 0.000000000000000000e+00
0.000000000000000000e+00 0.000000000000000000e+00 0.000000000000000000e+00
0.000000000000000000e+00 0.000000000000000000e+00 0.000000000000000000e+00
0.000000000000000000e+00 0.000000000000000000e+00 0.000000000000000000e+00
0.000000000000000000e+00 0.000000000000000000e+00 0.000000000000000000e+00
0.000000000000000000e+00 0.000000000000000000e+00 0.000000000000000000e+00
0.000000000000000000e+00 0.000000000000000000e+00 0.000000000000000000e+00
0.000000000000000000e+00 0.000000000000000000e+00 0.000000000000000000e+00
0.000000000000000000e+00 0.000000000000000000e+00 0.000000000000000000e+00
0.000000000000000000e+00 0.000000000000000000e+00 0.000000000000000000e+00
0.000000000000000000e+00 0.000000000000000000e+00 0.000000000000000000e+00
0.000000000000000000e+00 0.000000000000000000e+00 0.000000000000000000e+00
0.000000000000000000e+00 0.000000000000000000e+00 0.000000000000000000e+00
0.000000000000000000e+00 0.000000000000000000e+00 0.000000000000000000e+00
0.000000000000000000e+00 0.000000000000000000e+00 0.000000000000000000e+00
0.000000000000000000e+00 0.000000000000000000e+00 0.000000000000000000e+00
0.000000000000000000e+00 0.000000000000000000e+00 0.000000000000000000e+00
0.000000000000000000e+00 0.000000000000000000e+00 0.000000000000000000e+00
0.000000000000000000e+00 0.000000000000000000e+00 0.000000000000000000e+00
0.000000000000000000e+00 0.000000000000000000e+00 0.000000000000000000e+00
0.000000000000000000e+00 0.000000000000000000e+00 0.000000000000000000e+00
0.000000000000000000e+00 0.000000000000000000e+00 0.000000000000000000e+00
0.000000000000000000e+00 0.000000000000000000e+00 0.000000000000000000e+00
0.000000000000000000e+00 0.000000000000000000e+00 0.000000000000000000e+00
0.000000000000000000e+00 0.000000000000000000e+00 0.000000000000000000e+00
0.000000000000000000e+00 0.000000000000000000e+00 0.000000000000000000e+00
0.000000000000000000e+00 0.000000000000000000e+00 0.000000000000000000e+00
0.000000000000000000e+00 0.000000000000000000e+00 0.000000000000000000e+00
0.000000000000000000e+00 0.000000000000000000e+00 0.000000000000000000e+00
0.000000000000000000e+00 0.000000000000000000e+00 0.000000000000000000e+00
0.000000000000000000e+00 0.000000000000000000e+00 0.000000000000000000e+00
0.000000000000000000e+00 0.000000000000000000e+00 0.000000000000000000e+00
0.000000000000000000e+00 0.000000000000000000e+00 0.000000000000000000e+00
0.000000000000000000e+00 0.000000000000000000e+00 0.000000000000000000e+00
0.000000000000000000e+00 0.000000000000000000e+00 0.000000000000000000e+00
0.000000000000000000e+00 0.000000000000000000e+00 0.000000000000000000e+00
0.000000000000000000e+00 0.000000000000000000e+00 0.000000000000000000e+00
0.000000000000000000e+00 0.000000000000000000e+00 0.000000000000000000e+00
0.000000000000000000e+00 0.000000000000000000e+00 0.000000000000000000e+00
0.000000000000000000e+00 0.000000000000000000e+00 0.000000000000000000e+00
0.000000000000000000e+00 0.000000000000000000e+00 0.000000000000000000e+00
0.000000000000000000e+00 0.000000000000000000e+00 0.000000000000000000e+00
0.000000000000000000e+00 0.000000000000000000e+00 0.000000000000000000e+00
0.000000000000000000e+00 0.000000000000000000e+00 0.000000000000000000e+00
0.000000000000000000e+00 0.000000000000000000e+00 0.000000000000000000e+00
0.000000000000000000e+00 0.000000000000000000e+00 0.000000000000000000e+00
0.000000000000000000e+00 0.000000000000000000e+00 0.000000000000000000e+00
0.000000000000000000e+00 0.000000000000000000e+00 0.000000000000000000e+00
0.000000000000000000e+00 0.000000000000000000e+00 0.000000000000000000e+00
0.000000000000000000e+00 0.000000000000000000e+00 0.000000000000000000e+00
0.000000000000000000e+00 0.000000000000000000e+00 0.000000000000000000e+00
0.000000000000000000e+00 0.000000000000000000e+00 0.000000000000000000e+00
0.000000000000000000e+00 0.000000000000000000e+00 0.000000000000000000e+00
0.000000000000000000e+00 0.000000000000000000e+00 0.000000000000000000e+00
0.000000000000000000e+00 0.000000000000000000e+00 0.000000000000000000e+00
0.000000000000000000e+00 0.000000000000000000e+00 0.000000000000000000e+00
0.000000000000000000e+00 0.000000000000000000e+00 0.000000000000000000e+00
0.000000000000000000e+00 0.000000000000000000e+00 0.000000000000000000e+00
0.000000000000000000e+00 0.000000000000000000e+00 0.000000000000000000e+00
0.000000000000000000e+00 0.000000000000000000e+00 0.000000000000000000e+00
0.000000000000000000e+00 0.000000000000000000e+00 0.000000000000000000e+00
0.000000000000000000e+00 0.000000000000000000e+00 0.000000000000000000e+00
0.000000000000000000e+00 0.000000000000000000e+00 0.000000000000000000e+00
0.000000000000000000e+00 0.000000000000000000e+00 0.000000000000000000e+00
0.000000000000000000e+00 0.000000000000000000e+00 0.000000000000000000e+00
0.000000000000000000e+00 0.000000000000000000e+00 0.000000000000000000e+00
0.000000000000000000e+00 0.000000000000000000e+00 0.000000000000000000e+00
0.000000000000000000e+00 0.000000000000000000e+00 0.000000000000000000e+00
0.000000000000000000e+00 0.000000000000000000e+00 0.000000000000000000e+00
0.000000000000000000e+00 0.000000000000000000e+00 0.000000000000000000e+00
0.000000000000000000e+00 0.000000000000000000e+00 0.000000000000000000e+00
0.000000000000000000e+00 0.000000000000000000e+00 0.000000000000000000e+00
0.000000000000000000e+00 0.000000000000000000e+00 0.000000000000000000e+00
0.000000000000000000e+00 0.000000000000000000e+00 0.000000000000000000e+00
0.000000000000000000e+00 0.000000000000000000e+00 0.000000000000000000e+00
0.000000000000000000e+00 0.000000000000000000e+00 0.000000000000000000e+00
0.000000000000000000e+00 0.000000000000000000e+00 0.000000000000000000e+00
0.000000000000000000e+00 0.000000000000000000e+00 0.000000000000000000e+00
0.000000000000000000e+00 0.000000000000000000e+00 0.000000000000000000e+00
0.000000000000000000e+00 0.000000000000000000e+00 0.000000000000000000e+00
0.000000000000000000e+00 0.000000000000000000e+00 0.000000000000000000e+00
0.000000000000000000e+00 0.000000000000000000e+00 0.000000000000000000e+00
0.000000000000000000e+00 0.000000000000000000e+00 0.000000000000000000e+00
0.000000000000000000e+00 0.000000000000000000e+00 0.000000000000000000e+00
0.000000000000000000e+00 0.000000000000000000e+00 0.000000000000000000e+00
0.000000000000000000e+00 0.000000000000000000e+00 0.000000000000000000e+00
0.000000000000000000e+00 0.000000000000000000e+00 0.000000000000000000e+00
0.000000000000000000e+00 0.000000000000000000e+00 0.000000000000000000e+00
0.000000000000000000e+00 0.000000000000000000e+00 0.000000000000000000e+00
0.000000000000000000e+00 0.000000000000000000e+00 0.000000000000000000e+00
0.000000000000000000e+00 0.000000000000000000e+00 0.000000000000000000e+00
0.000000000000000000e+00 0.000000000000000000e+00 0.000000000000000000e+00
0.000000000000000000e+00 0.000000000000000000e+00 0.000000000000000000e+00
0.000000000000000000e+00 0.000000000000000000e+00 0.000000000000000000e+00
0.000000000000000000e+00 0.000000000000000000e+00 0.000000000000000000e+00
0.000000000000000000e+00 0.000000000000000000e+00 0.000000000000000000e+00
0.000000000000000000e+00 0.000000000000000000e+00 0.000000000000000000e+00
0.000000000000000000e+00 0.000000000000000000e+00 0.000000000000000000e+00
0.000000000000000000e+00 0.000000000000000000e+00 0.000000000000000000e+00
0.000000000000000000e+00 0.000000000000000000e+00 0.000000000000000000e+00
0.000000000000000000e+00 0.000000000000000000e+00 0.000000000000000000e+00
0.000000000000000000e+00 0.000000000000000000e+00 0.000000000000000000e+00
0.000000000000000000e+00 0.000000000000000000e+00 0.000000000000000000e+00
0.000000000000000000e+00 0.000000000000000000e+00 0.000000000000000000e+00
0.000000000000000000e+00 0.000000000000000000e+00 0.000000000000000000e+00
0.000000000000000000e+00 0.000000000000000000e+00 0.000000000000000000e+00
0.000000000000000000e+00 0.000000000000000000e+00 0.000000000000000000e+00
0.000000000000000000e+00 0.000000000000000000e+00 0.000000000000000000e+00
0.000000000000000000e+00 0.000000000000000000e+00 0.000000000000000000e+00
0.000000000000000000e+00 0.000000000000000000e+00 0.000000000000000000e+00
0.000000000000000000e+00 0.000000000000000000e+00 0.000000000000000000e+00
0.000000000000000000e+00 0.000000000000000000e+00 0.000000000000000000e+00
0.000000000000000000e+00 0.000000000000000000e+00 0.000000000000000000e+00
0.000000000000000000e+00 0.000000000000000000e+00 0.000000000000000000e+00
0.000000000000000000e+00 0.000000000000000000e+00 0.000000000000000000e+00
0.000000000000000000e+00 0.000000000000000000e+00 0.000000000000000000e+00
0.000000000000000000e+00 0.000000000000000000e+00 0.000000000000000000e+00
0.000000000000000000e+00 0.000000000000000000e+00 0.000000000000000000e+00
0.000000000000000000e+00 0.000000000000000000e+00 0.000000000000000000e+00
0.000000000000000000e+00 0.000000000000000000e+00 0.000000000000000000e+00
0.000000000000000000e+00 0.000000000000000000e+00 0.000000000000000000e+00
0.000000000000000000e+00 0.000000000000000000e+00 0.000000000000000000e+00
0.000000000000000000e+00 0.000000000000000000e+00 0.000000000000000000e+00
0.000000000000000000e+00 0.000000000000000000e+00 0.000000000000000000e+00
0.000000000000000000e+00 0.000000000000000000e+00 0.000000000000000000e+00
0.000000000000000000e+00 0.000000000000000000e+00 0.000000000000000000e+00
0.000000000000000000e+00 0.000000000000000000e+00 0.000000000000000000e+00
0.000000000000000000e+00 0.000000000000000000e+00 0.000000000000000000e+00
0.000000000000000000e+00 0.000000000000000000e+00 0.000000000000000000e+00
0.000000000000000000e+00 0.000000000000000000e+00 0.000000000000000000e+00
0.000000000000000000e+00 0.000000000000000000e+00 0.000000000000000000e+00
0.000000000000000000e+00 0.000000000000000000e+00 0.000000000000000000e+00
0.000000000000000000e+00 0.000000000000000000e+00 0.000000000000000000e+00
0.000000000000000000e+00 0.000000000000000000e+00 0.000000000000000000e+00
0.000000000000000000e+00 0.000000000000000000e+00 0.000000000000000000e+00
0.000000000000000000e+00 0.000000000000000000e+00 0.000000000000000000e+00
0.000000000000000000e+00 0.000000000000000000e+00 0.000000000000000000e+00
0.000000000000000000e+00 0.000000000000000000e+00 0.000000000000000000e+00
0.000000000000000000e+00 0.000000000000000000e+00 0.000000000000000000e+00
0.000000000000000000e+00 0.000000000000000000e+00 0.000000000000000000e+00
0.000000000000000000e+00 0.000000000000000000e+00 0.000000000000000000e+00
0.000000000000000000e+00 0.000000000000000000e+00 0.000000000000000000e+00
0.000000000000000000e+00 0.000000000000000000e+00 0.000000000000000000e+00
0.000000000000000000e+00 0.000000000000000000e+00 0.000000000000000000e+00
0.000000000000000000e+00 0.000000000000000000e+00 0.000000000000000000e+00
0.000000000000000000e+00 0.000000000000000000e+00 0.000000000000000000e+00
0.000000000000000000e+00 0.000000000000000000e+00 0.000000000000000000e+00
0.000000000000000000e+00 0.000000000000000000e+00 0.000000000000000000e+00
0.000000000000000000e+00 0.000000000000000000e+00 0.000000000000000000e+00
0.000000000000000000e+00 0.000000000000000000e+00 0.000000000000000000e+00
0.000000000000000000e+00 0.000000000000000000e+00 0.000000000000000000e+00
0.000000000000000000e+00 0.000000000000000000e+00 0.000000000000000000e+00
0.000000000000000000e+00 0.000000000000000000e+00 0.000000000000000000e+00
0.000000000000000000e+00 0.000000000000000000e+00 0.000000000000000000e+00
0.000000000000000000e+00 0.000000000000000000e+00 0.000000000000000000e+00
0.000000000000000000e+00 0.000000000000000000e+00 0.000000000000000000e+00
0.000000000000000000e+00 0.000000000000000000e+00 0.000000000000000000e+00
0.000000000000000000e+00 0.000000000000000000e+00 0.000000000000000000e+00
0.000000000000000000e+00 0.000000000000000000e+00 0.000000000000000000e+00
0.000000000000000000e+00 0.000000000000000000e+00 0.000000000000000000e+00
0.000000000000000000e+00 0.000000000000000000e+00 0.000000000000000000e+00
0.000000000000000000e+00 0.000000000000000000e+00 0.000000000000000000e+00
0.000000000000000000e+00 0.000000000000000000e+00 0.000000000000000000e+00
0.000000000000000000e+00 0.000000000000000000e+00 0.000000000000000000e+00
