2.316426299755012855e-08 1.638365121175832706e-08 1.456856297478351619e-09
1.672650384968901350e-07 1.196324618368459469e-07 1.947795280991209763e-08
4.526570686699539697e-07 3.401715942582579831e-07 8.110583474173983518e-08
8.745913071412758591e-07 6.669301557228622948e-07 2.047300757618751019e-07
1.435503638172809887e-06 1.121355530530883209e-06 4.161580450470083609e-07
2.115854515536993270e-06 1.694567780938406898e-06 7.102668804551569971e-07
2.904697198621476236e-06 2.349166979577991207e-06 1.084549449119049495e-06
3.833920778261058551e-06 3.164564580215791384e-06 1.576113788022181542e-06
4.836932570401402561e-06 4.067467917067484809e-06 2.171731320844862004e-06
5.898798109440468127e-06 5.037246400237145927e-06 2.808885796456560127e-06
7.148356745746358143e-06 6.223804329815587225e-06 3.666447687467974731e-06
8.392716987702546937e-06 7.365918129335182028e-06 4.663155778973334009e-06
9.820278890843816866e-06 8.577963562223379139e-06 5.627286025236250955e-06
1.109281838632725235e-05 1.001117126269184307e-05 6.865789884231185488e-06
1.261382194792556765e-05 1.140778320680520787e-05 8.169615518494613304e-06
1.403742159658827417e-05 1.301500626313550438e-05 9.285527528491867148e-06
1.564768983384765211e-05 1.446695543453311370e-05 1.057888314731877366e-05
1.752726531210514077e-05 1.613990016870716496e-05 1.205466798627089097e-05
1.893840224708964490e-05 1.768166328345065070e-05 1.339920746619521923e-05
2.039780167625803960e-05 1.947391638051058525e-05 1.523311086561509058e-05
2.227136000471861268e-05 2.118063203711000690e-05 1.678872276153805371e-05
2.381352000798497246e-05 2.269310243806617211e-05 1.878112097765391518e-05
2.533139210350363233e-05 2.461711204084264935e-05 2.026335802605560245e-05
2.753215845894280557e-05 2.634199967961111538e-05 2.279064898111293286e-05
2.924656980364945182e-05 2.826909177652203395e-05 2.387601663195481244e-05
3.078664253146318170e-05 2.968179679246708483e-05 2.601675958038412521e-05
3.221193143467555045e-05 3.187330190883239789e-05 2.815864767833783190e-05
3.383218253974626199e-05 3.345436930909575092e-05 3.014353815403264763e-05
3.586559840462865415e-05 3.561276530789212244e-05 3.151477216479905746e-05
3.748434313333233090e-05 3.731150454964742583e-05 3.362827131791230065e-05
3.871851752421050208e-05 3.940593333200711861e-05 3.486525277113288130e-05
3.998709743048037247e-05 4.115526643480213985e-05 3.629038000505667758e-05
4.190341408832077012e-05 4.251008326041790620e-05 3.839304531621194069e-05
4.367984632173368850e-05 4.400408534025153573e-05 4.082163000219203082e-05
4.497340999674565140e-05 4.602394222207790330e-05 4.330545453941777548e-05
4.630315794836412536e-05 4.734239464577022065e-05 4.501557949255073523e-05
4.835521116945481362e-05 4.913195139354908068e-05 4.557051106720468866e-05
4.930944241797871532e-05 5.062312564049226561e-05 4.762547584289947891e-05
5.052972312487272904e-05 5.197881538995401839e-05 4.894706026154166476e-05
5.225895716417497307e-05 5.308873371705116994e-05 5.065948254678902311e-05
5.301608876210157299e-05 5.502474616828310634e-05 5.273536822864018867e-05
5.396099408265159539e-05 5.598112944950196492e-05 5.350943953717494559e-05
5.582521780030689845e-05 5.708080315786249152e-05 5.226266577210873039e-05
5.605773686843278959e-05 5.818584205520395885e-05 5.685479093365789800e-05
5.753715431560287979e-05 5.994087985708914930e-05 6.086996768001360974e-05
5.857898254509452793e-05 6.041544806527202239e-05 5.823365771349657023e-05
5.991397403480643865e-05 6.258229238981824049e-05 6.112190339839675265e-05
6.111857970103062062e-05 6.200977985366486255e-05 6.293629384285888070e-05
6.151760164437543375e-05 6.364718439324377932e-05 6.218251167210928640e-05
6.209746983732519906e-05 6.482527028597356497e-05 6.382163055011662106e-05
6.335421091785107281e-05 6.609018837971953741e-05 6.477020778371814702e-05
6.428483643342052835e-05 6.656402297091035215e-05 6.719740246831903475e-05
6.477051677223346303e-05 6.773612747271133138e-05 6.746015872947579248e-05
6.553562198368027380e-05 6.862215127386224630e-05 6.793041694277997928e-05
6.609059665175403067e-05 6.922731739631432925e-05 6.893117020558788596e-05
6.697814166803959873e-05 6.885316971632369012e-05 7.158739484402110338e-05
6.664424689905166697e-05 6.993215112981404722e-05 6.908651553065194961e-05
6.764568670612101052e-05 7.041140811048490072e-05 7.107347779082123220e-05
6.772828194000343402e-05 7.170763810860876844e-05 7.441792436954370715e-05
6.815904446308753155e-05 7.226389013196323754e-05 7.267996200424869501e-05
6.906854450815333880e-05 7.154753712789672362e-05 7.154222934523808664e-05
6.869316236604389658e-05 7.226227855262984888e-05 7.194331566123617593e-05
6.875544794697141461e-05 7.262616615746967904e-05 7.542194639237449706e-05
6.966032661011011267e-05 7.374511768308143929e-05 7.763690360347085624e-05
7.021797341136036877e-05 7.380585586662955031e-05 7.578922665489595811e-05
7.015905490855519114e-05 7.364744417574483129e-05 7.734463951995764407e-05
7.017655756418007471e-05 7.275204897537545601e-05 7.624604702962215505e-05
7.014498084807330571e-05 7.257033929403404904e-05 7.637865331132167343e-05
7.035205195077248025e-05 7.304137573118404773e-05 7.940419055610216186e-05
7.069719993749316097e-05 7.554338216067729478e-05 7.270879251464666367e-05
7.156166499559937300e-05 7.399348037041980088e-05 7.660478557685238942e-05
6.997359538187150586e-05 7.533915829169864195e-05 7.654834021573505957e-05
7.077048014656019462e-05 7.283291832229839573e-05 7.331436823196438031e-05
7.059316332068689653e-05 7.347271289494888781e-05 7.523311235032300399e-05
7.030761720460876785e-05 7.333015834759659527e-05 7.353934593247450798e-05
7.077527479688473636e-05 7.307941326957902248e-05 7.549026939376659597e-05
6.988532744116176274e-05 7.326423058624158356e-05 7.689107095083406790e-05
7.134752073981238843e-05 7.209785442825420723e-05 7.125520652740292143e-05
7.067635324454736795e-05 7.431725693008728610e-05 7.512662824499657867e-05
6.951561062514575800e-05 7.269843196884932248e-05 7.217617519272189657e-05
6.927401817708107087e-05 7.269482338942434303e-05 7.536119736623709490e-05
6.982485887301813051e-05 7.093835923475989033e-05 6.992305116638506779e-05
6.975409575591476352e-05 7.180890697459990310e-05 7.188538580109948915e-05
6.878725284204144298e-05 7.154758811324584496e-05 7.707249752668297535e-05
6.988722251436639251e-05 7.293332114334740324e-05 7.480886784635908614e-05
6.684678035538313932e-05 7.242480761140737927e-05 7.237599868534768733e-05
6.735639305297639354e-05 7.140500544083143160e-05 7.108068976717240607e-05
6.636787807116891283e-05 7.048922936080962364e-05 7.272602230152937859e-05
6.725423052968247802e-05 6.764404791713013465e-05 7.353063855666814978e-05
6.699183864368946962e-05 6.910336699826473731e-05 7.071301834544998154e-05
6.709075631590699336e-05 6.710580588077635206e-05 7.163548420520606940e-05
6.669705248791091084e-05 6.857991629170301655e-05 7.127403507206455150e-05
6.542525748251213637e-05 6.599134822839422564e-05 6.577946619313972381e-05
6.531305985483031008e-05 6.718406948685684652e-05 6.861215021916824031e-05
6.448839187492658870e-05 6.610104483471373723e-05 6.627409531684517877e-05
6.178943056194198980e-05 6.390714145188329759e-05 6.469661238187037020e-05
6.357781756448824110e-05 6.417809117083010293e-05 6.542000527990432860e-05
6.263181767936660269e-05 6.585845210855715377e-05 6.221720364708198999e-05
6.417077806036199246e-05 6.392756519796808496e-05 6.687184505976168666e-05
6.154184863310797188e-05 6.402629834613397125e-05 6.558206313575345775e-05
6.255636318114240211e-05 6.546807676253345396e-05 6.312194260786576554e-05
6.068615641904916911e-05 6.081287927795303258e-05 6.712026336416902262e-05
6.137504672475347549e-05 6.211938826217915446e-05 6.297804685251956415e-05
5.861706521885319738e-05 6.052747702427942341e-05 6.201386437228215522e-05
5.919696633502314308e-05 6.240342212085540604e-05 6.512996646813956029e-05
5.912065350805546028e-05 6.132363638248251338e-05 6.573091028351221905e-05
5.996043239323139024e-05 5.800076782053420433e-05 6.013157522752280440e-05
5.919260821889885495e-05 5.981737062003832805e-05 5.679930469666379707e-05
5.930287492970588356e-05 6.073961889172667416e-05 6.024091976711653368e-05
5.602400277298842012e-05 5.876326679245225896e-05 5.464825489665640370e-05
5.642148778102360824e-05 5.565359451322722604e-05 5.704360647107742805e-05
5.661828442894174259e-05 5.752781423891844311e-05 5.602564151806840328e-05
5.699545792139003514e-05 5.840401903238834829e-05 5.599502247134624413e-05
5.543489985560074384e-05 5.530852212237252459e-05 5.948755057275751187e-05
5.692846091750859510e-05 5.283751612773231838e-05 5.640404771506367512e-05
5.481029072944892315e-05 5.344102954526407475e-05 5.902481362751101649e-05
5.433861731348528946e-05 5.341725112673256163e-05 5.521169406562665810e-05
5.281638300579677317e-05 5.290009824067627345e-05 5.644044573878134274e-05
5.148882110365366285e-05 5.236105809458990490e-05 4.866640607226967966e-05
5.162546625399542220e-05 5.028912800724852437e-05 5.168766003323413091e-05
5.132464568744845321e-05 5.085454659839139078e-05 5.831224104379840605e-05
5.063469491380728717e-05 5.328664856920326437e-05 5.627884061001380613e-05
5.112132167687791142e-05 5.077242445524327269e-05 4.972503004240031230e-05
5.106410028046692493e-05 4.786414210557077427e-05 5.771656055606366498e-05
4.855816649448584641e-05 4.858583102103803823e-05 5.186430482614593645e-05
4.811627965042073151e-05 4.634140020082883841e-05 5.123160179152211650e-05
4.762125011382029705e-05 4.660083259219749158e-05 4.796895482437965602e-05
4.787483387044912705e-05 4.722139536384296308e-05 5.337583673045575184e-05
4.611320261473855558e-05 4.500223004540744706e-05 5.049099454345018457e-05
4.679686728891701132e-05 4.567725867427864880e-05 4.921807064924661398e-05
4.571599202430644949e-05 4.353396134142279280e-05 4.827768992327298371e-05
4.678372281048633942e-05 4.371099283111644623e-05 4.761074351229958624e-05
4.450025497262225703e-05 4.358114896237346418e-05 4.939608672677134625e-05
4.394464455378587159e-05 4.263325742545933641e-05 5.213599598522907961e-05
4.587734580603481630e-05 4.443785940095730085e-05 3.966667010190948374e-05
4.280709114443662826e-05 4.080399700240031801e-05 4.547583236228891056e-05
4.308980155378773339e-05 4.316069292714474717e-05 4.142914199916565327e-05
4.163519093404399686e-05 4.024385043031320755e-05 4.839590162470188729e-05
4.157098386936041633e-05 4.129217623512489274e-05 4.497053180985513023e-05
4.005034138573670749e-05 3.998584524555266506e-05 4.027162300944763478e-05
4.040287388825767337e-05 3.773084663691132767e-05 3.844297239622625228e-05
3.898262651262833723e-05 3.865645391958314511e-05 3.531619706034053760e-05
3.714209237472140205e-05 3.880870912126568661e-05 3.582013957839172446e-05
3.950601608711345038e-05 3.764945301493571574e-05 3.758208446894998272e-05
3.815523375074967585e-05 4.054316857370230748e-05 3.619833205830987977e-05
3.762021930455889686e-05 3.763093744358816652e-05 3.603406926296226921e-05
3.805161074730091032e-05 3.827892793147355088e-05 4.047077106668699154e-05
3.813167393581803173e-05 3.633615082051349363e-05 3.682456279600439177e-05
3.623918136854655436e-05 3.704085338719549533e-05 3.868695996721009558e-05
3.459879447216881462e-05 3.277768332299291730e-05 3.623609935952431437e-05
3.589531008301705784e-05 3.419856636902289542e-05 3.324685149310001450e-05
3.418356351474484390e-05 3.318677529443125158e-05 3.837541224584114656e-05
3.523930897721095582e-05 3.305377710433289259e-05 3.532034944101900882e-05
3.249000662758576416e-05 3.437050277532555483e-05 3.364381222260459957e-05
3.299150859664314983e-05 3.154927958825701830e-05 3.552698808844286492e-05
3.318753143438059794e-05 3.422866924872691014e-05 3.007557690677377260e-05
3.334721678421470901e-05 2.997122404061298783e-05 3.296390485080091798e-05
3.146896503751586580e-05 3.165721734635974668e-05 2.956899752761502317e-05
3.142283439763174282e-05 3.163880537190742672e-05 3.612647202868476791e-05
2.992076435291084774e-05 3.117598488027417648e-05 3.319720119930102893e-05
3.030053910473370525e-05 2.957263792031867148e-05 2.943236516669360447e-05
3.241384993890805499e-05 3.023610153692965141e-05 2.713355968217378130e-05
2.911181677552744410e-05 2.957279080697355924e-05 3.231449665356175816e-05
3.181118330912019985e-05 2.656050112081107290e-05 2.316858339158201749e-05
2.901636701002099127e-05 2.933300353011637649e-05 3.089950064039210186e-05
2.888877319120246133e-05 2.556358293627793550e-05 3.044840408776177383e-05
2.995990947501606889e-05 2.508907395002639673e-05 2.996484631476113353e-05
2.875441309555196658e-05 2.660722660312336190e-05 2.547785564425284873e-05
2.770264645059417608e-05 2.445819342000095137e-05 2.691408772977169636e-05
2.929406508974527414e-05 2.670674690606575531e-05 2.517954504984481405e-05
2.658690761579456574e-05 2.411406271789411722e-05 2.816274451248424138e-05
2.609317746131057541e-05 2.273294631928508128e-05 2.605515688762386433e-05
2.623893343398406010e-05 2.686334122676096189e-05 2.819648819849744880e-05
2.556461214504711653e-05 2.479315393686074709e-05 2.055803440211750253e-05
2.552410416956803332e-05 2.537380055655812013e-05 3.012612004090828711e-05
2.543058814541931156e-05 2.467701253380749922e-05 2.510955054495112935e-05
2.445482089706430329e-05 2.389847203658060696e-05 2.540612885124182398e-05
2.558945120429511981e-05 2.327885094463181197e-05 2.344409611617189731e-05
2.209970439144470149e-05 2.294432919322266821e-05 2.339351106105004094e-05
2.336681583485111490e-05 2.029056231815430745e-05 2.364187176285509291e-05
2.210702892133409821e-05 2.044809280938898337e-05 2.291524497640195026e-05
2.185939375481330609e-05 2.303775813026963542e-05 1.679292977493961406e-05
2.251397273236278390e-05 2.229304564433584669e-05 2.106394495468696601e-05
2.065206065443557718e-05 2.050194503218755093e-05 2.367677246159152968e-05
2.018209525020568987e-05 1.963535205562528090e-05 2.291933980343219322e-05
2.354610246167802203e-05 2.011174485986375111e-05 1.824145381520126904e-05
2.175748896613399939e-05 2.007127815726055228e-05 2.411022625094854659e-05
2.137094194390454227e-05 2.153721896475949886e-05 1.792648001180125996e-05
2.174338168798773974e-05 1.795336515622511441e-05 2.173822572714390023e-05
2.226636252380215594e-05 1.827591944631173039e-05 1.976619357194837729e-05
1.959153882117514319e-05 2.018060990108974545e-05 1.961967963962479766e-05
1.959518304759764955e-05 1.811694427363953286e-05 1.646200980887905005e-05
1.853129841328901272e-05 1.879001572765191940e-05 1.511307038763052246e-05
1.995589410332343033e-05 1.926752175877714099e-05 1.411947756887409144e-05
1.778510549692881293e-05 1.647116724822560610e-05 1.620485070936520533e-05
1.865271729949542567e-05 1.621427765874633765e-05 1.246483227657411496e-05
1.815420510562159001e-05 1.798163275041901569e-05 1.219722816082678331e-05
1.833717362373283352e-05 1.749703309107488895e-05 1.391398803625292521e-05
1.804451740509534978e-05 1.567046059969094685e-05 1.406371118415302544e-05
1.703152592950282570e-05 1.440314569068719840e-05 1.663962459371381717e-05
1.534381084518553220e-05 1.819422091390639911e-05 1.640792284189814484e-05
1.765250354922025825e-05 1.507772931783836866e-05 1.901526201201948570e-05
1.581700924856872250e-05 1.553701575452196525e-05 1.755804533112140828e-05
1.749319835734288014e-05 1.506612525573057976e-05 1.732110030651153601e-05
1.458854679538647719e-05 1.695204471460007103e-05 1.705361266877417062e-05
1.519365833033319834e-05 1.512296312795554428e-05 1.419498542607205106e-05
1.615782353622042037e-05 1.511149795634698182e-05 1.346813115013489633e-05
1.613909110289952898e-05 1.517530798077976407e-05 1.316720717624669633e-05
1.498992352870703878e-05 1.450926535752234717e-05 9.321618577661568923e-06
1.358020607416271400e-05 1.490030300018378091e-05 1.343222271590067664e-05
1.491263517331139701e-05 1.303474324420092179e-05 1.624851007143745710e-05
1.523989206929772140e-05 1.517390663643642656e-05 1.277262688652037789e-05
1.458193249536692019e-05 1.293948355025554073e-05 9.211985878194211817e-06
1.329868938073068985e-05 1.401028857192622510e-05 1.162495508614134651e-05
1.310798081311918545e-05 1.275533003574519702e-05 8.909512867526849598e-06
1.462232521449304088e-05 1.295906037354403346e-05 1.279083782685011466e-05
1.405275605477867949e-05 1.184329723494696049e-05 1.291245663245552400e-05
1.237933412793974920e-05 1.293060585117243438e-05 1.302756141596051832e-05
1.242822770758200618e-05 1.170434347394566437e-05 9.736471262886929064e-06
1.293474377075018423e-05 1.099303337919820708e-05 1.327056177951277765e-05
1.179475423940258697e-05 1.283343184578349703e-05 9.424800781071208507e-06
1.203710511675700419e-05 1.156390057206520153e-05 1.600007187536660270e-05
1.160683811049278085e-05 1.054544193890384276e-05 1.009933693050431912e-05
1.272501909140033153e-05 1.177502549917708175e-05 8.150506091795232971e-06
1.277641593285460962e-05 9.218207007485870597e-06 1.028921173572135909e-05
1.323808473794085407e-05 9.777685405696355839e-06 9.858297209408347443e-06
1.153595526148507754e-05 1.025402491351539546e-05 1.307173016127163009e-05
1.107572071575520650e-05 9.466430596147676948e-06 6.860292980488706392e-06
9.960319654219515885e-06 8.661068703747136044e-06 8.518520926199051624e-06
9.258111606049301015e-06 1.002887587161803934e-05 9.664230011733556224e-06
1.035804514025995148e-05 8.313992295112108242e-06 1.192250273163430533e-05
1.132139272049314808e-05 1.050809487651581667e-05 7.649223018988034951e-06
1.031411736588481258e-05 9.375016827946214761e-06 6.060307811394101437e-06
9.364374399618435337e-06 8.733407452626904785e-06 1.111110526317417151e-05
9.293681604506814784e-06 7.877296151482136304e-06 5.604120608388628516e-06
1.058467859007068502e-05 8.890204544098082595e-06 8.486798161399313565e-06
8.081932836165691257e-06 7.696268468200424806e-06 1.027159437960153748e-05
1.160430268229112797e-05 8.399609672659119058e-06 4.020820136942600173e-06
8.993616767087482522e-06 6.329062314381820833e-06 5.796817582121627750e-06
8.521920689828197976e-06 7.460868773440285311e-06 8.189868772958952198e-06
7.571529911493613564e-06 8.721260524323697232e-06 7.088218873565078887e-06
7.549990522282976614e-06 7.473038405143225375e-06 7.131485803630946046e-06
8.976259660667872483e-06 6.985992824822505332e-06 4.794849752942265158e-06
7.922002829400218531e-06 7.605708706859379201e-06 9.064966625818166046e-06
7.820537301256043255e-06 7.549944616438361973e-06 6.705643259880894910e-06
9.037976397272172381e-06 6.818272580143456533e-06 1.168327470212953626e-05
5.965235606150427824e-06 8.247896947970863540e-06 1.176616199117578557e-05
7.264068889560629670e-06 6.123297341646444410e-06 6.251830866937596820e-06
7.658953715668808518e-06 9.661025469061485568e-06 5.035942556549642362e-06
7.810954541629671165e-06 5.984982926483975549e-06 5.076770709924158455e-06
7.612977748397028018e-06 6.035141346876540916e-06 5.754980485716015796e-06
8.447217244522019279e-06 6.081789516947211988e-06 5.804731233231633645e-06
6.690943915192823582e-06 6.611564277377897239e-06 3.256224374894924569e-06
6.395363141845679196e-06 7.511915718912053393e-06 6.555410598197792848e-06
7.153230714967793376e-06 7.813691812308267250e-06 9.258458025922274088e-06
7.653108905134362351e-06 5.906487733657980679e-06 7.987256041576822502e-06
7.353886012276327229e-06 7.686442488086614808e-06 4.030186320075408276e-06
6.869524654656115011e-06 5.878907441520677023e-06 4.741157241401932197e-06
4.919172608649410003e-06 6.676581163250345793e-06 2.720326935606944430e-06
6.790142397723508398e-06 6.093496572537611847e-06 5.491128616536455902e-06
7.395173702086922991e-06 4.735393742830965548e-06 6.926863361513468923e-06
5.966573324897627051e-06 4.507808959527870356e-06 6.969459327329736679e-06
5.540132758012829311e-06 7.013994633860795969e-06 5.626357709530347490e-06
5.771841164634548996e-06 4.711671115830054667e-06 2.127703481616130709e-06
5.815162392746456025e-06 5.144487430978193430e-06 9.275289277859983988e-06
4.036510318572947241e-06 4.385776264100757833e-06 5.752830782707276179e-06
6.677918961465034331e-06 6.563998564115250314e-06 9.408697818579088199e-06
5.656604901485716716e-06 4.448514579451931361e-06 9.492563535963427913e-06
4.911031672322946327e-06 7.340864835710820639e-06 5.148847720229916968e-06
5.344337327140586507e-06 4.931896283615415514e-06 7.398818208066437220e-06
5.385938486575308615e-06 4.276052549469395325e-06 1.494258580956052783e-06
5.321015750257443090e-06 3.614488062440519786e-06 3.009976056792254847e-06
5.158685910101601786e-06 4.758832409888229461e-06 6.050358471264653262e-06
4.686894609598162173e-06 4.936514197359727926e-06 3.055132858071871334e-06
4.519644260593687866e-06 4.829538230696213720e-06 3.835122091522406420e-06
4.758662697365298588e-06 5.005695113022701063e-06 3.094109357029966021e-06
4.270513542345935264e-06 5.043656102493042515e-06 7.012393745150017635e-06
4.932694202447064145e-06 3.339220832686870359e-06 4.705195855200450524e-06
3.276080165134690740e-06 4.532040694805317844e-06 3.161888919480364556e-06
4.046203856819853267e-06 3.536337375980209476e-06 3.186239432359576901e-06
4.180828976213915558e-06 3.562318154019419679e-06 2.409271528830378596e-06
3.348314600119403912e-06 4.032825561225301902e-06 7.273218556784046794e-06
3.589078820358933503e-06 3.761538872536398738e-06 8.110462720843398938e-07
5.477088516602382616e-06 4.545760342669341620e-06 4.916338585537120895e-06
3.197069237195890728e-06 4.273406832541032804e-06 1.652605801182427009e-06
4.664908768871481334e-06 3.995152689211543194e-06 2.497989196627732132e-06
2.796658911077270975e-06 2.940621428263788581e-06 2.512934085725483705e-06
4.167934991252360681e-06 3.426407399830886146e-06 3.371734922226722442e-06
4.085017951704223470e-06 2.980905836898194278e-06 5.942890356838129414e-06
5.140584625490039886e-06 4.109167488194163869e-06 1.712120679327203146e-06
5.172836233804264861e-06 3.338767540077450259e-06 8.596097369540025688e-07
4.053928691190325181e-06 3.043147893644521891e-06 1.730609319681249569e-06
4.199806044655492872e-06 4.033725602434306334e-06 3.496718698887091440e-06
3.052574892353202344e-06 4.712290799468737814e-06 3.511066935987609240e-06
2.483188730780217918e-06 4.579639990997187922e-06 2.649901847181613030e-06
3.213498772508882163e-06 4.280409620007435556e-06 2.666976155992168282e-06
3.956263527758636662e-06 2.815482177624110835e-06 8.976849754794527524e-07
4.221367307796260978e-06 2.004199875173851272e-06 3.608435927200705336e-06
3.521615414733213416e-06 1.679900325722580529e-06 1.816979428505898102e-06
3.423090402353704876e-06 2.536515542778310656e-06 1.827709830550004927e-06
2.831386284480298933e-06 2.553257672374908171e-06 2.767390464612541718e-06
2.974882664249371472e-06 3.424724201453940226e-06 9.286899759549829041e-07
2.994118239403584561e-06 2.929818037375163584e-06 1.868723519785164470e-06
1.883517352837450990e-06 2.430236505619702655e-06 1.880100800684821000e-06
2.526804276558878209e-06 3.495181573150812498e-06 2.837021665161344775e-06
3.307879869263080227e-06 2.638209356071155483e-06 9.507315872452950012e-07
3.073853369133291280e-06 2.305342231451522098e-06 3.836381124491953295e-06
3.220843235177967515e-06 3.030035565494650670e-06 1.929466753026312131e-06
2.722518229276973564e-06 2.692062806814394645e-06 0.000000000000000000e+00
1.957779679338639748e-06 2.710617762903484083e-06 0.000000000000000000e+00
2.364707234868144160e-06 2.363578974028092566e-06 1.963491990115996802e-06
2.645698214594980096e-06 2.560880481391060438e-06 4.947665540500820102e-06
1.995483132999775015e-06 2.209717837937211468e-06 1.993986187685132620e-06
2.544726960061983258e-06 1.482099358650830223e-06 5.010895802811498620e-06
2.021596269614245598e-06 1.305794896683428289e-06 1.009660305878184646e-06
2.440496202038367796e-06 3.380306322861018643e-06 2.029348506822768607e-06
1.092102819898183838e-06 1.698709433172015190e-06 2.039910849603132367e-06
2.335048907582047736e-06 2.851471977977573034e-06 1.029524114533370153e-06
1.935786388083956978e-06 3.058705126020730919e-06 0.000000000000000000e+00
1.809662779164269112e-06 7.699565092353360700e-07 2.082184224528545274e-06
2.519959917495510658e-06 2.323579484763396265e-06 2.093410580082987619e-06
1.267733950724665345e-06 1.946108898983280076e-06 1.051414408846044637e-06
2.127391647242521242e-06 1.766086238637757118e-06 3.186284796448634178e-06
2.281938571189280909e-06 1.974416288239301103e-06 4.263491725075310838e-06
1.865462250157947755e-06 1.389804810171109862e-06 1.070889506002868514e-06
2.886785470622514645e-06 1.197738634376759777e-06 2.161388439083828583e-06
1.162213775883924367e-06 8.043599951417102194e-07 2.173356317996171793e-06
1.607809048286737259e-06 1.212558077162670466e-06 2.187496614597818086e-06
1.323045634603150374e-06 1.832047803167585331e-06 2.201143878614287048e-06
1.628408290353148522e-06 1.432569063639466423e-06 1.105266657461121236e-06
2.829283916037687306e-06 2.266063265125075256e-06 1.114148048607664686e-06
1.199353635052301062e-06 6.214353756827598964e-07 3.360539505633737662e-06
1.356995719022191122e-06 1.875973553515026744e-06 0.000000000000000000e+00
1.212117584744690669e-06 3.354894185787181421e-06 1.136098507451402492e-06
1.676082048874419456e-06 1.898409979368267685e-06 0.000000000000000000e+00
9.195704391326215094e-07 6.380438614528446100e-07 2.297868813988886300e-06
1.698910043544916261e-06 1.068275706053292529e-06 1.153044768777484334e-06
1.397957550742899100e-06 1.289956519283432117e-06 1.158813073789463839e-06
1.405181775499898060e-06 1.730400555226428833e-06 1.165974725374240800e-06
1.414016760353325558e-06 4.345312801823311988e-07 0.000000000000000000e+00
1.263960223394641238e-06 1.750589148397129955e-06 2.366561059484281572e-06
1.590502444494726990e-06 1.537288149448242615e-06 0.000000000000000000e+00
1.759643327901516222e-06 1.770480880662422247e-06 1.199034621175982521e-06
1.446597297701065545e-06 8.903903422499811188e-07 0.000000000000000000e+00
2.102423132889421898e-06 2.014251160507830345e-06 0.000000000000000000e+00
1.464062563278642422e-06 6.760848030949979301e-07 1.217569604700145638e-06
2.289762269006259900e-06 2.038646541287130623e-06 1.224627555282777926e-06
1.646565791990250692e-06 6.832486353548723994e-07 1.228872116442945363e-06
9.926750656892140970e-07 1.144959873573458530e-06 0.000000000000000000e+00
1.165293373987471732e-06 1.151962606732725246e-06 2.488998752169255751e-06
8.361621794683914925e-07 1.620709289108569851e-06 1.255066059457685650e-06
1.514557205989372549e-06 4.658506668766991510e-07 3.775223788916985774e-06
1.185809580617244516e-06 1.169322395518675752e-06 3.806241370584121559e-06
1.532156635597680264e-06 4.712205111859996019e-07 0.000000000000000000e+00
8.567997516223629035e-07 1.658991813026246977e-06 0.000000000000000000e+00
1.033820283781386990e-06 1.904234730415740610e-06 0.000000000000000000e+00
1.038516962716183935e-06 1.677601411144910155e-06 1.292840654826013419e-06
1.045757466964109717e-06 7.217324818582368554e-07 0.000000000000000000e+00
3.499258886246692990e-07 9.688587767434540677e-07 0.000000000000000000e+00
8.813319193470725881e-07 7.301626328200373588e-07 0.000000000000000000e+00
5.312566842779071646e-07 1.470858677655399044e-06 1.326757458688435551e-06
7.126860729252304497e-07 1.972420793662191612e-06 0.000000000000000000e+00
1.074338194024832343e-06 7.433376223531685220e-07 0.000000000000000000e+00
3.594443830848893893e-07 1.993039357544648705e-06 0.000000000000000000e+00
1.086983439095881262e-06 2.509974462936100058e-07 0.000000000000000000e+00
3.641324402582136289e-07 1.007074973546220649e-06 0.000000000000000000e+00
3.655282997328555416e-07 1.014916761001246344e-06 2.734759977445172176e-06
7.357766005597364607e-07 1.017242439945563713e-06 1.375458125450471640e-06
1.110204372781098585e-06 1.281378438701399875e-06 0.000000000000000000e+00
9.317570928636030421e-07 1.285162053041378920e-06 1.390781772055820146e-06
5.619128915759700548e-07 1.552292417518879537e-06 0.000000000000000000e+00
3.754173140106853274e-07 2.601607345344276930e-07 1.405887360991355983e-06
5.683584336465834691e-07 2.618444367609096203e-07 1.413470751742211550e-06
7.604563938663563759e-07 5.257713983007443597e-07 0.000000000000000000e+00
3.830229050360413057e-07 2.642672138465646687e-07 0.000000000000000000e+00
9.614649936423671174e-07 5.319849914559676054e-07 1.435118805082920881e-06
0.000000000000000000e+00 0.000000000000000000e+00 1.448924582322810217e-06
5.822652323921281863e-07 2.688613531337494914e-07 0.000000000000000000e+00
5.860161173978659855e-07 2.704015306521068737e-07 1.457856657232164163e-06
1.960134460590129173e-07 1.358012613486209906e-06 1.469602301062177155e-06
3.951346892486622788e-07 1.365753054775071011e-06 1.475492795390294902e-06
7.936772796678950875e-07 5.485429836582238853e-07 2.968080590837521305e-06
7.988448664332821227e-07 1.102673462556863942e-06 1.492610640671931717e-06
1.401863810664853403e-06 5.537326459428894775e-07 0.000000000000000000e+00
0.000000000000000000e+00 8.374047165161013855e-07 0.000000000000000000e+00
8.099026190404327378e-07 0.000000000000000000e+00 3.027822534197851065e-06
6.112155130573737954e-07 5.636612062016669908e-07 0.000000000000000000e+00
2.047515042542428486e-07 1.133396526732032894e-06 0.000000000000000000e+00
2.058518617422539737e-07 0.000000000000000000e+00 0.000000000000000000e+00
2.072527158624240999e-07 2.864566719666708782e-07 1.544556520557416750e-06
8.312241937225460678e-07 5.755623162727756686e-07 0.000000000000000000e+00
0.000000000000000000e+00 2.894631421454415540e-07 0.000000000000000000e+00
6.299069423014377228e-07 2.897587389014168531e-07 1.573906107096743765e-06
4.221520748105235088e-07 5.834863307651817916e-07 0.000000000000000000e+00
2.123006928632850585e-07 8.804887847058345148e-07 0.000000000000000000e+00
4.261952425466476846e-07 0.000000000000000000e+00 0.000000000000000000e+00
0.000000000000000000e+00 2.967786119960821902e-07 0.000000000000000000e+00
6.450620796309742760e-07 5.963734623091564355e-07 0.000000000000000000e+00
4.323834186031455552e-07 2.997784778237548234e-07 0.000000000000000000e+00
0.000000000000000000e+00 6.010617249134747581e-07 0.000000000000000000e+00
0.000000000000000000e+00 6.060100945606729007e-07 0.000000000000000000e+00
6.582960538214477755e-07 0.000000000000000000e+00 0.000000000000000000e+00
4.414641291112194293e-07 6.109186178556773748e-07 1.655055608853706033e-06
6.650074026390125042e-07 0.000000000000000000e+00 0.000000000000000000e+00
2.227992480105964699e-07 0.000000000000000000e+00 1.670209303305264412e-06
0.000000000000000000e+00 3.103968050796702555e-07 0.000000000000000000e+00
6.763571718862638714e-07 3.114381474213045958e-07 0.000000000000000000e+00
2.264291382736811560e-07 0.000000000000000000e+00 0.000000000000000000e+00
4.553506657358223798e-07 3.145726376209942914e-07 0.000000000000000000e+00
2.290590328889201527e-07 3.157444015657651456e-07 0.000000000000000000e+00
6.889667652211536576e-07 0.000000000000000000e+00 0.000000000000000000e+00
4.613425042395689271e-07 3.192106932784773646e-07 1.728154453424500176e-06
2.322889676417977202e-07 6.410311581956956685e-07 0.000000000000000000e+00
6.995257664846954513e-07 3.221968616397338180e-07 0.000000000000000000e+00
2.344548204282469404e-07 3.240702767931432931e-07 0.000000000000000000e+00
4.709924124038779341e-07 0.000000000000000000e+00 0.000000000000000000e+00
2.364490144454169602e-07 6.538439764587679274e-07 0.000000000000000000e+00
0.000000000000000000e+00 0.000000000000000000e+00 0.000000000000000000e+00
2.389992935385097052e-07 0.000000000000000000e+00 0.000000000000000000e+00
4.795983066076557478e-07 0.000000000000000000e+00 0.000000000000000000e+00
4.823465307005540974e-07 3.336457109369975099e-07 0.000000000000000000e+00
0.000000000000000000e+00 0.000000000000000000e+00 0.000000000000000000e+00
4.862533882351175108e-07 3.366984960512208642e-07 0.000000000000000000e+00
7.334387574816848988e-07 0.000000000000000000e+00 0.000000000000000000e+00
2.460830967809257297e-07 3.400854299535486229e-07 0.000000000000000000e+00
2.462221202309743485e-07 3.411112314032204331e-07 0.000000000000000000e+00
4.953220069026637834e-07 3.428457741597859354e-07 0.000000000000000000e+00
4.979753043766439218e-07 0.000000000000000000e+00 0.000000000000000000e+00
2.506448352248133860e-07 0.000000000000000000e+00 0.000000000000000000e+00
2.511126742928453249e-07 0.000000000000000000e+00 0.000000000000000000e+00
0.000000000000000000e+00 0.000000000000000000e+00 0.000000000000000000e+00
0.000000000000000000e+00 3.515844711123321279e-07 1.902276317627941885e-06
7.646608035913919127e-07 0.000000000000000000e+00 1.911802237835493839e-06
5.113939321390416210e-07 0.000000000000000000e+00 0.000000000000000000e+00
5.148953923989469580e-07 0.000000000000000000e+00 0.000000000000000000e+00
5.167450012428819757e-07 0.000000000000000000e+00 0.000000000000000000e+00
0.000000000000000000e+00 3.599716168568865334e-07 0.000000000000000000e+00
0.000000000000000000e+00 0.000000000000000000e+00 0.000000000000000000e+00
0.000000000000000000e+00 0.000000000000000000e+00 0.000000000000000000e+00
0.000000000000000000e+00 0.000000000000000000e+00 0.000000000000000000e+00
0.000000000000000000e+00 3.665263523524505572e-07 0.000000000000000000e+00
1.062847172276122183e-06 0.000000000000000000e+00 0.000000000000000000e+00
0.000000000000000000e+00 3.699929337032191323e-07 0.000000000000000000e+00
2.682453989884376519e-07 0.000000000000000000e+00 0.000000000000000000e+00
8.071084114926565822e-07 0.000000000000000000e+00 0.000000000000000000e+00
2.703781693367334402e-07 3.735429700360447150e-07 0.000000000000000000e+00
0.000000000000000000e+00 0.000000000000000000e+00 0.000000000000000000e+00
0.000000000000000000e+00 3.769750452362842381e-07 0.000000000000000000e+00
0.000000000000000000e+00 0.000000000000000000e+00 0.000000000000000000e+00
5.503177216531918514e-07 0.000000000000000000e+00 0.000000000000000000e+00
2.763359308353567614e-07 3.827980131994725055e-07 0.000000000000000000e+00
2.776140104614542291e-07 3.840224218780531080e-07 0.000000000000000000e+00
2.789443681044358779e-07 0.000000000000000000e+00 0.000000000000000000e+00
0.000000000000000000e+00 0.000000000000000000e+00 0.000000000000000000e+00
2.817137660046650360e-07 0.000000000000000000e+00 0.000000000000000000e+00
2.833024209777624170e-07 0.000000000000000000e+00 0.000000000000000000e+00
2.836007910687030366e-07 0.000000000000000000e+00 0.000000000000000000e+00
5.711380498500001908e-07 0.000000000000000000e+00 0.000000000000000000e+00
0.000000000000000000e+00 0.000000000000000000e+00 0.000000000000000000e+00
0.000000000000000000e+00 0.000000000000000000e+00 0.000000000000000000e+00
0.000000000000000000e+00 0.000000000000000000e+00 0.000000000000000000e+00
2.905569909326798524e-07 0.000000000000000000e+00 0.000000000000000000e+00
0.000000000000000000e+00 0.000000000000000000e+00 0.000000000000000000e+00
5.860585544363120616e-07 4.042978461244059612e-07 0.000000000000000000e+00
2.937881819806771752e-07 8.136335178165474506e-07 0.000000000000000000e+00
0.000000000000000000e+00 0.000000000000000000e+00 0.000000000000000000e+00
0.000000000000000000e+00 0.000000000000000000e+00 0.000000000000000000e+00
2.982602436361210088e-07 0.000000000000000000e+00 0.000000000000000000e+00
0.000000000000000000e+00 0.000000000000000000e+00 0.000000000000000000e+00
0.000000000000000000e+00 4.155512500748763032e-07 0.000000000000000000e+00
3.019956561460609810e-07 0.000000000000000000e+00 0.000000000000000000e+00
0.000000000000000000e+00 0.000000000000000000e+00 0.000000000000000000e+00
0.000000000000000000e+00 8.422583111605390416e-07 0.000000000000000000e+00
0.000000000000000000e+00 0.000000000000000000e+00 0.000000000000000000e+00
0.000000000000000000e+00 0.000000000000000000e+00 0.000000000000000000e+00
0.000000000000000000e+00 0.000000000000000000e+00 0.000000000000000000e+00
0.000000000000000000e+00 0.000000000000000000e+00 0.000000000000000000e+00
0.000000000000000000e+00 0.000000000000000000e+00 0.000000000000000000e+00
0.000000000000000000e+00 0.000000000000000000e+00 0.000000000000000000e+00
0.000000000000000000e+00 0.000000000000000000e+00 0.000000000000000000e+00
0.000000000000000000e+00 0.000000000000000000e+00 2.356064837311422687e-06
0.000000000000000000e+00 0.000000000000000000e+00 0.000000000000000000e+00
0.000000000000000000e+00 0.000000000000000000e+00 0.000000000000000000e+00
0.000000000000000000e+00 0.000000000000000000e+00 0.000000000000000000e+00
0.000000000000000000e+00 0.000000000000000000e+00 0.000000000000000000e+00
3.213390131334906559e-07 0.000000000000000000e+00 0.000000000000000000e+00
0.000000000000000000e+00 0.000000000000000000e+00 0.000000000000000000e+00
0.000000000000000000e+00 0.000000000000000000e+00 0.000000000000000000e+00
0.000000000000000000e+00 0.000000000000000000e+00 0.000000000000000000e+00
0.000000000000000000e+00 0.000000000000000000e+00 0.000000000000000000e+00
0.000000000000000000e+00 0.000000000000000000e+00 0.000000000000000000e+00
0.000000000000000000e+00 0.000000000000000000e+00 0.000000000000000000e+00
0.000000000000000000e+00 0.000000000000000000e+00 0.000000000000000000e+00
0.000000000000000000e+00 0.000000000000000000e+00 0.000000000000000000e+00
0.000000000000000000e+00 0.000000000000000000e+00 0.000000000000000000e+00
0.000000000000000000e+00 0.000000000000000000e+00 0.000000000000000000e+00
0.000000000000000000e+00 0.000000000000000000e+00 0.000000000000000000e+00
0.000000000000000000e+00 0.000000000000000000e+00 0.000000000000000000e+00
3.393212310664369389e-07 0.000000000000000000e+00 0.000000000000000000e+00
0.000000000000000000e+00 0.000000000000000000e+00 0.000000000000000000e+00
0.000000000000000000e+00 0.000000000000000000e+00 0.000000000000000000e+00
0.000000000000000000e+00 0.000000000000000000e+00 0.000000000000000000e+00
0.000000000000000000e+00 0.000000000000000000e+00 0.000000000000000000e+00
0.000000000000000000e+00 0.000000000000000000e+00 0.000000000000000000e+00
0.000000000000000000e+00 0.000000000000000000e+00 0.000000000000000000e+00
0.000000000000000000e+00 0.000000000000000000e+00 0.000000000000000000e+00
0.000000000000000000e+00 0.000000000000000000e+00 0.000000000000000000e+00
0.000000000000000000e+00 0.000000000000000000e+00 0.000000000000000000e+00
0.000000000000000000e+00 0.000000000000000000e+00 0.000000000000000000e+00
0.000000000000000000e+00 0.000000000000000000e+00 0.000000000000000000e+00
0.000000000000000000e+00 0.000000000000000000e+00 0.000000000000000000e+00
0.000000000000000000e+00 0.000000000000000000e+00 0.000000000000000000e+00
3.581282896260799348e-07 0.000000000000000000e+00 0.000000000000000000e+00
0.000000000000000000e+00 0.000000000000000000e+00 0.000000000000000000e+00
0.000000000000000000e+00 0.000000000000000000e+00 0.000000000000000000e+00
0.000000000000000000e+00 0.000000000000000000e+00 0.000000000000000000e+00
0.000000000000000000e+00 0.000000000000000000e+00 0.000000000000000000e+00
0.000000000000000000e+00 0.000000000000000000e+00 0.000000000000000000e+00
0.000000000000000000e+00 0.000000000000000000e+00 0.000000000000000000e+00
0.000000000000000000e+00 0.000000000000000000e+00 0.000000000000000000e+00
0.000000000000000000e+00 0.000000000000000000e+00 0.000000000000000000e+00
0.000000000000000000e+00 0.000000000000000000e+00 0.000000000000000000e+00
0.000000000000000000e+00 0.000000000000000000e+00 0.000000000000000000e+00
0.000000000000000000e+00 0.000000000000000000e+00 0.000000000000000000e+00
0.000000000000000000e+00 0.000000000000000000e+00 0.000000000000000000e+00
0.000000000000000000e+00 0.000000000000000000e+00 0.000000000000000000e+00
0.000000000000000000e+00 0.000000000000000000e+00 0.000000000000000000e+00
0.000000000000000000e+00 0.000000000000000000e+00 0.000000000000000000e+00
0.000000000000000000e+00 0.000000000000000000e+00 0.000000000000000000e+00
0.000000000000000000e+00 0.000000000000000000e+00 0.000000000000000000e+00
0.000000000000000000e+00 0.000000000000000000e+00 0.000000000000000000e+00
0.000000000000000000e+00 0.000000000000000000e+00 0.000000000000000000e+00
3.870865202838801638e-07 0.000000000000000000e+00 2.886928217109453195e-06
0.000000000000000000e+00 0.000000000000000000e+00 0.000000000000000000e+00
0.000000000000000000e+00 0.000000000000000000e+00 0.000000000000000000e+00
0.000000000000000000e+00 0.000000000000000000e+00 0.000000000000000000e+00
0.000000000000000000e+00 0.000000000000000000e+00 0.000000000000000000e+00
0.000000000000000000e+00 0.000000000000000000e+00 0.000000000000000000e+00
0.000000000000000000e+00 0.000000000000000000e+00 0.000000000000000000e+00
0.000000000000000000e+00 0.000000000000000000e+00 0.000000000000000000e+00
0.000000000000000000e+00 0.000000000000000000e+00 0.000000000000000000e+00
0.000000000000000000e+00 0.000000000000000000e+00 0.000000000000000000e+00
0.000000000000000000e+00 0.000000000000000000e+00 0.000000000000000000e+00
0.000000000000000000e+00 0.000000000000000000e+00 0.000000000000000000e+00
0.000000000000000000e+00 0.000000000000000000e+00 0.000000000000000000e+00
0.000000000000000000e+00 0.000000000000000000e+00 0.000000000000000000e+00
4.075737623317252378e-07 0.000000000000000000e+00 0.000000000000000000e+00
0.000000000000000000e+00 0.000000000000000000e+00 0.000000000000000000e+00
0.000000000000000000e+00 0.000000000000000000e+00 0.000000000000000000e+00
0.000000000000000000e+00 0.000000000000000000e+00 0.000000000000000000e+00
0.000000000000000000e+00 0.000000000000000000e+00 0.000000000000000000e+00
0.000000000000000000e+00 0.000000000000000000e+00 0.000000000000000000e+00
0.000000000000000000e+00 0.000000000000000000e+00 0.000000000000000000e+00
0.000000000000000000e+00 0.000000000000000000e+00 0.000000000000000000e+00
0.000000000000000000e+00 0.000000000000000000e+00 0.000000000000000000e+00
0.000000000000000000e+00 0.000000000000000000e+00 0.000000000000000000e+00
0.000000000000000000e+00 0.000000000000000000e+00 0.000000000000000000e+00
0.000000000000000000e+00 0.000000000000000000e+00 0.000000000000000000e+00
0.000000000000000000e+00 0.000000000000000000e+00 0.000000000000000000e+00
0.000000000000000000e+00 0.000000000000000000e+00 0.000000000000000000e+00
0.000000000000000000e+00 0.000000000000000000e+00 0.000000000000000000e+00
0.000000000000000000e+00 0.000000000000000000e+00 0.000000000000000000e+00
0.000000000000000000e+00 0.000000000000000000e+00 0.000000000000000000e+00
0.000000000000000000e+00 5.985467735334406143e-07 0.000000000000000000e+00
0.000000000000000000e+00 0.000000000000000000e+00 0.000000000000000000e+00
0.000000000000000000e+00 0.000000000000000000e+00 0.000000000000000000e+00
0.000000000000000000e+00 0.000000000000000000e+00 0.000000000000000000e+00
0.000000000000000000e+00 0.000000000000000000e+00 0.000000000000000000e+00
0.000000000000000000e+00 0.000000000000000000e+00 0.000000000000000000e+00
0.000000000000000000e+00 0.000000000000000000e+00 0.000000000000000000e+00
0.000000000000000000e+00 0.000000000000000000e+00 0.000000000000000000e+00
0.000000000000000000e+00 0.000000000000000000e+00 0.000000000000000000e+00
0.000000000000000000e+00 0.000000000000000000e+00 0.000000000000000000e+00
0.000000000000000000e+00 0.000000000000000000e+00 0.000000000000000000e+00
0.000000000000000000e+00 0.000000000000000000e+00 0.000000000000000000e+00
0.000000000000000000e+00 0.000000000000000000e+00 0.000000000000000000e+00
0.000000000000000000e+00 0.000000000000000000e+00 0.000000000000000000e+00
0.000000000000000000e+00 0.000000000000000000e+00 0.000000000000000000e+00
0.000000000000000000e+00 0.000000000000000000e+00 0.000000000000000000e+00
0.000000000000000000e+00 0.000000000000000000e+00 0.000000000000000000e+00
0.000000000000000000e+00 0.000000000000000000e+00 0.000000000000000000e+00
0.000000000000000000e+00 0.000000000000000000e+00 0.000000000000000000e+00
0.000000000000000000e+00 0.000000000000000000e+00 0.000000000000000000e+00
0.000000000000000000e+00 0.000000000000000000e+00 0.000000000000000000e+00
0.000000000000000000e+00 0.000000000000000000e+00 0.000000000000000000e+00
0.000000000000000000e+00 0.000000000000000000e+00 0.000000000000000000e+00
0.000000000000000000e+00 0.000000000000000000e+00 0.000000000000000000e+00
0.000000000000000000e+00 0.000000000000000000e+00 0.000000000000000000e+00
0.000000000000000000e+00 0.000000000000000000e+00 0.000000000000000000e+00
0.000000000000000000e+00 0.000000000000000000e+00 0.000000000000000000e+00
0.000000000000000000e+00 0.000000000000000000e+00 0.000000000000000000e+00
0.000000000000000000e+00 0.000000000000000000e+00 0.000000000000000000e+00
0.000000000000000000e+00 0.000000000000000000e+00 0.000000000000000000e+00
4.803269904931296122e-07 0.000000000000000000e+00 0.000000000000000000e+00
